NAME,STUSAB,SUMLEV,REGION,DIVISION,STATE,COUNTY,AREALAND,AREAWATR,POP100,HU100,INTPTLAT,INTPTLON,P0010001,P0010002,P0010003,P0010004,P0010005,P0010006,P0010007,P0010008,P0010009,P0010010,P0010011,P0010012,P0010013,P0010014,P0010015,P0010016,P0010017,P0010018,P0010019,P0010020,P0010021,P0010022,P0010023,P0010024,P0010025,P0010026,P0010047,P0010063,P0010070,P0020001,P0020002,P0020003,P0020004,P0020005,P0020006,P0020007,P0020008,P0020009,P0020010,P0020011,P0020012,P0020028,P0020049,P0020065,P0020072,P0030001,P0030002,P0030003,P0030004,P0030005,P0030006,P0030007,P0030008,P0030009,P0030010,P0030026,P0030047,P0030063,P0030070,P0040001,P0040002,P0040003,P0040004,P0040005,P0040006,P0040007,P0040008,P0040009,P0040010,P0040011,P0040012,P0040028,P0040049,P0040065,P0040072,H0010001,H0010002,H0010003
Autauga County,AL,50,3,6,1,1,1539582278,25775735,54571,22135,32.5363818,-86.6444901,54571,53702,42855,9643,232,474,32,466,869,814,219,262,177,11,50,32,19,9,16,0,0,5,5,8,1,49,6,0,0,54571,1310,53261,52500,42154,9595,217,467,22,45,761,719,36,6,0,0,39958,39530,31910,6767,180,346,23,304,428,404,22,2,0,0,39958,828,39130,38746,31461,6738,169,341,15,22,384,363,19,2,0,0,22135,20221,1914
Baldwin County,AL,50,3,6,1,3,4117521611,1133190229,182265,104061,30.6592183,-87.7460666,182265,179542,156153,17105,1216,1348,89,3631,2723,2583,658,1035,336,35,311,63,34,7,38,12,0,15,11,14,14,128,11,1,0,182265,7992,174273,171976,152200,16966,1146,1340,79,245,2297,2205,87,5,0,0,140367,138905,122238,12272,923,1002,70,2400,1462,1398,60,3,1,0,140367,5186,135181,133937,119671,12193,876,994,62,141,1244,1198,46,0,0,0,104061,73180,30881
Barbour County,AL,50,3,6,1,5,2291818968,50864716,27457,11829,31.8706701,-85.4054562,27457,27199,13180,12875,114,107,29,894,258,254,76,49,7,2,34,54,2,4,7,0,1,2,1,5,10,3,0,0,1,27457,1387,26070,25861,12837,12820,60,107,24,13,209,206,2,0,0,1,21442,21275,10855,9647,86,80,24,583,167,163,3,0,0,1,21442,925,20517,20382,10624,9605,47,80,21,5,135,132,2,0,0,1,11829,9820,2009
Bibb County,AL,50,3,6,1,7,1612480789,9289057,22915,8981,33.0158929,-87.1271475,22915,22712,17381,5047,64,22,13,185,203,195,50,77,16,3,16,9,13,5,4,0,0,2,0,0,0,8,0,0,0,22915,406,22509,22328,17191,5024,64,22,7,20,181,175,6,0,0,0,17714,17584,13403,3975,47,14,11,134,130,128,2,0,0,0,17714,310,17404,17284,13247,3963,47,14,5,8,120,119,1,0,0,0,8981,7953,1028
Blount County,AL,50,3,6,1,9,1669961855,15157440,57322,23887,33.9774479,-86.5672464,57322,56638,53068,761,307,117,38,2347,684,662,112,330,74,8,102,12,2,0,6,3,0,2,4,7,0,21,1,0,0,57322,4626,52696,52129,50952,724,285,115,18,35,567,547,19,1,0,0,43216,42810,40515,549,227,91,23,1405,406,394,12,0,0,0,43216,2724,40492,40141,39285,524,212,89,14,17,351,341,10,0,0,0,23887,21578,2309
Bullock County,AL,50,3,6,1,11,1613056905,6056528,10914,4493,32.1017589,-85.7172613,10914,10828,2507,7666,23,20,43,569,86,82,12,28,3,0,3,8,5,2,9,0,0,3,0,0,9,4,0,0,0,10914,777,10137,10078,2392,7637,20,20,4,5,59,56,3,0,0,0,8484,8432,2164,5838,21,17,31,361,52,49,3,0,0,0,8484,485,7999,7963,2102,5821,18,17,3,2,36,33,3,0,0,0,4493,3745,748
Butler County,AL,50,3,6,1,13,2011976894,2726814,20947,9964,31.751667,-86.6819689,20947,20786,11399,9095,60,177,7,48,161,153,58,41,17,1,13,10,4,3,3,0,0,3,0,0,0,8,0,0,0,20947,191,20756,20614,11324,9047,59,174,7,3,142,139,3,0,0,0,15891,15811,9109,6504,44,119,3,32,80,76,4,0,0,0,15891,130,15761,15694,9062,6468,43,117,3,1,67,65,2,0,0,0,9964,8491,1473
Calhoun County,AL,50,3,6,1,15,1569189995,16624267,118572,53289,33.7717061,-85.8225133,118572,116597,88840,24382,540,845,96,1894,1975,1848,676,520,223,49,143,67,48,20,46,8,2,4,17,17,8,109,17,0,1,118572,3893,114679,112975,87285,24177,480,830,94,109,1704,1602,93,8,0,1,91446,90441,70313,17746,451,665,70,1196,1005,939,62,3,0,1,91446,2473,88973,88088,69294,17621,409,653,69,42,885,826,56,2,0,1,53289,47331,5958
Chambers County,AL,50,3,6,1,17,1545009282,17048142,34215,17004,32.9179433,-85.3918121,34215,33830,20112,13257,69,168,10,214,385,373,162,101,27,1,37,11,10,0,22,0,0,0,0,1,1,11,1,0,0,34215,536,33679,33352,19893,13206,57,166,7,23,327,317,10,0,0,0,26512,26332,16182,9798,58,138,6,150,180,173,6,1,0,0,26512,364,26148,25995,16037,9761,48,136,3,10,153,148,5,0,0,0,17004,13933,3071
Cherokee County,AL,50,3,6,1,19,1434075952,119858898,25989,16267,34.0695153,-85.6542417,25989,25602,24081,1208,135,54,1,123,387,376,94,206,19,12,35,9,0,0,0,0,0,0,0,1,0,11,0,0,0,25989,320,25669,25322,23929,1206,122,49,1,15,347,337,10,0,0,0,20423,20216,19090,909,105,35,1,76,207,202,5,0,0,0,20423,171,20252,20051,19005,909,99,32,1,5,201,196,5,0,0,0,16267,10626,5641
Chilton County,AL,50,3,6,1,21,1794483586,20586383,43643,19278,32.8540595,-86.7266275,43643,43137,36713,4230,155,130,55,1854,506,487,158,142,44,5,97,10,6,5,5,0,0,10,1,1,3,19,0,0,0,43643,3420,40223,39870,35395,4171,134,125,11,34,353,345,8,0,0,0,32683,32442,28046,2991,114,97,42,1152,241,234,7,0,0,0,32683,2098,30585,30421,27246,2953,105,94,9,14,164,162,2,0,0,0,19278,16558,2720
Choctaw County,AL,50,3,6,1,23,2365954748,19059251,13859,7269,31.9910082,-88.2488874,13859,13801,7731,6012,18,12,0,28,58,52,22,8,7,0,1,10,3,0,1,0,0,0,0,0,0,6,0,0,0,13859,73,13786,13730,7700,5990,18,12,0,10,56,50,6,0,0,0,10718,10685,6083,4562,16,9,0,15,33,30,3,0,0,0,10718,55,10663,10631,6058,4543,16,9,0,5,32,29,3,0,0,0,7269,5866,1403
Clarke County,AL,50,3,6,1,25,3207609488,36542656,25833,12638,31.6855211,-87.8186244,25833,25657,14070,11336,103,77,4,67,176,157,53,45,11,1,11,18,5,3,9,0,0,0,0,1,0,15,4,0,0,25833,271,25562,25406,13943,11280,96,74,4,9,156,144,12,0,0,0,19444,19351,11056,8123,69,54,2,47,93,83,10,0,0,0,19444,183,19261,19177,10965,8089,63,51,2,7,84,75,9,0,0,0,12638,10337,2301
Clay County,AL,50,3,6,1,27,1564252280,5284628,13932,6776,33.2678085,-85.862051,13932,13697,11380,2066,55,24,0,172,235,227,86,98,6,2,19,10,0,2,3,1,0,0,0,0,0,8,0,0,0,13932,399,13533,13317,11186,2048,55,23,0,5,216,208,8,0,0,0,10788,10683,8966,1528,46,19,0,124,105,101,4,0,0,0,10788,261,10527,10430,8849,1516,46,18,0,1,97,93,4,0,0,0,6776,5670,1106
Cleburne County,AL,50,3,6,1,29,1450652767,2365681,14972,6718,33.671981,-85.516109,14972,14812,14079,498,51,23,10,151,160,156,59,57,18,0,15,0,1,0,1,4,0,1,0,0,0,2,1,1,0,14972,307,14665,14528,13956,494,50,23,1,4,137,135,0,1,1,0,11421,11356,10820,379,41,16,9,91,65,63,0,1,1,0,11421,185,11236,11176,10740,377,40,16,0,3,60,58,0,1,1,0,6718,5891,827
Coffee County,AL,50,3,6,1,31,1758528786,3944730,49948,22330,31.4021833,-85.9892014,49948,48701,37330,8359,645,644,100,1623,1247,1144,284,398,218,18,111,28,30,3,21,11,1,4,8,3,6,99,4,0,0,49948,3180,46768,45725,36134,8257,602,629,51,52,1043,967,74,2,0,0,37864,37257,29045,6090,470,526,74,1052,607,559,46,2,0,0,37864,2007,35857,35330,28288,6025,439,517,40,21,527,487,39,1,0,0,22330,19849,2481
Colbert County,AL,50,3,6,1,33,1534877333,76430813,54428,25758,34.703112,-87.8014569,54428,53583,43789,8768,267,229,20,510,845,813,316,330,51,8,55,20,16,0,14,0,0,2,0,1,0,31,1,0,0,54428,1093,53335,52571,43334,8702,262,224,14,35,764,747,16,1,0,0,42394,41986,34706,6598,204,166,10,302,408,395,12,1,0,0,42394,643,41751,41377,34433,6565,200,163,7,9,374,366,7,1,0,0,25758,22773,2985
Conecuh County,AL,50,3,6,1,35,2201894769,6644940,13228,7093,31.4282925,-86.9920291,13228,13096,6788,6149,44,17,1,97,132,122,38,43,8,0,10,9,9,1,4,0,0,0,0,0,0,5,0,5,0,13228,161,13067,12953,6764,6122,44,17,0,6,114,110,4,0,0,0,10186,10112,5578,4410,34,17,0,73,74,68,3,0,3,0,10186,113,10073,10006,5562,4391,34,17,0,2,67,65,2,0,0,0,7093,5625,1468
Coosa County,AL,50,3,6,1,37,1685891075,39946646,11539,6478,32.9314453,-86.2434818,11539,11436,7648,3582,40,16,15,135,103,100,24,40,6,1,11,12,0,1,1,0,4,0,0,0,0,3,0,0,0,11539,230,11309,11221,7604,3556,40,14,0,7,88,86,2,0,0,0,9169,9100,6216,2734,33,14,9,94,69,67,2,0,0,0,9169,164,9005,8946,6181,2719,33,12,0,1,59,58,1,0,0,0,6478,4794,1684
Covington County,AL,50,3,6,1,39,2668869505,34526309,37765,18829,31.2439873,-86.4487206,37765,37243,32022,4716,214,155,1,135,522,508,204,217,36,1,28,11,0,0,4,2,1,2,0,2,0,13,1,0,0,37765,483,37282,36794,31751,4685,196,148,1,13,488,475,12,1,0,0,29242,28999,25296,3335,161,116,1,90,243,234,9,0,0,0,29242,325,28917,28688,25110,3317,150,109,1,1,229,221,8,0,0,0,18829,15531,3298
Crenshaw County,AL,50,3,6,1,41,1576888006,5376392,13906,6735,31.7328256,-86.3192219,13906,13704,10097,3254,57,189,8,99,202,197,84,80,7,0,7,9,4,0,1,1,0,2,0,2,0,4,1,0,0,13906,204,13702,13509,10020,3241,56,189,1,2,193,188,4,1,0,0,10598,10499,7835,2405,44,135,5,75,99,96,3,0,0,0,10598,149,10449,10356,7781,2395,43,135,1,1,93,90,3,0,0,0,6735,5652,1083
Cullman County,AL,50,3,6,1,43,1903228333,52266921,80406,37054,34.1319229,-86.8692666,80406,79517,76133,856,408,343,18,1759,889,860,150,495,69,20,102,4,1,1,4,3,1,1,1,1,7,26,2,1,0,80406,3454,76952,76184,74568,821,397,339,18,41,768,747,19,1,1,0,61765,61205,58901,655,320,257,17,1055,560,538,20,1,1,0,61765,2079,59686,59176,57953,630,309,256,17,11,510,493,15,1,1,0,37054,31864,5190
Dale County,AL,50,3,6,1,45,1453371157,4016457,50251,22677,31.4306536,-85.609476,50251,48746,37236,9679,371,534,44,882,1505,1369,453,361,241,17,127,67,22,9,32,7,0,2,16,7,8,129,4,3,0,50251,2821,47430,46223,35705,9546,337,527,42,66,1207,1112,92,3,0,0,37774,37040,28954,6743,283,453,37,570,734,666,62,3,3,0,37774,1756,36018,35421,27980,6662,266,447,35,31,597,551,44,2,0,0,22677,20065,2612
Dallas County,AL,50,3,6,1,47,2534807386,39134826,43820,20208,32.3335397,-87.1143556,43820,43521,12769,30423,85,149,11,84,299,271,133,34,7,2,7,31,17,19,20,1,0,0,0,0,0,27,0,1,0,43820,309,43511,43233,12676,30314,78,144,6,15,278,254,24,0,0,0,32225,32074,10506,21322,70,118,11,47,151,134,16,0,1,0,32225,209,32016,31875,10444,21242,63,115,6,5,141,125,16,0,0,0,20208,17064,3144
DeKalb County,AL,50,3,6,1,49,2012662359,4123588,71109,31109,34.460929,-85.803992,71109,69535,60087,1078,969,203,147,7051,1574,1521,192,969,67,19,199,3,2,0,9,5,6,18,5,11,16,52,1,0,0,71109,9690,61419,60133,57997,1029,865,166,35,41,1286,1241,44,1,0,0,52743,51765,46173,796,660,144,83,3909,978,947,30,1,0,0,52743,5286,47457,46605,45072,774,601,128,19,11,852,825,26,1,0,0,31109,26842,4267
Elmore County,AL,50,3,6,1,51,1601867593,99862541,79303,32657,32.5972286,-86.1427385,79303,78159,60455,15900,285,518,63,938,1144,1084,339,322,196,20,93,41,14,7,23,0,0,5,8,9,7,59,0,1,0,79303,2129,77174,76170,59449,15814,269,514,50,74,1004,956,47,0,1,0,60596,59988,46838,11866,227,402,42,613,608,575,32,0,1,0,60596,1422,59174,58644,46153,11809,214,399,37,32,530,502,27,0,1,0,32657,28301,4356
Escambia County,AL,50,3,6,1,53,2447746932,20873208,38319,16486,31.1217475,-87.168429,38319,37739,23784,12220,1288,92,12,343,580,564,158,265,36,6,19,41,11,3,10,4,3,4,0,3,1,16,0,0,0,38319,718,37601,37062,23508,12162,1274,86,12,20,539,523,16,0,0,0,29640,29351,18870,9203,957,71,7,243,289,279,10,0,0,0,29640,493,29147,28878,18688,9163,946,65,7,9,269,259,10,0,0,0,16486,14157,2329
Etowah County,AL,50,3,6,1,55,1385618994,35322991,104430,47454,34.0476377,-86.0344203,104430,102885,83823,15796,448,672,171,1975,1545,1487,544,549,111,25,140,25,20,6,36,4,0,10,2,13,2,58,0,0,0,104430,3447,100983,99651,82789,15716,372,657,30,87,1332,1286,46,0,0,0,80444,79646,66048,11493,346,499,97,1163,798,764,34,0,0,0,80444,2011,78433,77733,65421,11454,311,487,21,39,700,673,27,0,0,0,47454,42036,5418
Fayette County,AL,50,3,6,1,57,1625631609,4392821,17241,8437,33.7322485,-87.7520486,17241,17070,14910,1969,52,37,0,102,171,169,82,58,7,2,17,3,0,0,0,0,0,0,0,0,0,2,0,0,0,17241,204,17037,16885,14832,1958,47,37,0,11,152,151,1,0,0,0,13404,13314,11673,1507,44,27,0,63,90,88,2,0,0,0,13404,131,13273,13194,11622,1500,41,27,0,4,79,78,1,0,0,0,8437,7100,1337
Franklin County,AL,50,3,6,1,59,1641587713,32897905,31704,14022,34.4419884,-87.8428147,31704,31174,26320,1228,215,63,10,3338,530,516,122,178,18,4,153,3,4,0,13,0,0,18,0,3,0,13,0,1,0,31704,4710,26994,26666,25249,1211,121,51,2,32,328,319,8,0,1,0,23837,23562,20401,925,147,45,10,2034,275,266,8,0,1,0,23837,2799,21038,20858,19800,916,90,40,2,10,180,174,5,0,1,0,14022,12286,1736
Geneva County,AL,50,3,6,1,61,1487710425,11765293,26790,12687,31.0908664,-85.8243464,26790,26374,23127,2539,224,67,8,409,416,394,128,172,25,1,36,22,0,1,5,1,0,1,2,0,0,18,1,3,0,26790,920,25870,25499,22692,2523,197,64,8,15,371,349,18,1,3,0,20799,20591,18202,1901,175,55,4,254,208,192,16,0,0,0,20799,530,20269,20080,17968,1891,158,52,4,7,189,173,16,0,0,0,12687,10920,1767
Greene County,AL,50,3,6,1,63,1676007032,33231212,9045,5007,32.8444965,-87.9642005,9045,9002,1575,7370,17,15,0,25,43,41,16,5,2,0,4,13,0,0,1,0,0,0,0,0,0,2,0,0,0,9045,69,8976,8937,1562,7349,11,15,0,0,39,38,1,0,0,0,6851,6831,1357,5427,17,13,0,17,20,19,1,0,0,0,6851,41,6810,6792,1353,5415,11,13,0,0,18,18,0,0,0,0,5007,3764,1243
Hale County,AL,50,3,6,1,65,1667803914,32525967,15760,7655,32.7527958,-87.6230608,15760,15672,6266,9301,25,35,1,44,88,75,14,27,7,0,14,3,7,2,1,0,0,0,0,0,0,13,0,0,0,15760,140,15620,15544,6213,9265,23,35,1,7,76,65,11,0,0,0,11845,11784,5013,6699,15,29,1,27,61,54,7,0,0,0,11845,90,11755,11701,4979,6677,13,29,1,2,54,47,7,0,0,0,7655,6273,1382
Henry County,AL,50,3,6,1,67,1454926258,16986789,17302,8891,31.5169779,-85.2399712,17302,17126,11865,4942,57,54,2,206,176,168,73,51,12,2,10,10,3,2,5,0,0,0,0,0,0,6,2,0,0,17302,389,16913,16752,11731,4915,54,45,2,5,161,153,6,2,0,0,13384,13308,9391,3713,44,36,2,122,76,71,5,0,0,0,13384,234,13150,13079,9305,3698,43,29,2,2,71,66,5,0,0,0,8891,6994,1897
Houston County,AL,50,3,6,1,69,1501737720,4739984,101547,45319,31.1581928,-85.2963976,101547,99788,71053,26176,446,820,49,1244,1759,1641,581,459,174,17,165,95,56,20,39,5,5,8,8,9,0,104,12,2,0,101547,2995,98552,97107,69731,26038,393,806,43,96,1445,1355,80,8,2,0,76621,75767,55679,18237,351,622,39,839,854,782,64,6,2,0,76621,1945,74676,73984,54818,18162,315,612,33,44,692,638,47,5,2,0,45319,40969,4350
Jackson County,AL,50,3,6,1,71,2791664869,126657194,53227,24786,34.7635224,-85.9774003,53227,51849,48348,1781,719,185,48,768,1378,1361,227,942,54,9,71,30,1,0,8,2,1,9,3,3,1,17,0,0,0,53227,1339,51888,50606,47937,1771,680,165,29,24,1282,1270,12,0,0,0,41242,40381,37853,1321,577,138,37,455,861,857,4,0,0,0,41242,771,40471,39646,37615,1317,552,125,23,14,825,821,4,0,0,0,24786,21513,3273
Jefferson County,AL,50,3,6,1,73,2878192209,32474487,658466,300552,33.5534439,-86.8965359,658466,651191,349166,276525,1740,9158,244,14358,7275,6778,2069,1450,1130,53,709,509,252,59,262,38,4,44,29,128,42,450,43,4,0,658466,25488,632978,626925,340213,275511,1431,9085,154,531,6053,5656,357,38,2,0,503938,499863,280999,200810,1344,7042,183,9485,4075,3789,258,24,4,0,503938,17090,486848,483434,274788,200129,1134,6994,119,270,3414,3188,202,22,2,0,300552,263568,36984
Lamar County,AL,50,3,6,1,75,1566544654,1600679,14564,7354,33.7870852,-88.0874309,14564,14381,12626,1643,24,4,2,82,183,177,62,66,12,2,9,16,0,0,5,1,0,0,2,2,0,5,0,1,0,14564,180,14384,14210,12542,1635,24,4,1,4,174,169,5,0,0,0,11337,11242,9944,1217,22,4,1,54,95,90,4,0,1,0,11337,116,11221,11129,9892,1210,22,4,1,0,92,88,4,0,0,0,7354,6103,1251
Lauderdale County,AL,50,3,6,1,77,1729327931,138027479,92709,43791,34.9041221,-87.6509966,92709,91403,80112,9257,338,685,34,977,1306,1265,526,404,116,9,114,47,9,5,14,3,0,2,9,6,1,35,5,1,0,92709,2082,90627,89479,79228,9190,323,675,23,40,1148,1110,33,5,0,0,72727,72065,63737,6880,265,576,26,581,662,627,29,5,1,0,72727,1262,71465,70880,63181,6843,255,566,18,17,585,553,27,5,0,0,43791,38680,5111
Lawrence County,AL,50,3,6,1,79,1788846568,68688464,34339,15229,34.5297759,-87.3218651,34339,32861,26647,3938,1953,42,6,275,1478,1428,118,1174,40,11,35,27,1,1,2,14,0,4,0,0,1,43,3,4,0,34339,574,33765,32336,26420,3917,1928,41,5,25,1429,1389,40,0,0,0,26375,25442,20866,3059,1337,34,6,140,933,916,13,2,2,0,26375,307,26068,25148,20737,3043,1328,33,5,2,920,907,13,0,0,0,15229,13654,1575
Lee County,AL,50,3,6,1,81,1573510728,21530362,140247,62391,32.6040644,-85.3530477,140247,137988,100006,31901,445,3658,105,1873,2259,2121,654,447,450,46,204,77,75,8,67,5,5,8,30,40,5,126,11,1,0,140247,4571,135676,133816,97900,31674,397,3615,66,164,1860,1764,85,10,1,0,108656,107395,79707,23150,318,2841,82,1297,1261,1178,74,8,1,0,108656,3182,105474,104440,78205,23004,291,2811,53,76,1034,972,54,7,1,0,62391,55682,6709
Limestone County,AL,50,3,6,1,83,1450228326,122381869,82782,34977,34.8102387,-86.9813995,82782,81314,66506,10429,547,924,42,2866,1468,1401,428,478,189,17,151,35,24,4,25,6,0,8,2,20,14,63,4,0,0,82782,4591,78191,76969,65112,10350,487,911,26,83,1222,1166,52,4,0,0,62923,62165,51331,8059,406,628,24,1717,758,722,36,0,0,0,62923,2708,60215,59561,50505,8018,368,621,15,34,654,625,29,0,0,0,34977,31446,3531
Lowndes County,AL,50,3,6,1,85,1854199648,23723525,11299,5140,32.147888,-86.6505859,11299,11239,2859,8310,25,14,0,31,60,51,17,13,2,0,0,2,10,1,2,3,0,0,0,1,0,9,0,0,0,11299,87,11212,11167,2841,8283,25,14,0,4,45,42,3,0,0,0,8567,8529,2339,6144,18,12,0,16,38,31,7,0,0,0,8567,55,8512,8483,2329,6124,18,12,0,0,29,26,3,0,0,0,5140,4352,788
Macon County,AL,50,3,6,1,87,1577005015,11194263,21452,10259,32.3870267,-85.692887,21452,21224,3319,17729,29,76,2,69,228,181,73,22,8,3,4,41,17,5,8,0,0,0,0,0,0,42,5,0,0,21452,232,21220,21016,3267,17631,28,76,2,12,204,166,35,3,0,0,17032,16877,2747,13985,28,65,2,50,155,120,30,5,0,0,17032,185,16847,16710,2702,13909,27,65,2,5,137,111,23,3,0,0,10259,8499,1760
Madison County,AL,50,3,6,1,89,2076116529,28771340,334811,146447,34.7642377,-86.5510803,334811,326556,228280,80376,2551,8265,365,6719,8255,7580,2065,2132,1554,84,514,399,244,54,254,36,20,35,45,114,30,626,46,3,0,334811,15404,319407,312256,221445,79517,2335,8167,321,471,7151,6604,513,32,2,0,255321,250918,178536,59463,1875,6308,255,4481,4403,4039,338,23,3,0,255321,10176,245145,241274,173916,58910,1747,6250,218,233,3871,3569,283,17,2,0,146447,134700,11747
Marengo County,AL,50,3,6,1,91,2530112461,14994547,21027,10237,32.2475911,-87.791091,21027,20863,9751,10872,34,53,13,140,164,156,56,33,13,2,15,17,6,5,7,1,0,1,0,0,0,7,1,0,0,21027,352,20675,20539,9607,10838,31,53,9,1,136,132,3,1,0,0,15836,15751,7666,7924,21,42,8,90,85,79,5,1,0,0,15836,237,15599,15530,7567,7896,20,42,4,1,69,66,2,1,0,0,10237,8535,1702
Marion County,AL,50,3,6,1,93,1922526826,3313145,30776,14737,34.1382194,-87.881551,30776,30435,28791,1184,101,54,14,291,341,331,98,148,17,7,54,4,0,2,0,0,0,1,0,0,0,10,0,0,0,30776,632,30144,29865,28509,1178,94,53,7,24,279,270,9,0,0,0,24111,23920,22661,944,83,49,8,175,191,183,8,0,0,0,24111,360,23751,23582,22501,940,79,48,3,11,169,162,7,0,0,0,14737,12651,2086
Marshall County,AL,50,3,6,1,95,1465522757,148503356,93019,40342,34.3095637,-86.3216681,93019,91455,81464,1494,706,478,103,7210,1564,1515,402,621,106,24,251,17,1,0,11,8,10,25,9,15,15,30,10,8,1,93019,11238,81781,80620,78060,1389,570,475,63,63,1161,1141,18,1,1,0,69760,68946,62609,1089,542,362,57,4287,814,781,18,9,5,1,69760,6592,63168,62542,60641,1020,457,359,39,26,626,613,11,1,1,0,40342,35810,4532
Mobile County,AL,50,3,6,1,97,3184223082,1073750500,412992,178196,30.684573,-88.1965684,412992,406970,248647,142992,3681,7561,204,3885,6022,5579,1628,1541,795,72,450,463,182,35,156,34,5,49,48,103,18,416,22,5,0,412992,9936,403056,397809,243904,142272,3541,7507,157,428,5247,4885,343,16,3,0,309411,306134,195148,99886,2671,5626,152,2651,3277,3013,243,16,5,0,309411,6933,302478,299653,191785,99396,2564,5584,118,206,2825,2612,199,11,3,0,178196,158435,19761
Monroe County,AL,50,3,6,1,99,2656485275,22643193,23068,11333,31.5803324,-87.3832656,23068,22734,12718,9614,260,67,9,66,334,325,114,132,25,3,9,28,2,1,5,1,2,1,0,2,0,9,0,0,0,23068,220,22848,22537,12621,9581,256,67,4,8,311,303,8,0,0,0,17227,17060,9902,6864,196,56,6,36,167,161,6,0,0,0,17227,140,17087,16930,9835,6841,194,56,3,1,157,152,5,0,0,0,11333,9214,2119
Montgomery County,AL,50,3,6,1,101,2031190777,40571253,229363,101641,32.2036505,-86.2038308,229363,226457,90656,125477,589,4821,171,4743,2906,2631,826,373,418,33,219,295,217,36,97,14,1,11,35,43,13,257,16,2,0,229363,8314,221049,218610,88099,124928,520,4792,84,187,2439,2215,213,11,0,0,173196,171658,74205,90359,440,3450,131,3073,1538,1401,123,12,2,0,173196,5491,167705,166420,72450,89991,395,3425,68,91,1285,1167,108,10,0,0,101641,89981,11660
Morgan County,AL,50,3,6,1,103,1500476319,51064861,119490,51193,34.4544844,-86.8464021,119490,117126,95404,14185,1042,691,107,5697,2364,2287,666,937,185,24,334,39,28,3,35,4,0,12,1,16,3,69,8,0,0,119490,9156,110334,108386,92585,14059,928,665,69,80,1948,1895,49,4,0,0,90866,89666,74736,10119,770,518,58,3465,1200,1158,38,4,0,0,90866,5591,85275,84265,72958,10031,706,508,37,25,1010,979,28,3,0,0,51193,47030,4163
Perry County,AL,50,3,6,1,105,1863920409,10918516,10591,4737,32.6390053,-87.2938269,10591,10548,3204,7276,17,30,5,16,43,38,19,2,1,0,3,7,6,0,0,0,0,0,0,0,0,5,0,0,0,10591,114,10477,10442,3142,7244,17,30,5,4,35,34,1,0,0,0,8038,8013,2793,5174,15,22,2,7,25,20,5,0,0,0,8038,86,7952,7933,2744,5149,15,22,2,1,19,18,1,0,0,0,4737,3947,790
Pickens County,AL,50,3,6,1,107,2282837059,22578169,19746,9483,33.2968085,-88.096878,19746,19514,11110,8211,28,36,1,128,232,227,86,34,7,1,3,9,12,2,2,1,0,0,0,0,70,5,0,0,0,19746,313,19433,19275,11027,8169,28,32,1,18,158,153,5,0,0,0,15145,15016,8914,5966,26,25,1,84,129,127,2,0,0,0,15145,242,14903,14831,8846,5931,26,22,1,5,72,70,2,0,0,0,9483,8012,1471
Pike County,AL,50,3,6,1,109,1740715643,2362806,32899,15267,31.7987263,-85.9419965,32899,32409,19144,12054,192,654,24,341,490,468,127,149,66,3,26,57,9,4,19,3,0,0,2,2,1,20,2,0,0,32899,730,32169,31727,18887,11990,185,645,6,14,442,423,17,2,0,0,26217,25919,15883,9042,148,601,17,228,298,279,18,1,0,0,26217,475,25742,25464,15716,8998,143,592,6,9,278,261,16,1,0,0,15267,13210,2057
Randolph County,AL,50,3,6,1,111,1503616599,9285288,22913,11982,33.2964753,-85.4640679,22913,22652,17532,4607,84,55,5,369,261,252,100,95,9,2,30,13,0,0,2,0,0,1,0,0,0,9,0,0,0,22913,649,22264,22035,17280,4604,84,54,5,8,229,222,7,0,0,0,17440,17311,13688,3299,68,43,4,209,129,122,7,0,0,0,17440,372,17068,16954,13538,3297,68,42,4,5,114,109,5,0,0,0,11982,9164,2818
Russell County,AL,50,3,6,1,113,1660545751,15673340,52947,24595,32.2898113,-85.1869798,52947,51843,28449,22135,219,236,113,691,1104,1018,330,224,157,27,84,66,32,19,45,5,2,9,9,3,6,81,5,0,0,52947,1946,51001,50096,27591,21926,189,223,112,55,905,844,59,2,0,0,39448,38926,22357,15678,162,206,77,446,522,500,21,1,0,0,39448,1195,38253,37811,21817,15557,145,197,76,19,442,424,18,0,0,0,24595,21229,3366
St. Clair County,AL,50,3,6,1,115,1636619393,56300062,83593,35541,33.7129627,-86.3156631,83593,82470,73741,7150,281,518,46,734,1123,1079,322,414,135,20,127,20,14,0,10,0,0,8,3,5,1,26,4,14,0,83593,1716,81877,80914,72947,7098,252,512,41,64,963,926,22,4,11,0,63767,63182,56664,5436,223,380,31,448,585,556,17,2,10,0,63767,1053,62714,62195,56160,5405,206,376,27,21,519,493,17,2,7,0,35541,31624,3917
Shelby County,AL,50,3,6,1,117,2032960300,63700594,195085,80970,33.2629366,-86.6781042,195085,192401,161943,20732,553,3726,74,5373,2684,2518,664,574,516,37,422,84,33,11,52,4,2,11,16,79,13,163,2,1,0,195085,11567,183518,181446,156371,20606,458,3699,62,250,2072,1935,135,1,1,0,145123,143706,122241,14916,430,2663,49,3407,1417,1319,96,1,1,0,145123,7336,137787,136701,118676,14847,368,2646,45,119,1086,1003,82,0,1,0,80970,74072,6898
Sumter County,AL,50,3,6,1,119,2341057426,24436353,13763,6786,32.5974811,-88.2000571,13763,13716,3326,10316,11,33,4,26,47,32,14,5,1,0,1,4,2,2,3,0,0,0,0,0,0,15,0,0,0,13763,86,13677,13632,3304,10283,11,33,1,0,45,31,14,0,0,0,10695,10659,2875,7721,9,27,4,23,36,21,15,0,0,0,10695,72,10623,10589,2860,7692,9,27,1,0,34,20,14,0,0,0,6786,5629,1157
Talladega County,AL,50,3,6,1,121,1908239516,60944144,82291,37088,33.3692774,-86.1758045,82291,81190,53739,26055,264,339,6,787,1101,1043,403,331,78,15,80,64,19,14,31,0,0,2,2,4,0,53,5,0,0,82291,1671,80620,79657,53079,25953,230,329,6,60,963,919,40,4,0,0,63006,62446,42286,19115,217,264,6,558,560,522,33,5,0,0,63006,1194,61812,61333,41823,19034,187,257,6,26,479,452,23,4,0,0,37088,31890,5198
Tallapoosa County,AL,50,3,6,1,123,1855780057,128808796,41616,22111,32.8633694,-85.7995532,41616,41209,29087,11083,121,197,8,713,407,378,142,120,28,6,28,28,6,5,6,1,0,2,2,4,0,27,2,0,0,41616,1042,40574,40228,28838,11050,119,197,2,22,346,321,23,2,0,0,32397,32173,23438,7981,97,134,7,516,224,208,14,2,0,0,32397,721,31676,31490,23290,7957,96,134,2,11,186,174,10,2,0,0,22111,16985,5126
Tuscaloosa County,AL,50,3,6,1,125,3423328940,76395592,194656,84872,33.2902022,-87.5228598,194656,192557,129004,57611,526,2306,117,2993,2099,1984,640,409,346,29,258,129,40,19,42,12,5,18,6,28,3,104,10,1,0,194656,5949,188707,186972,126611,57401,455,2293,76,136,1735,1646,86,3,0,0,152870,151670,105650,41536,427,1909,77,2071,1200,1126,68,6,0,0,152870,4180,148690,147700,103919,41385,376,1897,49,74,990,929,59,2,0,0,84872,76141,8731
Walker County,AL,50,3,6,1,127,2049177420,36263761,67023,30816,33.7915714,-87.3010918,67023,66195,61146,3928,251,195,36,639,828,800,286,343,50,15,55,22,7,0,2,5,0,1,4,1,9,28,0,0,0,67023,1307,65716,64957,60587,3885,233,190,26,36,759,738,21,0,0,0,51916,51497,47837,2850,202,146,26,436,419,410,9,0,0,0,51916,872,51044,50655,47475,2825,191,141,18,5,389,381,8,0,0,0,30816,26571,4245
Washington County,AL,50,3,6,1,129,2797722307,21650857,17581,8407,31.4069737,-88.2020776,17581,17374,11508,4380,1411,20,12,43,207,196,17,101,8,3,15,24,10,0,4,0,1,11,1,0,1,11,0,0,0,17581,151,17430,17244,11455,4360,1394,18,9,8,186,176,10,0,0,0,13097,12982,8866,3130,936,14,8,28,115,107,8,0,0,0,13097,108,12989,12884,8826,3113,925,12,5,3,105,98,7,0,0,0,8407,6758,1649
Wilcox County,AL,50,3,6,1,131,2301200113,48985152,11670,5649,31.9903296,-87.3022049,11670,11619,3126,8465,14,4,1,9,51,43,10,15,3,0,2,6,5,1,1,0,0,0,0,0,0,8,0,0,0,11670,72,11598,11551,3110,8420,14,4,1,2,47,39,8,0,0,0,8520,8486,2530,5933,12,4,0,7,34,28,6,0,0,0,8520,53,8467,8436,2520,5899,12,4,0,1,31,25,6,0,0,0,5649,4484,1165
Winston County,AL,50,3,6,1,133,1587607882,48922827,24484,13469,34.1558884,-87.3641471,24484,24131,23409,115,163,60,28,356,353,333,47,172,33,14,52,1,0,0,1,0,0,1,2,0,10,17,0,3,0,24484,639,23845,23562,23237,115,139,59,8,4,283,267,13,0,3,0,19185,18974,18473,81,121,45,16,238,211,196,13,0,2,0,19185,376,18809,18629,18387,81,108,44,6,3,180,168,10,0,2,0,13469,10163,3306
Aleutians East Borough,AK,50,4,9,2,13,18083148800,20792209033,3141,747,55.2437223,-161.9507485,3141,2988,660,219,876,1130,19,84,153,138,1,59,19,1,25,1,2,0,2,8,5,1,2,12,0,14,0,1,0,3141,385,2756,2639,425,212,869,1113,19,1,117,104,12,0,1,0,2770,2656,607,217,628,1106,19,79,114,109,4,0,1,0,2770,361,2409,2327,378,211,625,1093,19,1,82,78,3,0,1,0,747,553,194
Aleutians West Census Area,AK,50,4,9,2,16,11370762625,25190643524,5561,1929,51.9594469,178.338813,5561,5250,2004,332,857,1606,103,348,311,285,5,90,58,12,27,2,12,2,5,12,13,8,11,28,0,25,1,0,0,5561,726,4835,4586,1745,318,841,1575,102,5,249,226,23,0,0,0,4746,4565,1744,330,654,1421,93,323,181,170,10,1,0,0,4746,627,4119,3969,1522,316,640,1394,92,5,150,140,10,0,0,0,1929,1212,717
Anchorage Municipality,AK,50,4,9,2,20,4415108963,663860984,291826,113032,61.177549,-149.2743541,291826,268181,192498,16226,23130,23580,5901,6846,23645,21199,2962,9238,3703,603,1109,1076,367,161,302,450,185,211,519,227,86,2227,200,19,0,291826,22061,269765,249715,182814,15308,22047,23208,5776,562,20050,18145,1764,130,11,0,216040,204776,151621,11654,16461,16710,3538,4792,11264,10455,745,59,5,0,216040,13666,202374,192591,145337,11107,15859,16484,3468,336,9783,9139,601,39,4,0,113032,107332,5700
Bethel Census Area,AK,50,4,9,2,50,1.05076E+11,12779523593,17013,5919,60.9289164,-160.1533502,17013,16300,1894,65,14109,160,27,45,713,681,16,505,29,6,5,46,0,0,1,44,17,9,2,1,0,32,0,0,0,17013,181,16832,16157,1854,65,14056,158,18,6,675,648,27,0,0,0,10795,10469,1620,54,8604,147,14,30,326,320,6,0,0,0,10795,108,10687,10383,1589,54,8583,145,10,2,304,298,6,0,0,0,5919,4651,1268
Bristol Bay Borough,AK,50,4,9,2,60,1304947207,993830067,997,969,58.7313725,-156.9866122,997,830,481,0,334,8,3,4,167,153,0,126,9,5,1,8,0,0,0,3,0,0,1,0,0,7,7,0,0,997,24,973,817,476,0,330,8,3,0,156,149,3,4,0,0,772,670,408,0,248,7,3,4,102,98,2,2,0,0,772,15,757,661,404,0,247,7,3,0,96,94,1,1,0,0,969,423,546
Denali Borough,AK,50,4,9,2,68,33026000538,66068790,1826,1771,63.6827316,-150.0267191,1826,1746,1637,10,65,19,1,14,80,79,1,49,20,0,8,0,0,0,0,1,0,0,0,0,0,1,0,0,0,1826,42,1784,1713,1614,10,64,19,1,5,71,70,1,0,0,0,1415,1369,1282,9,52,15,1,10,46,46,0,0,0,0,1415,30,1385,1346,1266,9,52,15,1,3,39,39,0,0,0,0,1771,806,965
Dillingham Census Area,AK,50,4,9,2,70,48092912615,6077223732,4847,2427,59.824816,-158.6022333,4847,4409,878,11,3470,32,6,12,438,408,4,337,1,2,2,14,0,0,0,31,10,4,1,2,0,28,2,0,0,4847,101,4746,4336,855,11,3431,32,6,1,410,382,26,2,0,0,3252,3039,757,8,2233,23,6,12,213,203,10,0,0,0,3252,57,3195,2993,737,8,2218,23,6,1,202,193,9,0,0,0,2427,1563,864
Fairbanks North Star Borough,AK,50,4,9,2,90,19005874393,273188119,97581,41783,64.6908322,-146.5998673,97581,90910,75175,4423,6879,2591,396,1446,6671,6182,847,3141,1094,135,356,194,85,32,64,38,29,43,74,36,14,437,51,1,0,97581,5651,91930,86160,72259,4154,6669,2512,375,191,5770,5388,357,24,1,0,72580,69345,57906,3109,4896,2118,265,1051,3235,3052,157,25,1,0,72580,3496,69084,66186,55990,2969,4777,2061,254,135,2898,2752,132,13,1,0,41783,36441,5342
Haines Borough,AK,50,4,9,2,100,6005146534,1053874968,2508,1631,59.0999054,-135.5781024,2508,2361,2086,10,230,14,0,21,147,134,5,105,16,0,3,0,0,0,0,4,0,1,0,0,0,13,0,0,0,2508,47,2461,2324,2062,9,227,13,0,13,137,130,7,0,0,0,2009,1912,1700,8,183,13,0,8,97,90,7,0,0,0,2009,32,1977,1887,1682,7,181,12,0,5,90,86,4,0,0,0,1631,1149,482
Hoonah-Angoon Census Area,AK,50,4,9,2,105,19489439091,8778085294,2150,1771,58.0764336,-135.1850997,2150,1931,1014,8,890,12,1,6,219,205,3,167,1,0,0,14,0,0,0,17,2,1,0,0,0,13,1,0,0,2150,77,2073,1864,993,8,850,12,1,0,209,195,13,1,0,0,1726,1600,876,4,707,7,1,5,126,121,5,0,0,0,1726,46,1680,1560,861,4,687,7,1,0,120,115,5,0,0,0,1771,913,858
Juneau City and Borough,AK,50,4,9,2,110,6997968643,1429575134,31275,13055,58.3727004,-134.1787807,31275,28308,21814,279,3692,1919,218,386,2967,2541,87,1585,347,52,61,84,17,4,3,231,23,20,17,9,1,397,19,10,0,31275,1588,29687,26990,21065,259,3534,1879,213,40,2697,2334,341,12,10,0,23939,22375,17616,221,2691,1420,136,291,1564,1404,151,7,2,0,23939,1008,22931,21485,17107,205,2609,1401,134,29,1446,1308,131,5,2,0,13055,12187,868
Kenai Peninsula Borough,AK,50,4,9,2,122,41634915224,22473290427,55400,30578,60.3663727,-152.3219731,55400,52293,46857,269,4081,631,119,336,3107,2923,142,2081,326,75,118,41,1,2,5,58,13,20,22,12,7,165,14,5,0,55400,1641,53759,50901,45879,248,3970,614,111,79,2858,2696,146,12,4,0,42289,40600,36578,217,2966,507,94,238,1689,1621,59,6,3,0,42289,1045,41244,39680,35939,203,2900,496,91,51,1564,1503,53,6,2,0,30578,22161,8417
Ketchikan Gateway Borough,AK,50,4,9,2,130,12583232994,4649414062,13477,6166,55.4499378,-131.1066847,13477,12227,9176,78,1910,943,27,93,1250,1179,42,843,136,12,45,31,3,0,1,37,8,10,11,0,0,58,13,0,0,13477,538,12939,11799,8918,76,1831,936,24,14,1140,1073,55,12,0,0,10250,9629,7389,66,1362,716,21,75,621,593,24,4,0,0,10250,314,9936,9352,7228,64,1318,711,19,12,584,556,24,4,0,0,6166,5305,861
Kodiak Island Borough,AK,50,4,9,2,150,16963331761,14173062281,13592,5303,57.5536114,-153.6309109,13592,12555,7522,92,1797,2660,87,397,1037,957,29,571,154,35,67,11,9,1,1,31,3,10,19,13,3,69,9,2,0,13592,996,12596,11701,7137,85,1759,2620,86,14,895,835,53,5,2,0,9698,9184,5664,72,1226,1893,63,266,514,489,19,4,2,0,9698,578,9120,8653,5433,68,1207,1873,62,10,467,446,17,2,2,0,5303,4630,673
Lake and Peninsula Borough,AK,50,4,9,2,164,61258419419,24010457489,1631,1502,58.2050652,-156.7051884,1631,1467,380,9,1061,6,5,6,164,160,1,128,5,1,0,14,0,0,0,10,1,0,0,0,0,3,1,0,0,1631,43,1588,1426,362,9,1044,6,5,0,162,158,3,1,0,0,1139,1059,306,2,740,6,2,3,80,79,1,0,0,0,1139,15,1124,1044,299,2,735,6,2,0,80,79,1,0,0,0,1502,553,949
Matanuska-Susitna Borough,AK,50,4,9,2,170,63734160198,1682737402,88995,41329,62.1821735,-149.407974,88995,83254,75540,856,4901,1096,221,640,5741,5308,430,3519,618,107,275,85,28,7,19,57,33,42,72,14,2,394,30,9,0,88995,3301,85694,80638,73676,817,4735,1075,214,121,5056,4714,311,24,7,0,63276,60495,55171,631,3270,806,153,464,2781,2616,152,6,7,0,63276,1863,61413,58911,54097,611,3181,791,150,81,2502,2369,124,4,5,0,41329,31824,9505
Nome Census Area,AK,50,4,9,2,180,59470685832,13768011766,9492,4008,64.7836858,-164.1889119,9492,8905,1552,27,7199,96,9,22,587,559,4,474,23,1,5,19,0,0,0,16,5,8,2,2,0,25,3,0,0,9492,115,9377,8818,1511,27,7175,88,9,8,559,534,22,3,0,0,6233,5954,1333,21,4498,80,5,17,279,269,8,2,0,0,6233,69,6164,5898,1301,21,4490,75,5,6,266,257,7,2,0,0,4008,2815,1193
North Slope Borough,AK,50,4,9,2,185,2.2972E+11,15801179317,9430,2500,69.4493427,-153.4728302,9430,8937,3147,94,5100,425,104,67,493,466,10,286,35,3,7,53,1,0,1,19,24,10,13,4,0,26,1,0,0,9430,249,9181,8720,3059,91,5046,414,103,7,461,436,24,1,0,0,7179,6940,3000,87,3355,357,80,61,239,232,7,0,0,0,7179,178,7001,6782,2929,85,3334,348,79,7,219,213,6,0,0,0,2500,2029,471
Northwest Arctic Borough,AK,50,4,9,2,188,92132564828,13406688095,7523,2707,67.0050655,-160.0210864,7523,7075,846,37,6121,42,12,17,448,432,3,352,12,0,1,32,1,0,1,12,14,4,0,0,0,15,1,0,0,7523,58,7465,7024,830,35,6102,42,12,3,441,425,15,1,0,0,4868,4641,746,30,3807,38,6,14,227,223,4,0,0,0,4868,36,4832,4608,733,28,3800,38,6,3,224,220,4,0,0,0,2707,1919,788
Petersburg Census Area,AK,50,4,9,2,195,8500293927,6221367848,3815,1994,56.6396123,-133.5279958,3815,3489,2711,15,614,100,7,42,326,291,7,203,37,4,1,3,0,0,0,31,2,2,1,0,0,33,2,0,0,3815,130,3685,3382,2649,15,603,96,6,13,303,276,26,1,0,0,2924,2766,2161,8,474,86,7,30,158,142,15,1,0,0,2924,86,2838,2687,2115,8,467,85,6,6,151,138,12,1,0,0,1994,1599,395
Prince of Wales-Hyder Census Area,AK,50,4,9,2,198,10160193695,9739418122,5559,2992,55.4156834,-132.875734,5559,5085,2799,17,2207,21,21,20,474,422,5,329,31,3,3,13,0,0,1,23,8,5,0,1,0,52,0,0,0,5559,127,5432,4984,2756,17,2165,21,21,4,448,399,49,0,0,0,4135,3890,2253,14,1574,18,14,17,245,227,18,0,0,0,4135,72,4063,3826,2224,14,1552,18,14,4,237,221,16,0,0,0,2992,2194,798
Sitka City and Borough,AK,50,4,9,2,220,7434143788,5027404028,8881,4102,57.1425085,-135.3326236,8881,8010,5798,47,1493,529,30,113,871,805,23,567,101,16,23,6,1,0,0,29,16,15,8,0,0,63,3,0,0,8881,437,8444,7675,5641,43,1442,509,29,11,769,723,46,0,0,0,6791,6349,4691,34,1107,414,21,82,442,411,30,1,0,0,6791,276,6515,6115,4580,31,1073,402,21,8,400,380,20,0,0,0,4102,3545,557
Skagway Municipality,AK,50,4,9,2,230,1171515798,30331334,968,636,59.5750974,-135.3354181,968,929,885,0,34,5,1,4,39,37,0,16,16,1,2,0,0,0,1,0,0,1,0,0,0,2,0,0,0,968,21,947,912,872,0,34,5,1,0,35,34,1,0,0,0,816,788,750,0,28,5,1,4,28,27,1,0,0,0,816,13,803,778,744,0,28,5,1,0,25,25,0,0,0,0,636,436,200
Southeast Fairbanks Census Area,AK,50,4,9,2,240,64150915284,752795246,7029,3915,63.8649972,-143.2186282,7029,6686,5651,76,808,64,18,69,343,329,20,233,33,4,27,2,1,4,0,2,0,1,2,0,0,14,0,0,0,7029,234,6795,6484,5535,71,797,64,11,6,311,299,12,0,0,0,5180,4999,4250,54,568,60,12,55,181,178,3,0,0,0,5180,148,5032,4867,4178,52,563,60,8,6,165,163,2,0,0,0,3915,2567,1348
Valdez-Cordova Census Area,AK,50,4,9,2,261,88680877051,15799689879,9636,6102,61.3498403,-145.0231406,9636,8942,7127,46,1315,354,54,46,694,658,21,502,56,9,36,5,2,0,2,10,3,1,3,7,1,34,2,0,0,9636,349,9287,8669,6949,45,1270,350,54,1,618,599,19,0,0,0,7288,6940,5633,40,921,268,37,41,348,332,14,2,0,0,7288,221,7067,6752,5516,39,895,264,37,1,315,306,9,0,0,0,6102,3966,2136
Wade Hampton Census Area,AK,50,4,9,2,270,44240705695,6711999401,7459,2183,62.2831737,-163.1909497,7459,7308,201,1,7085,18,0,3,151,143,0,109,1,0,0,16,0,0,0,5,11,1,0,0,0,8,0,0,0,7459,7,7452,7302,199,1,7082,17,0,3,150,143,7,0,0,0,4358,4289,172,1,4100,13,0,3,69,63,6,0,0,0,4358,4,4354,4286,170,1,4100,12,0,3,68,63,5,0,0,0,2183,1745,438
Wrangell City and Borough,AK,50,4,9,2,275,6582411037,2384276261,2369,1428,56.2791206,-132.0403255,2369,2146,1719,4,384,33,1,5,223,209,7,178,10,1,3,0,0,0,0,6,2,0,2,0,0,14,0,0,0,2369,37,2332,2118,1699,4,381,32,1,1,214,202,12,0,0,0,1849,1719,1414,1,280,20,0,4,130,124,6,0,0,0,1849,22,1827,1703,1404,1,278,19,0,1,124,118,6,0,0,0,1428,1053,375
Yakutat City and Borough,AK,50,4,9,2,282,19812002035,4696710283,662,450,59.9990832,-140.2395926,662,560,281,2,237,27,12,1,102,97,0,74,3,6,0,2,0,0,0,9,3,0,0,0,0,4,1,0,0,662,17,645,544,268,2,235,27,12,0,101,96,4,1,0,0,500,440,227,2,178,27,5,1,60,56,4,0,0,0,500,10,490,431,221,2,176,27,5,0,59,55,4,0,0,0,450,270,180
Yukon-Koyukuk Census Area,AK,50,4,9,2,290,3.76856E+11,5956563857,5588,4038,65.3761313,-151.5768554,5588,5274,1243,10,3992,14,6,9,314,306,10,260,21,1,1,5,0,0,0,6,1,1,0,0,0,8,0,0,0,5588,66,5522,5216,1218,9,3967,14,6,2,306,298,8,0,0,0,4036,3870,1020,10,2819,11,2,8,166,163,3,0,0,0,4036,41,3995,3835,1003,9,2808,11,2,2,160,157,3,0,0,0,4038,2217,1821
Apache County,AZ,50,4,8,4,1,29001443825,54175788,71518,32514,35.3858453,-109.4937467,71518,70096,16634,175,52154,203,26,904,1422,1380,76,720,51,8,148,193,0,1,3,33,27,107,4,9,0,36,6,0,0,71518,4113,67405,66321,14568,157,51360,185,24,27,1084,1057,23,4,0,0,48858,48237,12874,157,34408,157,19,622,621,601,16,4,0,0,48858,2517,46341,45867,11470,141,34063,150,18,25,474,462,10,2,0,0,32514,22771,9743
Cochise County,AZ,50,4,8,4,3,15969063883,137025224,131346,59041,31.8817928,-109.7541201,131346,126071,103085,5465,1589,2525,418,12989,5275,4851,842,955,934,129,1324,88,116,19,96,29,3,106,95,88,27,374,44,6,0,131346,42543,88803,85742,76805,4936,989,2410,379,223,3061,2796,239,22,4,0,101096,98203,81736,4105,1205,2148,310,8699,2893,2715,158,16,4,0,101096,28210,72886,71169,64059,3826,786,2073,288,137,1717,1589,116,9,3,0,59041,50865,8176
Coconino County,AZ,50,4,8,4,5,48222689085,109964090,134421,63321,35.8296919,-111.7737277,134421,130310,82967,1629,36714,1846,164,6990,4111,3840,377,1523,600,79,655,189,21,2,46,46,33,181,35,45,8,247,20,4,0,134421,18166,116255,113453,74231,1495,35610,1787,138,192,2802,2618,169,11,4,0,102633,100416,68076,1335,24537,1610,139,4719,2217,2069,135,9,4,0,102633,11954,90679,89103,61997,1252,24026,1559,121,148,1576,1470,95,7,4,0,63321,46711,16610
Gila County,AZ,50,4,8,4,7,12322988718,97111978,53597,32698,33.7896177,-110.8118696,53597,52526,41162,233,7946,273,47,2865,1071,1035,74,454,79,11,318,23,1,0,15,6,11,27,6,10,0,35,1,0,0,53597,9588,44009,43436,35298,195,7615,256,34,38,573,561,12,0,0,0,42126,41515,33983,169,5077,227,35,2024,611,593,17,1,0,0,42126,6519,35607,35246,29922,154,4907,213,27,23,361,355,6,0,0,0,32698,22000,10698
Graham County,AZ,50,4,8,4,9,11972471194,47833765,37220,12980,32.9318277,-109.8783103,37220,36172,26827,683,5376,200,52,3034,1048,1006,110,228,68,25,449,32,2,3,26,5,7,24,11,8,8,40,0,2,0,37220,11320,25900,25465,19483,633,5074,193,49,33,435,414,19,0,2,0,26645,26089,19801,616,3367,167,50,2088,556,536,18,0,2,0,26645,7764,18881,18639,14613,578,3214,163,47,24,242,229,11,0,2,0,12980,11120,1860
Greenlee County,AZ,50,4,8,4,11,4773673819,13745365,8437,4372,33.2388723,-109.2423231,8437,8117,6514,89,195,46,5,1268,320,308,12,77,14,0,179,1,0,0,9,0,0,7,0,6,3,12,0,0,0,8437,4040,4397,4327,4054,79,142,44,5,3,70,65,5,0,0,0,5974,5834,4751,55,127,33,2,866,140,133,7,0,0,0,5974,2638,3336,3288,3103,51,99,31,2,2,48,45,3,0,0,0,4372,3188,1184
La Paz County,AZ,50,4,8,4,12,11653984341,36581791,20489,16049,33.7276249,-114.0387933,20489,19728,14306,129,2628,107,7,2551,761,722,47,304,38,6,162,42,0,0,5,6,0,106,1,4,1,39,0,0,0,20489,4806,15683,15276,12854,115,2201,90,5,11,407,383,24,0,0,0,16811,16389,12840,97,1703,91,6,1652,422,403,19,0,0,0,16811,3054,13757,13509,11847,90,1480,79,4,9,248,236,12,0,0,0,16049,9198,6851
Maricopa County,AZ,50,4,8,4,13,23828260196,62795719,3817117,1639279,33.3465408,-112.4955335,3817117,3685349,2786781,190519,78329,132225,7790,489705,131768,122267,24050,16363,23484,2594,36664,3371,2023,426,3951,809,281,3050,1352,3090,759,8672,688,132,9,3817117,1128741,2688376,2617329,2240055,177490,59252,128301,6723,5508,71047,65480,5087,387,90,3,2809256,2743407,2147723,132670,52457,100199,5442,304916,65849,61529,3937,287,89,7,2809256,694149,2115107,2079099,1805845,125763,41458,97783,4787,3463,36008,33233,2535,178,59,3,1639279,1411583,227696
Mohave County,AZ,50,4,8,4,15,34475546921,387371395,200186,110911,35.717705,-113.7496891,200186,194693,173878,1882,4500,2103,341,11989,5493,5122,631,1666,753,164,1407,66,30,13,50,33,17,146,64,58,24,337,21,13,0,200186,29569,170617,167363,159378,1715,3793,2016,316,145,3254,3034,202,12,6,0,158921,155822,141553,1439,3118,1759,261,7692,3099,2923,158,12,6,0,158921,18986,139935,137933,131890,1338,2673,1694,243,95,2002,1886,105,8,3,0,110911,82539,28372
Navajo County,AZ,50,4,8,4,17,25771473007,24078377,107449,56938,35.3909336,-110.3209076,107449,104801,52972,938,46611,580,75,3625,2648,2529,195,1103,132,50,542,212,3,1,16,49,26,161,12,18,9,113,4,2,0,107449,11571,95878,94228,47181,842,45551,542,68,44,1650,1587,60,3,0,0,75476,74346,40420,740,30314,436,49,2387,1130,1083,42,3,2,0,75476,7307,68169,67414,36395,695,29822,421,48,33,755,725,28,2,0,0,56938,35658,21280
Pima County,AZ,50,4,8,4,19,23794311939,5337525,980263,440909,32.1282374,-111.7830177,980263,944024,728751,34674,32605,25731,1624,120639,36239,33698,5531,5908,6361,557,10006,939,536,82,1064,253,89,1157,328,727,160,2334,187,19,1,980263,338802,641461,623722,541700,31075,23558,24592,1336,1461,17739,16442,1195,88,14,0,754947,734993,586571,25255,22127,20815,1158,79067,19954,18801,1044,95,13,1,754947,222633,532314,522139,460333,23387,16323,20088,987,1021,10175,9481,630,53,11,0,440909,388660,52249
Pinal County,AZ,50,4,8,4,21,13896869603,22331525,375770,159222,32.91891,-111.3672569,375770,361447,272013,17215,20949,6492,1565,43213,14323,13298,2245,2408,1591,259,4372,547,182,42,391,85,50,623,156,252,95,962,59,3,1,375770,106977,268793,261993,220486,16007,17410,6114,1489,487,6800,6295,475,28,1,1,276070,269560,207286,12126,14629,5037,1344,29138,6510,6114,372,22,1,1,276070,67599,208471,205202,174488,11550,12727,4822,1303,312,3269,3039,215,13,1,1,159222,125590,33632
Santa Cruz County,AZ,50,4,8,4,23,3203598541,3088171,47420,18010,31.5259036,-110.8451898,47420,46467,34835,179,328,255,15,10855,953,927,40,86,39,8,689,2,1,1,11,0,1,14,2,23,10,22,2,2,0,47420,39273,8147,8029,7564,89,115,235,7,19,118,111,6,1,0,0,32860,32201,24911,129,246,205,11,6699,659,640,15,2,2,0,32860,25684,7176,7096,6707,75,96,194,6,18,80,74,5,1,0,0,18010,15437,2573
Yavapai County,AZ,50,4,8,4,25,21039764981,11501683,211033,110432,34.6300439,-112.5737449,211033,205675,188515,1267,3549,1785,213,10346,5358,4980,570,1882,700,165,1253,84,11,3,27,33,18,125,53,38,18,342,31,4,1,211033,28728,182305,178944,172968,1104,2799,1703,182,188,3361,3122,220,17,1,1,170764,167638,155920,938,2523,1488,173,6596,3126,2908,187,26,4,1,170764,17985,152779,150632,145982,841,2085,1435,153,136,2147,1991,139,15,1,1,110432,90903,19529
Yuma County,AZ,50,4,8,4,27,14281174361,13253868,195751,87850,32.7739424,-113.910905,195751,188241,137881,3931,3056,2324,306,40743,7510,7099,642,907,803,118,3766,102,60,9,211,48,17,145,68,158,45,383,28,0,0,195751,116912,78839,76609,69022,3169,1957,2041,204,216,2230,2039,178,13,0,0,140566,136311,103118,2879,2136,1781,222,26175,4255,4078,165,12,0,0,140566,74204,66362,65092,59244,2508,1448,1612,166,114,1270,1179,82,9,0,0,87850,64767,23083
Arkansas County,AR,50,3,7,5,1,2560902522,116495598,19019,9436,34.2895735,-91.3765467,19019,18770,13659,4661,36,92,2,320,249,230,96,71,10,2,21,23,0,1,4,0,0,1,1,0,0,18,1,0,0,19019,513,18506,18281,13511,4634,31,92,2,11,225,209,15,1,0,0,14594,14478,10845,3289,31,74,2,237,116,108,7,1,0,0,14594,357,14237,14128,10744,3271,29,74,2,8,109,101,7,1,0,0,9436,8005,1431
Ashley County,AR,50,3,7,5,3,2396641905,39310651,21853,10137,33.1908354,-91.7722672,21853,21605,15143,5640,70,40,3,709,248,237,67,64,9,6,63,7,2,2,2,0,0,11,0,3,1,9,2,0,0,21853,1069,20784,20619,14901,5619,53,40,2,4,165,156,7,2,0,0,16523,16403,11796,4086,50,30,3,438,120,112,6,2,0,0,16523,643,15880,15794,11645,4075,41,30,2,1,86,78,6,2,0,0,10137,8765,1372
Baxter County,AR,50,3,7,5,5,1435587546,83997217,41513,22580,36.28071,-92.3304383,41513,40909,40231,67,232,169,17,193,604,571,34,362,76,18,69,7,1,0,0,0,0,3,0,1,0,30,0,3,0,41513,688,40825,40306,39837,59,217,163,16,14,519,497,22,0,0,0,34007,33624,33101,52,187,135,15,134,383,363,17,0,3,0,34007,432,33575,33229,32851,47,176,133,15,7,346,335,11,0,0,0,22580,18748,3832
Benton County,AR,50,3,7,5,7,2194644508,94662461,221339,93084,36.3378246,-94.2561871,221339,215433,182817,2814,3751,6319,671,19061,5906,5681,566,2582,722,75,1276,39,30,15,49,36,27,39,46,157,22,217,6,2,0,221339,34283,187056,182795,169605,2647,3440,6245,634,224,4261,4089,168,4,0,0,159491,156442,135639,1865,2529,4522,385,11502,3049,2967,76,5,1,0,159491,20026,139465,137199,128123,1766,2349,4485,363,113,2266,2204,58,4,0,0,93084,82087,10997
Boone County,AR,50,3,7,5,9,1528692190,30044428,36903,16827,36.3043077,-93.0792041,36903,36256,35624,72,263,156,21,120,647,634,52,455,60,21,33,1,0,0,2,4,1,2,2,0,1,13,0,0,0,36903,674,36229,35641,35139,64,247,153,21,17,588,581,7,0,0,0,28318,27903,27447,49,189,124,19,75,415,409,6,0,0,0,28318,416,27902,27517,27148,43,180,121,19,6,385,381,4,0,0,0,16827,15120,1707
Bradley County,AR,50,3,7,5,11,1681500473,9546870,11508,5860,33.4638194,-92.1681641,11508,11353,6934,3173,56,27,1,1162,155,148,43,35,7,4,29,17,2,0,7,0,0,1,0,3,0,7,0,0,0,11508,1516,9992,9885,6676,3167,15,25,1,1,107,106,1,0,0,0,8827,8742,5537,2438,29,24,1,713,85,84,1,0,0,0,8827,915,7912,7849,5379,2434,12,22,1,1,63,62,1,0,0,0,5860,4673,1187
Calhoun County,AR,50,3,7,5,13,1628017155,9926138,5368,2897,33.5604604,-92.513879,5368,5293,4001,1192,15,11,0,74,75,67,15,25,5,0,11,4,3,0,4,0,0,0,0,0,0,7,1,0,0,5368,152,5216,5152,3939,1190,10,11,0,2,64,56,7,1,0,0,4266,4224,3222,927,11,8,0,56,42,38,3,1,0,0,4266,100,4166,4129,3184,926,9,8,0,2,37,33,3,1,0,0,2897,2262,635
Carroll County,AR,50,3,7,5,15,1631917381,22566276,27446,13559,36.3377742,-93.5416633,27446,26827,24593,103,251,164,39,1677,619,598,47,319,43,8,147,1,0,0,11,1,0,7,0,6,8,20,1,0,0,27446,3489,23957,23554,23062,74,224,160,16,18,403,390,13,0,0,0,21263,20885,19446,67,203,124,23,1022,378,364,13,1,0,0,21263,2040,19223,18937,18562,47,183,121,9,15,286,276,10,0,0,0,13559,11393,2166
Chicot County,AR,50,3,7,5,17,1668740125,120391665,11800,5421,33.2671393,-91.2971578,11800,11708,4864,6381,23,55,4,381,92,90,21,17,8,1,19,20,1,0,1,0,0,0,0,2,0,2,0,0,0,11800,542,11258,11193,4761,6347,23,53,3,6,65,64,1,0,0,0,9076,9024,4061,4671,19,46,3,224,52,50,2,0,0,0,9076,319,8757,8717,3998,4651,19,45,3,1,40,39,1,0,0,0,5421,4579,842
Clark County,AR,50,3,7,5,19,2243121932,43395997,22995,10385,34.0533118,-93.1762051,22995,22651,16518,5413,98,120,5,497,344,332,139,83,41,6,35,10,1,1,8,0,0,1,1,6,0,11,1,0,0,22995,926,22069,21776,16177,5366,84,120,5,24,293,282,10,1,0,0,18515,18336,13738,4126,76,100,4,292,179,169,9,1,0,0,18515,532,17983,17828,13535,4106,68,100,4,15,155,146,8,1,0,0,10385,8783,1602
Clay County,AR,50,3,7,5,21,1656206452,5105957,16083,8031,36.3673021,-90.4187041,16083,15881,15682,56,42,20,1,80,202,202,39,101,21,1,29,2,0,4,0,1,1,3,0,0,0,0,0,0,0,16083,217,15866,15696,15577,56,40,18,1,4,170,170,0,0,0,0,12493,12363,12219,38,35,14,1,56,130,130,0,0,0,0,12493,136,12357,12248,12162,38,33,13,1,1,109,109,0,0,0,0,8031,6845,1186
Cleburne County,AR,50,3,7,5,23,1434055831,99015207,25970,15826,35.5662882,-92.0599743,25970,25605,25130,72,141,52,7,203,365,341,47,220,33,4,32,1,0,0,0,1,0,1,0,2,0,12,0,0,12,25970,517,25453,25149,24894,67,126,51,7,4,304,294,10,0,0,0,20808,20569,20237,47,109,43,7,126,239,227,8,0,0,4,20808,296,20512,20296,20101,44,99,42,7,3,216,209,7,0,0,0,15826,11078,4748
Cleveland County,AR,50,3,7,5,25,1548252069,2500394,8689,4064,33.8932006,-92.1887141,8689,8624,7452,1059,23,10,1,79,65,64,26,23,3,0,9,2,0,0,0,1,0,0,0,0,0,1,0,0,0,8689,145,8544,8487,7394,1053,23,10,1,6,57,56,1,0,0,0,6538,6506,5716,725,15,7,1,42,32,32,0,0,0,0,6538,86,6452,6424,5680,721,15,7,1,0,28,28,0,0,0,0,4064,3416,648
Columbia County,AR,50,3,7,5,27,1984066985,1813507,24552,11596,33.2150704,-93.2269012,24552,24296,14696,9059,71,177,4,289,256,232,94,48,16,4,35,14,7,0,11,0,0,0,1,0,2,23,1,0,0,24552,533,24019,23810,14545,9006,62,171,3,23,209,192,16,1,0,0,18958,18830,11877,6557,61,142,4,189,128,114,13,1,0,0,18958,357,18601,18494,11770,6520,54,139,3,8,107,97,9,1,0,0,11596,9759,1837
Conway County,AR,50,3,7,5,29,1430319825,37342580,21273,9720,35.2657024,-92.6892483,21273,20852,17917,2385,152,83,4,311,421,390,131,157,37,7,39,8,2,1,5,0,0,1,1,1,0,31,0,0,0,21273,757,20516,20146,17533,2376,147,76,4,10,370,343,27,0,0,0,16128,15900,13771,1762,112,60,0,195,228,216,12,0,0,0,16128,446,15682,15478,13552,1756,107,55,0,8,204,193,11,0,0,0,9720,8463,1257
Craighead County,AR,50,3,7,5,31,1831656075,14162379,96443,40515,35.8282682,-90.6304114,96443,94748,78323,12640,342,1075,29,2339,1695,1617,656,409,178,23,206,49,9,7,40,3,1,6,9,12,9,75,3,0,0,96443,4277,92166,90773,76760,12564,283,1068,23,75,1393,1330,60,3,0,0,72302,71566,60980,7979,272,872,19,1444,736,702,31,3,0,0,72302,2532,69770,69150,60059,7939,231,868,15,38,620,590,27,3,0,0,40515,37291,3224
Crawford County,AR,50,3,7,5,33,1536106675,28873990,61948,26115,35.5830407,-94.2362241,61948,60175,55194,725,1392,893,23,1948,1773,1723,260,992,181,13,199,13,5,5,9,5,2,24,2,13,0,44,5,1,0,61948,3760,58188,56728,53770,696,1331,874,19,38,1460,1424,31,4,1,0,45598,44699,41400,483,916,660,14,1226,899,877,19,2,1,0,45598,2186,43412,42630,40593,463,888,648,11,27,782,764,16,1,1,0,26115,23447,2668
Crittenden County,AR,50,3,7,5,35,1579271661,68938875,50902,21489,35.2118784,-90.3153314,50902,50345,23446,26051,135,301,8,404,557,524,197,97,46,7,67,46,27,6,19,2,0,3,0,3,4,21,2,10,0,50902,1014,49888,49423,23028,25953,120,301,6,15,465,440,14,1,10,0,36093,35818,18259,16963,94,227,6,269,275,254,11,2,8,0,36093,623,35470,35230,18001,16904,82,227,5,11,240,223,8,1,8,0,21489,19026,2463
Cross County,AR,50,3,7,5,37,1596418434,15348594,17870,7853,35.2912586,-90.7738942,17870,17683,13495,3972,47,83,3,83,187,180,69,49,19,0,25,12,1,1,1,3,0,0,0,0,0,6,1,0,0,17870,266,17604,17445,13343,3966,46,83,3,4,159,154,5,0,0,0,13376,13293,10364,2761,45,64,2,57,83,78,5,0,0,0,13376,161,13215,13144,10276,2757,44,64,2,1,71,67,4,0,0,0,7853,7002,851
Dallas County,AR,50,3,7,5,39,1728522942,1864048,8116,4305,33.9678233,-92.6539989,8116,8014,4476,3400,32,11,1,94,102,96,40,25,3,1,10,7,3,2,4,1,0,0,0,0,0,6,0,0,0,8116,188,7928,7840,4393,3396,32,10,1,8,88,85,3,0,0,0,6203,6154,3598,2467,26,7,1,55,49,47,2,0,0,0,6203,122,6081,6037,3541,2463,26,6,1,0,44,42,2,0,0,0,4305,3280,1025
Desha County,AR,50,3,7,5,41,1989504302,133058424,13008,6261,33.8287478,-91.2444274,13008,12890,6230,6216,35,43,2,364,118,115,36,29,6,1,11,8,3,1,9,0,0,4,0,0,7,2,1,0,0,13008,578,12430,12344,6083,6176,34,43,2,6,86,83,2,1,0,0,9631,9570,4928,4352,29,34,2,225,61,58,2,1,0,0,9631,356,9275,9230,4835,4330,28,34,2,1,45,42,2,1,0,0,6261,5321,940
Drew County,AR,50,3,7,5,43,2145431293,18920696,18509,8408,33.5872418,-91.7227781,18509,18296,12739,5144,43,95,5,270,213,207,92,42,14,4,25,17,4,1,7,0,0,0,0,1,0,6,0,0,0,18509,454,18055,17867,12587,5139,42,91,3,5,188,182,6,0,0,0,14148,14056,9982,3790,35,74,3,172,92,88,4,0,0,0,14148,285,13863,13781,9883,3787,34,72,3,2,82,78,4,0,0,0,8408,7360,1048
Faulkner County,AR,50,3,7,5,45,1678012685,41927331,113237,46612,35.1463563,-92.3246543,113237,110968,95420,11568,658,1277,48,1997,2269,2168,699,761,246,14,208,57,17,4,28,2,1,9,105,12,5,93,7,1,0,113237,4435,108802,106850,93326,11495,612,1266,42,109,1952,1880,66,6,0,0,85495,84308,73267,8157,497,1036,41,1310,1187,1140,41,5,1,0,85495,2821,82674,81624,71931,8118,460,1028,37,50,1050,1016,29,5,0,0,46612,42614,3998
Franklin County,AR,50,3,7,5,47,1576932379,27933924,18125,8021,35.508573,-93.8876719,18125,17818,17221,130,189,162,24,92,307,305,62,168,19,6,42,0,0,0,0,0,1,2,1,4,0,2,0,0,0,18125,371,17754,17493,16997,124,183,162,24,3,261,261,0,0,0,0,13694,13505,13101,78,135,100,18,73,189,187,2,0,0,0,13694,236,13458,13291,12966,76,129,100,18,2,167,167,0,0,0,0,8021,7037,984
Fulton County,AR,50,3,7,5,49,1601114128,5527461,12245,6778,36.3834433,-91.8192392,12245,12040,11857,40,79,28,1,35,205,193,37,125,16,2,12,0,0,0,0,0,0,0,1,0,0,12,0,0,0,12245,97,12148,11957,11805,39,79,28,1,5,191,182,9,0,0,0,9647,9534,9407,23,64,17,1,22,113,110,3,0,0,0,9647,59,9588,9479,9371,22,64,17,1,4,109,106,3,0,0,0,6778,5196,1582
Garland County,AR,50,3,7,5,51,1755444878,147213948,96024,50548,34.5788613,-93.1469148,96024,93810,82964,7615,587,695,45,1904,2214,2110,749,776,231,24,200,49,11,2,35,2,1,16,4,8,2,88,12,3,1,96024,4622,91402,89497,80621,7552,532,689,40,63,1905,1820,79,6,0,0,75931,74850,67174,5423,472,544,34,1203,1081,1024,50,5,1,1,75931,2879,73052,72124,65702,5392,435,538,29,28,928,878,46,4,0,0,50548,40994,9554
Grant County,AR,50,3,7,5,53,1636376859,2904466,17853,7758,34.2880633,-92.4239843,17853,17664,16940,390,77,48,2,207,189,186,34,91,29,3,20,3,1,0,2,0,1,0,1,1,0,3,0,0,0,17853,392,17461,17312,16801,385,75,47,1,3,149,147,2,0,0,0,13538,13435,12906,303,59,39,2,126,103,101,2,0,0,0,13538,229,13309,13224,12826,301,57,38,1,1,85,84,1,0,0,0,7758,6933,825
Greene County,AR,50,3,7,5,55,1496233476,4826525,42090,17892,36.1199223,-90.5652409,42090,41525,40578,233,209,108,7,390,565,553,143,251,48,14,83,1,6,0,2,0,0,2,2,0,1,12,0,0,0,42090,901,41189,40720,40166,232,194,107,7,14,469,459,10,0,0,0,31500,31197,30556,155,171,82,5,228,303,292,11,0,0,0,31500,495,31005,30737,30331,154,156,81,5,10,268,259,9,0,0,0,17892,16425,1467
Hempstead County,AR,50,3,7,5,57,1884267810,35372390,22609,10419,33.7286109,-93.6658093,22609,22177,13431,6646,88,82,19,1911,432,405,127,113,13,3,82,21,6,2,18,0,0,6,0,11,3,24,3,0,0,22609,2713,19896,19589,12770,6623,77,82,17,20,307,287,20,0,0,0,16731,16539,10557,4753,71,57,12,1089,192,175,16,1,0,0,16731,1517,15214,15069,10182,4746,66,57,10,8,145,130,15,0,0,0,10419,8839,1580
Hot Spring County,AR,50,3,7,5,59,1593367055,18052939,32923,14332,34.3151767,-92.9441474,32923,32350,28179,3568,154,95,16,338,573,538,166,206,53,9,61,26,3,3,6,1,0,1,0,2,1,35,0,0,0,32923,919,32004,31510,27703,3544,146,93,12,12,494,471,23,0,0,0,25237,24937,21926,2606,117,76,10,202,300,288,12,0,0,0,25237,543,24694,24431,21639,2596,110,76,9,1,263,255,8,0,0,0,14332,12664,1668
Howard County,AR,50,3,7,5,61,1524346632,17509479,13789,6238,34.0831786,-93.9909884,13789,13614,9894,2846,96,87,10,681,175,169,61,56,15,2,18,5,1,1,4,0,0,0,1,0,5,6,0,0,0,13789,1349,12440,12302,9292,2813,94,84,9,10,138,132,6,0,0,0,10166,10080,7531,2017,72,67,4,389,86,84,2,0,0,0,10166,750,9416,9350,7207,2001,70,65,3,4,66,64,2,0,0,0,6238,5365,873
Independence County,AR,50,3,7,5,63,1978628920,19593957,36647,16187,35.7374992,-91.5599423,36647,36085,33688,722,179,278,40,1178,562,547,140,207,62,6,100,6,1,6,7,1,0,2,1,7,1,14,1,0,0,36647,2139,34508,34076,32914,709,142,276,19,16,432,418,14,0,0,0,27855,27570,25941,511,136,188,30,764,285,271,14,0,0,0,27855,1276,26579,26334,25512,503,113,186,16,4,245,231,14,0,0,0,16187,14391,1796
Izard County,AR,50,3,7,5,65,1503686209,8913023,13696,7232,36.0948792,-91.9136252,13696,13518,13118,175,105,41,2,77,178,170,27,106,20,1,11,0,2,0,0,0,1,1,0,1,0,8,0,0,0,13696,208,13488,13327,13006,175,102,39,2,3,161,156,5,0,0,0,11071,10961,10632,166,78,34,2,49,110,107,3,0,0,0,11071,134,10937,10835,10556,166,76,32,2,3,102,101,1,0,0,0,7232,5731,1501
Jackson County,AR,50,3,7,5,67,1641892684,19587909,17997,7601,35.5966053,-91.223178,17997,17728,14363,3000,91,53,16,205,269,257,91,112,10,1,22,6,4,1,6,0,0,2,0,2,0,12,0,0,0,17997,436,17561,17331,14180,2988,86,53,16,8,230,220,10,0,0,0,14263,14125,11642,2231,79,45,7,121,138,129,9,0,0,0,14263,276,13987,13870,11517,2223,75,45,7,3,117,110,7,0,0,0,7601,6724,877
Jefferson County,AR,50,3,7,5,69,2255220650,111447666,77435,33006,34.2776955,-91.9307012,77435,76498,32507,42639,213,601,9,529,937,882,349,212,61,6,77,98,25,6,29,1,1,4,1,10,2,50,5,0,0,77435,1219,76216,75392,32050,42485,201,595,9,52,824,776,43,5,0,0,59007,58498,26762,30740,175,448,8,365,509,477,29,3,0,0,59007,791,58216,57752,26455,30653,165,442,8,29,464,434,27,3,0,0,33006,28873,4133
Johnson County,AR,50,3,7,5,71,1708883157,59415544,25540,11311,35.5733586,-93.4663223,25540,25046,22280,364,226,175,18,1983,494,488,74,223,39,6,96,7,0,0,13,5,1,4,0,14,6,5,0,1,0,25540,3094,22446,22084,21328,336,209,175,17,19,362,356,5,0,1,0,19211,18914,17127,271,175,131,14,1196,297,293,3,0,1,0,19211,1859,17352,17121,16543,256,165,131,13,13,231,227,3,0,1,0,11311,9812,1499
Lafayette County,AR,50,3,7,5,73,1368208312,43539379,7645,4353,33.2406596,-93.6116427,7645,7584,4642,2845,17,26,0,54,61,58,26,19,3,0,6,4,0,0,0,0,0,0,0,0,0,3,0,0,0,7645,131,7514,7459,4583,2837,11,26,0,2,55,53,2,0,0,0,5869,5831,3714,2047,13,22,0,35,38,35,3,0,0,0,5869,83,5786,5752,3679,2040,11,22,0,0,34,32,2,0,0,0,4353,3150,1203
Lawrence County,AR,50,3,7,5,75,1521913098,12244885,17415,8000,36.0410983,-91.1011529,17415,17210,16952,137,63,22,4,32,205,197,32,119,18,2,19,2,0,0,0,0,0,1,0,4,0,8,0,0,0,17415,158,17257,17070,16848,134,61,22,4,1,187,180,7,0,0,0,13423,13303,13107,110,46,17,3,20,120,116,4,0,0,0,13423,86,13337,13226,13052,108,45,17,3,1,111,107,4,0,0,0,8000,6938,1062
Lee County,AR,50,3,7,5,77,1560780566,43722296,10424,4356,34.77975,-90.7792884,10424,10303,4381,5761,49,41,2,69,121,111,50,33,6,0,2,13,2,1,4,0,0,0,0,0,0,8,2,0,0,10424,168,10256,10143,4320,5740,40,41,2,0,113,107,6,0,0,0,8264,8189,3703,4368,38,29,0,51,75,70,3,2,0,0,8264,130,8134,8064,3651,4352,32,29,0,0,70,67,3,0,0,0,4356,3624,732
Lincoln County,AR,50,3,7,5,79,1454321132,27631033,14134,4860,33.9576649,-91.7276236,14134,13994,9407,4223,38,27,1,298,140,138,41,55,14,1,16,8,0,0,2,0,0,0,1,0,0,2,0,0,0,14134,452,13682,13568,9296,4211,35,20,1,5,114,113,1,0,0,0,11391,11315,7531,3534,27,24,1,198,76,76,0,0,0,0,11391,304,11087,11021,7453,3525,24,17,1,1,66,66,0,0,0,0,4860,4207,653
Little River County,AR,50,3,7,5,81,1378529805,84207522,13171,6460,33.699497,-94.229774,13171,12907,9948,2519,192,39,2,207,264,256,84,120,6,6,19,11,2,0,3,3,1,0,0,0,1,8,0,0,0,13171,357,12814,12579,9831,2508,186,39,2,13,235,227,8,0,0,0,10034,9902,7802,1808,127,25,2,138,132,130,2,0,0,0,10034,227,9807,9687,7733,1802,123,25,2,2,120,118,2,0,0,0,6460,5411,1049
Logan County,AR,50,3,7,5,83,1834034439,60696140,22353,10108,35.2185495,-93.7205628,22353,21944,20844,297,237,361,4,201,409,395,76,210,31,4,40,6,2,1,2,5,2,2,4,10,0,14,0,0,0,22353,510,21843,21490,20608,285,228,361,4,4,353,340,13,0,0,0,16862,16640,15949,201,175,206,3,106,222,213,9,0,0,0,16862,270,16592,16390,15813,196,170,206,3,2,202,194,8,0,0,0,10108,8704,1404
Lonoke County,AR,50,3,7,5,85,1996176993,83170220,68356,27239,34.7551137,-91.894132,68356,67121,61353,4075,363,532,32,766,1235,1163,282,374,262,19,134,23,11,1,12,4,0,10,11,14,6,63,9,0,0,68356,2246,66110,65094,60108,4059,329,526,22,50,1016,961,47,8,0,0,49525,48959,44928,2869,266,382,27,487,566,537,27,2,0,0,49525,1283,48242,47770,44244,2861,245,378,17,25,472,446,25,1,0,0,27239,25295,1944
Madison County,AR,50,3,7,5,87,2160711386,7316240,15717,7481,36.0125452,-93.7240531,15717,15447,14711,28,190,81,11,426,270,260,22,168,16,2,41,0,1,0,0,0,0,3,1,6,0,10,0,0,0,15717,759,14958,14747,14451,27,171,81,11,6,211,205,6,0,0,0,11916,11753,11280,17,125,55,7,269,163,157,6,0,0,0,11916,442,11474,11337,11137,17,116,55,7,5,137,133,4,0,0,0,7481,6174,1307
Marion County,AR,50,3,7,5,89,1546245256,112174577,16653,9354,36.2666562,-92.678588,16653,16387,16146,30,115,37,8,51,266,256,13,186,22,7,20,0,1,0,2,0,0,2,2,1,0,9,0,1,0,16653,287,16366,16135,15963,28,99,37,4,4,231,222,9,0,0,0,13670,13488,13304,22,83,35,5,39,182,177,4,0,1,0,13670,166,13504,13339,13202,20,76,35,3,3,165,161,4,0,0,0,9354,7411,1943
Miller County,AR,50,3,7,5,91,1620239736,31263840,43462,19281,33.3055048,-93.9015091,43462,42724,31134,10667,293,198,17,415,738,702,260,219,57,5,65,21,25,11,24,1,0,7,1,3,3,24,11,1,0,43462,1038,42424,41806,30691,10589,280,196,17,33,618,592,17,9,0,0,32913,32552,24433,7464,224,155,14,262,361,336,13,11,1,0,32913,683,32230,31934,24121,7423,213,153,14,10,296,278,9,9,0,0,19281,17219,2062
Mississippi County,AR,50,3,7,5,93,2332475973,49826380,46480,20459,35.7669426,-90.0522086,46480,45785,28653,15817,136,233,3,943,695,673,273,141,32,4,127,25,18,6,34,0,0,5,1,7,0,22,0,0,0,46480,1695,44785,44250,28106,15761,120,229,1,33,535,522,13,0,0,0,33376,33076,21978,10270,87,170,3,568,300,291,9,0,0,0,33376,973,32403,32158,21656,10244,80,168,1,9,245,240,5,0,0,0,20459,17741,2718
Monroe County,AR,50,3,7,5,95,1572439014,36715157,8149,4455,34.6795127,-91.203314,8149,8053,4584,3330,29,36,0,74,96,86,35,30,1,2,5,9,1,0,3,0,0,0,0,0,0,10,0,0,0,8149,132,8017,7933,4549,3314,29,36,0,5,84,78,6,0,0,0,6309,6253,3798,2359,23,29,0,44,56,49,7,0,0,0,6309,85,6224,6175,3775,2348,23,29,0,0,49,44,5,0,0,0,4455,3481,974
Montgomery County,AR,50,3,7,5,97,2019879948,52859758,9487,5763,34.5456518,-93.6641468,9487,9298,8958,22,79,50,2,187,189,186,11,154,5,0,10,0,0,0,2,1,0,2,1,0,0,3,0,0,0,9487,361,9126,8949,8806,17,75,49,2,0,177,174,3,0,0,0,7489,7349,7140,11,61,32,0,105,140,137,3,0,0,0,7489,197,7292,7158,7058,9,59,32,0,0,134,131,3,0,0,0,5763,4000,1763
Nevada County,AR,50,3,7,5,99,1600189595,7257804,8997,4563,33.6666991,-93.3050716,8997,8875,5933,2764,31,23,1,123,122,119,54,32,10,0,9,1,0,0,6,1,0,0,3,3,0,3,0,0,0,8997,220,8777,8671,5861,2758,28,23,1,0,106,103,3,0,0,0,6866,6819,4685,2030,20,12,1,71,47,44,3,0,0,0,6866,127,6739,6698,4642,2024,19,12,1,0,41,38,3,0,0,0,4563,3697,866
Newton County,AR,50,3,7,5,101,2126110054,5931821,8330,4664,35.9100625,-93.2150843,8330,8148,8001,9,90,25,1,22,182,174,9,155,6,2,0,0,0,0,0,0,0,0,2,0,0,7,1,0,0,8330,141,8189,8010,7894,5,84,22,1,4,179,172,6,1,0,0,6594,6456,6338,7,77,19,1,14,138,135,2,1,0,0,6594,85,6509,6373,6276,4,71,17,1,4,136,133,2,1,0,0,4664,3571,1093
Ouachita County,AR,50,3,7,5,103,1897899921,18050486,26120,13121,33.5911582,-92.8784177,26120,25700,14883,10468,86,95,6,162,420,387,200,82,18,0,27,27,11,4,16,0,0,0,0,0,2,29,2,2,0,26120,408,25712,25339,14706,10434,80,95,4,20,373,342,28,1,2,0,19975,19798,11959,7595,70,66,4,104,177,157,16,2,2,0,19975,259,19716,19564,11847,7572,64,66,4,11,152,134,15,1,2,0,13121,11003,2118
Perry County,AR,50,3,7,5,105,1428125735,23648787,10445,4907,34.9463629,-92.9268772,10445,10275,9939,196,70,17,2,51,170,158,27,88,20,1,20,0,0,0,0,1,0,0,0,1,0,11,1,0,0,10445,247,10198,10056,9779,196,59,17,2,3,142,137,4,1,0,0,8043,7934,7711,130,46,12,2,33,109,103,5,1,0,0,8043,136,7907,7810,7627,130,37,12,2,2,97,93,3,1,0,0,4907,4170,737
Phillips County,AR,50,3,7,5,107,1801758335,82056090,21757,10126,34.4258423,-90.8483856,21757,21551,7618,13719,51,67,1,95,206,187,82,32,11,2,14,21,9,0,14,1,0,0,1,0,0,12,5,2,0,21757,287,21470,21293,7535,13652,39,64,1,2,177,163,7,5,2,0,15644,15547,6213,9185,31,53,1,64,97,88,5,2,2,0,15644,165,15479,15386,6157,9151,26,50,1,1,93,85,4,2,2,0,10126,8491,1635
Pike County,AR,50,3,7,5,109,1555592368,34995957,11291,5580,34.1581907,-93.6586589,11291,11106,10163,330,70,57,1,485,185,181,38,101,10,5,19,0,0,0,1,0,0,2,0,5,0,4,0,0,0,11291,727,10564,10411,9963,327,63,55,1,2,153,150,3,0,0,0,8504,8405,7755,259,53,39,1,298,99,98,1,0,0,0,8504,430,8074,7987,7644,257,47,37,1,1,87,86,1,0,0,0,5580,4457,1123
Poinsett County,AR,50,3,7,5,111,1964217602,13522889,24583,10923,35.5689809,-90.6805953,24583,24253,22089,1775,59,45,4,281,330,324,128,105,26,6,40,12,1,0,4,0,0,0,0,1,1,5,1,0,0,24583,543,24040,23760,21881,1764,56,45,4,10,280,276,3,1,0,0,18624,18475,17012,1210,43,35,3,172,149,146,2,1,0,0,18624,306,18318,18185,16899,1202,41,35,3,5,133,130,2,1,0,0,10923,9754,1169
Polk County,AR,50,3,7,5,113,2221377955,12387478,20662,10002,34.4909149,-94.2308841,20662,20184,19144,65,364,94,5,512,478,470,26,362,28,3,39,2,0,0,0,0,0,8,0,2,0,5,3,0,0,20662,1190,19472,19052,18549,54,348,88,5,8,420,414,4,2,0,0,15741,15416,14762,25,247,69,4,309,325,318,4,3,0,0,15741,659,15082,14782,14449,21,237,67,4,4,300,295,3,2,0,0,10002,8450,1552
Pope County,AR,50,3,7,5,115,2104490517,47206953,61754,25551,35.4552965,-93.0315353,61754,60388,55273,1784,471,605,25,2230,1366,1310,267,646,154,8,183,14,3,0,6,4,1,5,8,10,1,55,1,0,0,61754,4168,57586,56463,53667,1748,397,597,18,36,1123,1087,35,1,0,0,47513,46756,43199,1267,370,494,16,1410,757,734,23,0,0,0,47513,2526,44987,44333,42234,1252,325,489,14,19,654,637,17,0,0,0,25551,23353,2198
Prairie County,AR,50,3,7,5,117,1678203880,71628651,8715,4503,34.828225,-91.5571995,8715,8635,7529,1064,26,6,0,10,80,78,27,36,4,0,6,1,0,0,1,0,0,0,0,0,3,1,1,0,0,8715,81,8634,8562,7470,1061,26,5,0,0,72,71,0,1,0,0,6837,6791,5998,758,22,5,0,8,46,44,1,1,0,0,6837,53,6784,6744,5963,755,22,4,0,0,40,39,0,1,0,0,4503,3685,818
Pulaski County,AR,50,3,7,5,119,1967777404,124061704,382748,175555,34.7739877,-92.3165149,382748,374887,220051,133858,1555,7505,272,11646,7861,7273,2420,1380,1093,91,915,512,281,47,256,26,5,78,32,117,20,551,27,10,0,382748,22168,360580,354301,211697,133242,1267,7425,155,515,6279,5835,420,18,6,0,290563,286591,178795,93104,1192,5683,213,7604,3972,3668,282,17,5,0,290563,14447,276116,272957,173203,92767,987,5639,115,246,3159,2914,230,12,3,0,175555,158772,16783
Randolph County,AR,50,3,7,5,121,1689166005,9968447,17969,8513,36.3412985,-91.0284409,17969,17717,17339,128,90,32,5,123,252,240,50,123,20,4,36,1,0,0,0,0,4,2,0,0,0,12,0,0,0,17969,283,17686,17476,17226,128,89,28,4,1,210,198,12,0,0,0,13798,13641,13380,94,69,21,4,73,157,151,6,0,0,0,13798,162,13636,13492,13306,94,68,20,3,1,144,138,6,0,0,0,8513,7299,1214
St. Francis County,AR,50,3,7,5,123,1644048592,20050191,28258,10903,35.0144383,-90.7421993,28258,27848,12502,14667,148,136,9,386,410,388,132,67,27,4,66,31,14,7,27,0,0,8,3,0,2,20,2,0,0,28258,1149,27109,26816,11973,14565,127,133,9,9,293,276,16,1,0,0,21581,21335,10337,10393,134,116,9,346,246,228,16,2,0,0,21581,1014,20567,20400,9855,10305,113,113,9,5,167,153,13,1,0,0,10903,9616,1287
Saline County,AR,50,3,7,5,125,1874124567,17835823,107118,44811,34.6485246,-92.674463,107118,105587,96978,4994,542,931,17,2125,1531,1451,371,558,213,22,187,22,10,1,18,7,0,10,7,18,7,68,8,1,3,107118,4087,103031,101754,95298,4945,494,920,15,82,1277,1205,61,7,1,3,80979,80219,74435,3342,417,670,16,1339,760,726,26,4,1,3,80979,2450,78529,77878,73458,3311,387,665,14,43,651,617,26,4,1,3,44811,41441,3370
Scott County,AR,50,3,7,5,127,2311098364,14901123,11233,5193,34.8588693,-94.0636413,11233,10951,9880,53,208,384,3,423,282,279,26,182,18,0,37,0,0,0,0,2,0,0,0,14,0,3,0,0,0,11233,782,10451,10213,9587,51,190,379,3,3,238,235,3,0,0,0,8350,8200,7534,27,141,255,3,240,150,148,2,0,0,0,8350,422,7928,7790,7383,25,127,250,3,2,138,136,2,0,0,0,5193,4368,825
Searcy County,AR,50,3,7,5,129,1725176918,6256956,8195,4900,35.9096596,-92.6993507,8195,8014,7867,12,96,11,2,26,181,177,11,148,7,1,7,1,1,0,0,0,0,1,0,0,0,4,0,0,0,8195,121,8074,7907,7800,3,91,11,1,1,167,167,0,0,0,0,6520,6387,6290,4,70,10,1,12,133,133,0,0,0,0,6520,64,6456,6331,6250,1,68,10,1,1,125,125,0,0,0,0,4900,3574,1326
Sebastian County,AR,50,3,7,5,131,1377643728,36905742,125744,54651,35.1969808,-94.274989,125744,121225,96344,8019,2366,5102,109,9285,4519,4272,981,1688,460,33,673,118,41,4,77,27,1,48,20,83,18,237,10,0,0,125744,15445,110299,106809,91585,7848,2186,5039,69,82,3490,3325,158,7,0,0,93862,91630,75159,5519,1630,3789,79,5454,2232,2135,89,8,0,0,93862,8832,85030,83231,72413,5441,1534,3756,50,37,1799,1730,62,7,0,0,54651,49599,5052
Sevier County,AR,50,3,7,5,133,1463670417,41830997,17058,6887,33.9946083,-94.2432898,17058,16535,11949,734,398,63,4,3387,523,503,63,220,13,3,163,6,2,0,8,7,0,14,0,3,1,20,0,0,0,17058,5220,11838,11540,10416,717,324,62,2,19,298,290,8,0,0,0,12018,11763,9022,549,252,52,4,1884,255,249,6,0,0,0,12018,2845,9173,9004,8185,541,218,51,2,7,169,167,2,0,0,0,6887,5975,912
Sharp County,AR,50,3,7,5,135,1565489388,5172578,17264,9822,36.1733989,-91.4710689,17264,16969,16582,93,170,50,2,72,295,291,39,190,17,1,27,11,1,0,1,3,0,1,0,0,0,4,0,0,0,17264,290,16974,16709,16399,91,164,49,2,4,265,262,3,0,0,0,13547,13364,13092,52,132,39,2,47,183,180,3,0,0,0,13547,182,13365,13197,12975,52,128,38,2,2,168,165,3,0,0,0,9822,7360,2462
Stone County,AR,50,3,7,5,137,1570581314,7838986,12394,6712,35.8569888,-92.1404941,12394,12194,11995,11,84,45,4,55,200,195,9,146,12,4,17,1,0,0,0,1,0,3,2,0,0,4,1,0,0,12394,157,12237,12056,11912,11,82,45,3,3,181,177,3,1,0,0,9839,9702,9563,7,68,37,3,24,137,132,4,1,0,0,9839,88,9751,9622,9506,7,67,37,3,2,129,125,3,1,0,0,6712,5325,1387
Union County,AR,50,3,7,5,139,2691552718,41401571,41639,19653,33.1682186,-92.5981447,41639,41117,26276,13721,143,207,14,756,522,494,157,172,34,5,55,37,4,1,20,0,2,0,1,5,1,26,2,0,0,41639,1460,40179,39748,25722,13674,127,196,11,18,431,411,18,2,0,0,31578,31302,20810,9761,120,148,13,450,276,253,21,2,0,0,31578,893,30685,30456,20459,9730,109,142,10,6,229,212,15,2,0,0,19653,16951,2702
Van Buren County,AR,50,3,7,5,141,1834082139,41805938,17295,10345,35.5829588,-92.5159772,17295,16956,16598,68,119,56,2,113,339,330,39,237,13,1,28,3,0,0,3,0,0,5,0,1,0,9,0,0,0,17295,475,16820,16525,16282,65,113,56,2,7,295,289,6,0,0,0,13758,13550,13288,47,94,42,2,77,208,203,5,0,0,0,13758,308,13450,13260,13076,45,90,42,2,5,190,186,4,0,0,0,10345,7433,2912
Washington County,AR,50,3,7,5,143,2439681852,27046999,203065,87808,35.9712088,-94.2184168,203065,197366,162253,6006,2393,4416,4128,18170,5699,5405,1005,2216,712,81,921,56,37,14,69,18,33,56,41,60,86,260,21,13,0,203065,31458,171607,167227,150546,5828,2154,4372,4100,227,4380,4176,184,9,11,0,151581,148500,126218,4244,1727,3412,2229,10670,3081,2960,110,8,3,0,151581,18295,133286,130818,119366,4146,1592,3383,2214,117,2468,2385,80,1,2,0,87808,76389,11419
White County,AR,50,3,7,5,145,2680832626,18311035,77076,32488,35.2547221,-91.7531583,77076,75662,70425,3074,449,419,36,1259,1414,1359,520,508,129,20,118,14,8,4,9,4,1,16,6,2,0,53,2,0,0,77076,2879,74197,72968,69026,3033,425,411,30,43,1229,1184,43,2,0,0,58643,58003,54345,2163,329,340,30,796,640,619,21,0,0,0,58643,1707,56936,56358,53515,2143,319,334,27,20,578,559,19,0,0,0,32488,29342,3146
Woodruff County,AR,50,3,7,5,147,1519780744,18707994,7260,3893,35.189071,-91.2444178,7260,7156,5075,1994,18,15,5,49,104,98,54,23,3,0,0,9,2,4,3,0,0,0,0,0,0,6,0,0,0,7260,87,7173,7070,5041,1989,17,15,5,3,103,97,6,0,0,0,5588,5539,4027,1453,15,12,4,28,49,46,3,0,0,0,5588,52,5536,5488,4007,1451,14,12,4,0,48,45,3,0,0,0,3893,3134,759
Yell County,AR,50,3,7,5,149,2408647209,48880316,22185,9752,34.9977133,-93.4083032,22185,21797,19226,307,149,287,11,1817,388,379,53,123,37,5,126,1,2,1,0,8,1,4,4,14,0,9,0,0,0,22185,4230,17955,17722,17020,288,127,278,2,7,233,227,6,0,0,0,16354,16147,14542,229,117,196,7,1056,207,202,5,0,0,0,16354,2427,13927,13798,13278,220,101,193,2,4,129,126,3,0,0,0,9752,8219,1533
Alameda County,CA,50,4,9,6,1,1914046110,213184643,1510271,582549,37.6480811,-121.9133039,1510271,1419274,649122,190451,9799,394560,12802,162540,90997,81914,10104,6962,29250,2109,14159,2566,3331,582,2357,897,133,824,3336,4408,896,8082,888,103,10,1510271,339889,1170382,1109520,514559,184126,4189,390524,11931,4191,60862,55072,5171,551,63,5,1169650,1117205,531606,146996,7418,310275,9440,111470,52445,47594,4332,445,67,7,1169650,231173,938477,902841,436886,143194,3341,307657,8887,2876,35636,32306,3002,279,44,5,582549,545138,37411
Alpine County,CA,50,4,9,6,3,1912271907,12557251,1175,1760,38.6176096,-119.7989986,1175,1147,881,0,240,7,0,19,28,26,1,19,5,0,0,0,0,0,0,1,0,0,0,0,0,2,0,0,0,1175,84,1091,1070,852,0,210,7,0,1,21,19,2,0,0,0,919,901,725,0,156,7,0,13,18,18,0,0,0,0,919,47,872,855,702,0,145,7,0,1,17,17,0,0,0,0,1760,497,1263
Amador County,CA,50,4,9,6,5,1539962991,29456575,38091,18032,38.4435501,-120.6538563,38091,36735,33149,962,678,419,77,1450,1356,1253,94,588,196,41,220,7,5,3,8,29,2,29,13,13,5,92,5,6,0,38091,4756,33335,32399,30325,938,547,396,63,130,936,876,51,3,6,0,31698,30896,27914,887,524,359,66,1146,802,753,42,3,4,0,31698,3538,28160,27572,25764,869,429,337,57,116,588,558,24,2,4,0,18032,14569,3463
Butte County,CA,50,4,9,6,7,4238423238,105325758,220000,95835,39.6659588,-121.6019188,220000,209556,180096,3415,4395,9057,452,12141,10444,9646,1269,3765,1681,308,1796,167,51,15,89,83,20,130,83,134,55,744,48,6,0,220000,31116,188884,181584,165416,3133,3395,8921,401,318,7300,6763,500,32,5,0,173832,167851,147304,2568,3070,6188,336,8385,5981,5590,363,23,5,0,173832,20351,153481,149027,137525,2417,2467,6091,295,232,4454,4167,264,19,4,0,95835,87618,8217
Calaveras County,CA,50,4,9,6,9,2641819725,43810420,45578,27925,38.1878437,-120.5551154,45578,43778,40522,383,689,571,79,1534,1800,1690,117,803,276,51,341,18,12,1,12,6,3,17,13,18,2,104,4,2,0,45578,4703,40875,39623,38074,355,526,529,71,68,1252,1184,65,1,2,0,36635,35556,33198,263,537,447,67,1044,1079,1027,49,1,2,0,36635,3121,33514,32699,31498,250,423,420,61,47,815,778,34,1,2,0,27925,18886,9039
Colusa County,CA,50,4,9,6,11,2980379369,14581020,21419,7883,39.1777385,-122.2375629,21419,20655,13854,195,419,281,68,5838,764,717,53,128,77,14,348,4,2,1,4,6,1,19,17,25,18,41,4,2,0,21419,11804,9615,9343,8524,168,296,267,59,29,272,247,22,2,1,0,15009,14592,10249,127,258,219,59,3680,417,396,17,2,2,0,15009,7307,7702,7536,6946,115,190,209,53,23,166,152,11,2,1,0,7883,7056,827
Contra Costa County,CA,50,4,9,6,13,1854268836,227485306,1049025,400263,37.919479,-121.9515431,1049025,986800,614512,97161,6122,151469,4845,112691,62225,56376,6855,6076,19514,1385,12192,1184,2076,313,1513,407,68,507,1463,2356,467,5247,511,90,1,1049025,255560,793465,753896,500923,93604,2984,148881,4382,3122,39569,35982,3243,290,54,0,788520,755946,483323,70870,4630,117702,3537,75884,32574,29845,2449,226,53,1,788520,167704,620816,600026,407269,68944,2389,116092,3278,2054,20790,18933,1688,136,33,0,400263,375364,24899
Del Norte County,CA,50,4,9,6,15,2606493856,578525663,28610,11186,41.7499033,-123.9809983,28610,27312,21098,993,2244,965,32,1980,1298,1227,66,750,158,15,127,13,6,0,8,17,9,34,8,15,1,69,2,0,0,28610,5093,23517,22551,18513,967,1935,938,26,172,966,924,40,2,0,0,22472,21735,17270,961,1489,565,28,1422,737,700,36,1,0,0,22472,3738,18734,18165,15176,940,1310,552,25,162,569,546,22,1,0,0,11186,9907,1279
El Dorado County,CA,50,4,9,6,17,4423396606,203243236,181058,88159,38.785532,-120.5343981,181058,174141,156793,1409,2070,6297,294,7278,6917,6399,548,2178,1912,228,1084,33,36,3,35,41,22,57,104,93,25,476,30,12,0,181058,21875,159183,154260,144689,1296,1553,6143,261,318,4923,4601,289,25,8,0,139883,135984,123654,1031,1568,4781,228,4722,3899,3652,220,19,8,0,139883,13875,126008,123127,115855,966,1202,4677,206,221,2881,2706,154,16,5,0,88159,70223,17936
Fresno County,CA,50,4,9,6,19,15431126407,137815999,930450,315531,36.7610058,-119.6550193,930450,888164,515145,49523,15649,89357,1405,217085,42286,39630,3970,5716,6110,585,14941,696,612,73,1596,746,60,1175,503,2471,376,2424,201,29,2,930450,468070,462380,445172,304522,45005,5979,86856,1066,1744,17208,16052,1069,83,4,0,652943,630144,384420,33624,10534,61828,997,138741,22799,21573,1115,93,17,1,652943,295803,357140,347399,249051,31469,4432,60471,798,1178,9741,9137,555,46,3,0,315531,289391,26140
Glenn County,CA,50,4,9,6,21,3403106702,33750196,28122,10778,39.6025462,-122.4016998,28122,27108,19990,231,619,722,24,5522,1014,954,72,333,97,16,328,8,4,1,11,11,0,30,2,27,14,60,0,0,0,28122,10539,17583,17121,15717,192,477,674,22,39,462,431,31,0,0,0,20257,19708,15052,163,421,501,18,3553,549,533,16,0,0,0,20257,6542,13715,13444,12453,139,336,474,16,26,271,263,8,0,0,0,10778,9800,978
Humboldt County,CA,50,4,9,6,23,9241044673,1254256396,134623,61559,40.7066731,-123.9258181,134623,127450,109920,1505,7726,2944,352,5003,7173,6581,643,3566,1036,166,708,93,33,12,37,60,12,92,43,67,13,526,52,11,3,134623,13211,121412,115866,103958,1393,6961,2854,332,368,5546,5142,365,32,7,0,107562,103208,90916,1217,5226,2143,257,3449,4354,4030,286,26,9,3,107562,8705,98857,95391,86867,1136,4776,2080,241,291,3466,3235,210,15,6,0,61559,56031,5528
Imperial County,CA,50,4,9,6,25,10817352524,790247942,174528,56067,33.0408155,-115.3553946,174528,166806,102553,5773,3059,2843,165,52413,7722,7362,322,612,618,45,4684,97,43,1,252,51,1,162,15,388,71,333,27,0,0,174528,140271,34257,33160,23927,5114,1642,2201,87,189,1097,1014,75,8,0,0,123430,118672,74452,5022,2070,2165,119,34844,4758,4590,158,10,0,0,123430,94909,28521,27829,20061,4669,1137,1744,77,141,692,657,30,5,0,0,56067,49126,6941
Inyo County,CA,50,4,9,6,27,26368354217,119208057,18546,9478,36.561977,-117.4039269,18546,17906,13741,109,2121,243,16,1676,640,612,24,305,86,9,129,14,0,0,4,8,9,18,1,4,1,28,0,0,0,18546,3597,14949,14558,12296,102,1895,229,15,21,391,375,16,0,0,0,14646,14295,11460,85,1476,195,13,1066,351,336,15,0,0,0,14646,2195,12451,12212,10553,80,1360,189,13,17,239,227,12,0,0,0,9478,8049,1429
Kern County,CA,50,4,9,6,29,21061565098,79577235,839631,284367,35.3466288,-118.7295064,839631,801775,499766,48921,12676,34846,1252,204314,37856,35625,4048,6885,4742,476,13641,622,469,96,1183,309,60,860,340,1535,359,2074,118,37,2,839631,413033,426598,410631,323794,45377,5893,33100,995,1472,15967,14945,948,54,19,1,585550,565229,367557,34121,8848,26084,872,127747,20321,19318,914,67,21,1,585550,256570,328980,319904,256243,32427,4462,25050,728,994,9076,8549,477,37,12,1,284367,254610,29757
Kings County,CA,50,4,9,6,31,3598582308,5468555,152982,43867,36.072478,-119.8155301,152982,145490,83027,11014,2562,5620,271,42996,7492,6956,929,889,1343,149,2597,88,129,20,254,31,12,163,92,199,61,484,49,2,1,152982,77866,75116,71860,53879,10314,1297,5339,228,803,3256,2979,248,27,2,0,110434,106873,61264,9006,1696,4318,202,30387,3561,3359,179,23,0,0,110434,50909,59525,57863,43171,8693,917,4178,178,726,1662,1546,102,14,0,0,43867,41233,2634
Lake County,CA,50,4,9,6,33,3254227528,188962335,64665,35492,39.0948019,-122.7467569,64665,61601,52033,1232,2049,724,108,5455,3064,2760,337,1182,295,119,521,44,16,2,27,36,28,99,16,19,19,274,25,5,0,64665,11088,53577,51553,47938,1186,1530,695,97,107,2024,1850,162,11,1,0,50993,49215,42617,1010,1388,607,88,3505,1778,1639,129,6,4,0,50993,6904,44089,42783,39959,989,1087,584,79,85,1306,1214,89,2,1,0,35492,26548,8944
Lassen County,CA,50,4,9,6,35,11761612172,463440721,34895,12710,40.7210889,-120.6299314,34895,33683,25532,2834,1234,356,165,3562,1212,1162,145,575,136,46,169,18,8,0,8,11,11,12,10,8,5,46,1,3,0,34895,6117,28778,27922,23270,2790,999,337,163,363,856,829,24,0,3,0,28602,27868,20487,2758,935,303,126,3259,734,706,25,1,2,0,28602,5041,23561,23046,18788,2720,771,285,124,358,515,497,16,0,2,0,12710,10058,2652
Los Angeles County,CA,50,4,9,6,37,10509869649,1795012906,9818605,3445076,34.1963983,-118.2618616,9818605,9379892,4936599,856874,72828,1346865,26094,2140632,438713,408854,38459,30425,96377,7074,157099,8434,9485,1799,16435,3265,368,9213,7827,18688,3906,26807,2683,323,46,9818605,4687889,5130716,4935795,2728321,815086,18886,1325671,22464,25367,194921,178686,14574,1499,147,15,7416397,7140630,3852346,652986,53960,1110817,19019,1451502,275767,258201,15754,1548,226,38,7416397,3199390,4217007,4093433,2318944,627714,15440,1097559,16730,17046,123574,113108,9379,968,104,15,3445076,3241204,203872
Madera County,CA,50,4,9,6,39,5534982985,41957504,150865,49140,37.2100387,-119.7498519,150865,144565,94456,5629,4136,2802,162,37380,6300,6007,447,1472,585,112,2502,61,53,6,146,46,15,265,38,173,86,277,13,1,2,150865,80992,69873,67468,57380,5009,1790,2533,107,649,2405,2313,87,5,0,0,108016,104395,70881,4576,2831,2097,137,23873,3621,3491,124,3,1,2,108016,50909,57107,55618,47335,4249,1379,1950,101,604,1489,1445,42,2,0,0,49140,43317,5823
Marin County,CA,50,4,9,6,41,1347585521,797420433,252409,111214,38.0518169,-122.7459738,252409,241716,201963,6987,1523,13761,509,16973,10693,9843,1153,1422,4027,213,2063,96,127,38,105,52,9,158,108,231,41,781,64,5,0,252409,39069,213340,206029,183830,6621,531,13577,436,1034,7311,6724,540,44,3,0,200195,194158,163215,5780,1156,11304,415,12288,6037,5558,443,33,3,0,200195,27662,172533,168670,150406,5538,445,11163,361,757,3863,3525,313,23,2,0,111214,103210,8004
Mariposa County,CA,50,4,9,6,43,3752416976,36271400,18251,10188,37.5700335,-119.9128599,18251,17506,16103,138,527,204,26,508,745,694,65,375,84,16,101,20,1,0,1,4,0,17,4,5,1,48,3,0,0,18251,1676,16575,16029,15192,129,459,201,26,22,546,525,20,1,0,0,15009,14522,13424,118,402,173,20,385,487,461,25,1,0,0,15009,1141,13868,13476,12793,113,365,170,20,15,392,378,13,1,0,0,10188,7693,2495
Mendocino County,CA,50,4,9,6,45,9081386386,962952644,87841,40323,39.4323876,-123.4428811,87841,83871,67218,622,4277,1450,119,10185,3970,3693,327,1622,406,90,862,40,9,6,16,44,24,172,15,40,20,254,23,0,0,87841,19505,68336,65904,60249,544,3486,1402,92,131,2432,2265,152,15,0,0,68380,66144,54965,481,2914,1161,92,6531,2236,2119,107,10,0,0,68380,11990,56390,54884,50710,431,2440,1132,76,95,1506,1423,76,7,0,0,40323,34945,5378
Merced County,CA,50,4,9,6,47,5011554741,112760487,255793,83698,37.1948063,-120.7228019,255793,243864,148381,9926,3473,18836,583,62665,11929,11169,1175,1588,1537,274,4648,130,202,34,342,152,24,196,140,594,133,657,86,17,0,255793,140485,115308,110608,81599,8785,1126,18183,476,439,4700,4329,324,41,6,0,175095,168653,106171,7019,2393,13010,426,39634,6442,6129,270,31,12,0,175095,86404,88691,85917,65220,6482,901,12650,371,293,2774,2591,162,16,5,0,83698,75642,8056
Modoc County,CA,50,4,9,6,49,10146977156,739774453,9686,5192,41.5929185,-120.7183704,9686,9315,8084,82,370,78,21,680,371,349,22,178,26,8,80,6,1,0,3,0,1,19,3,2,0,22,0,0,0,9686,1342,8344,8124,7649,77,293,70,21,14,220,211,9,0,0,0,7562,7352,6531,68,263,63,17,410,210,199,11,0,0,0,7562,803,6759,6609,6230,65,222,62,17,13,150,144,6,0,0,0,5192,4064,1128
Mono County,CA,50,4,9,6,51,7896827391,214695487,14202,13912,37.9158363,-118.8751668,14202,13788,11697,47,302,192,11,1539,414,401,37,95,95,15,115,12,1,0,4,5,0,14,4,3,1,13,0,0,0,14202,3762,10440,10203,9687,42,239,191,11,33,237,227,10,0,0,0,11223,10971,9566,38,215,164,10,978,252,245,7,0,0,0,11223,2379,8844,8702,8294,36,178,163,10,21,142,138,4,0,0,0,13912,5768,8144
Monterey County,CA,50,4,9,6,53,8496702738,1270714482,415057,139048,36.240107,-121.3155732,415057,393700,230717,12785,5464,25258,2071,117405,21357,19345,1596,2267,4570,406,6838,184,507,81,437,267,25,430,591,969,177,1830,169,13,0,415057,230003,185054,175482,136435,11300,1361,23777,1868,741,9572,8470,1016,77,9,0,304044,291489,179118,10451,3797,20574,1589,75960,12555,11611,875,59,10,0,304044,149355,154689,148924,116552,9628,1128,19622,1472,522,5765,5200,529,29,7,0,139048,125946,13102
Napa County,CA,50,4,9,6,55,1938247338,104169342,136484,54759,38.5073511,-122.3259947,136484,130904,97525,2668,1058,9223,372,20058,5580,5176,442,926,1250,184,1710,52,82,7,52,30,5,101,115,173,47,369,29,6,0,136484,44010,92474,89471,76967,2440,544,8986,313,221,3003,2762,221,14,6,0,104998,101812,78155,2068,789,7119,276,13405,3186,2985,190,9,2,0,104998,28703,76295,74533,64764,1921,449,6994,241,164,1762,1633,122,5,2,0,54759,48876,5883
Nevada County,CA,50,4,9,6,57,2480616988,41514942,98764,52590,39.2951907,-120.7734456,98764,95641,90233,389,1044,1187,110,2678,3123,2879,233,1394,595,105,381,21,18,1,5,31,7,22,35,21,10,215,23,3,3,98764,8439,90325,87953,85477,341,793,1124,96,122,2372,2200,152,16,1,3,79658,77784,73896,284,780,989,79,1756,1874,1741,121,9,1,2,79658,5539,74119,72633,70657,254,615,950,71,86,1486,1385,92,6,1,2,52590,41527,11063
Orange County,CA,50,4,9,6,59,2047561084,407916814,3010232,1048907,33.6756872,-117.7772068,3010232,2882433,1830758,50744,18132,537804,9354,435641,127799,119696,8783,12576,43900,3287,34977,775,1797,301,2057,914,128,1458,2815,5157,771,7399,605,93,6,3010232,1012973,1997259,1925142,1328499,44000,6216,532477,8357,5593,72117,67226,4506,339,45,1,2273573,2201296,1430117,38756,13357,423562,6925,288579,72277,68165,3725,322,62,3,2273573,669206,1604367,1563493,1093451,34748,5055,420153,6336,3750,40874,38192,2447,198,36,1,1048907,992781,56126
Placer County,CA,50,4,9,6,61,3644136017,247205361,348432,152648,39.0620324,-120.7227181,348432,333327,290977,4751,3011,20435,778,13375,15105,13782,1533,3263,4954,445,2326,108,163,22,105,94,17,130,222,344,56,1221,95,7,0,348432,44710,303722,293064,265294,4427,2080,19963,697,603,10658,9833,767,52,6,0,263347,255730,225134,3554,2193,15269,605,8975,7617,7098,482,33,4,0,263347,28518,234829,229280,208386,3383,1592,14972,552,395,5549,5200,328,17,4,0,152648,132627,20021
Plumas County,CA,50,4,9,6,63,6612350713,156395470,20007,15566,39.9951699,-120.8295155,20007,19283,17797,192,539,134,18,603,724,697,75,410,103,14,69,3,1,0,2,3,1,8,5,3,0,24,3,0,0,20007,1605,18402,17819,17015,181,460,127,18,18,583,562,19,2,0,0,16406,15980,14893,150,390,108,18,421,426,410,13,3,0,0,16406,1060,15346,14988,14378,144,335,101,18,12,358,347,9,2,0,0,15566,8977,6589
Riverside County,CA,50,4,9,6,65,18664696661,251073334,2189641,800707,33.7298275,-116.0022389,2189641,2084977,1335147,140543,23710,130468,6874,448235,104664,96822,13020,11839,18881,2349,33997,1960,2297,421,3560,528,100,1903,1460,3659,848,7209,557,71,5,2189641,995257,1194384,1146274,869068,130823,10931,125921,5849,3682,48110,43871,3920,296,22,1,1569533,1515940,1008933,99531,16461,101029,4785,285201,53593,50206,3100,251,34,2,1569533,625843,943690,918248,710469,94627,8090,98412,4199,2451,25442,23333,1937,162,9,1,800707,686260,114447
Sacramento County,CA,50,4,9,6,67,2498415670,76077248,1418788,555932,38.4500114,-121.3404409,1418788,1325277,815151,147058,14308,203211,13858,131691,93511,83326,15451,11722,20898,2052,13242,3242,3341,637,2504,992,154,850,3805,3288,1148,9127,924,129,5,1418788,306196,1112592,1050451,687166,139949,7875,198944,13099,3418,62141,55821,5726,523,69,2,1055735,1006679,644032,104081,10571,151335,10037,86623,49056,44545,4077,357,72,5,1055735,195122,860613,826355,558973,100477,6205,148705,9589,2406,34258,31111,2885,220,40,2,555932,513945,41987
San Benito County,CA,50,4,9,6,69,3596742302,4555039,55269,17870,36.6107024,-121.085296,55269,52567,35181,483,895,1443,94,14471,2702,2497,163,447,471,57,945,20,19,4,52,42,1,90,14,147,25,187,11,7,0,55269,31186,24083,23170,21154,355,231,1298,65,67,913,832,79,2,0,0,39203,37726,26181,342,607,1107,71,9418,1477,1390,79,4,4,0,39203,20139,19064,18533,16984,262,163,1024,56,44,531,493,37,1,0,0,17870,16805,1065
San Bernardino County,CA,50,4,9,6,71,51947229509,124028343,2035210,699637,34.8572198,-116.1811967,2035210,1932846,1153161,181862,22689,128603,6870,439661,102364,94829,12853,12025,14845,1813,35008,2360,2281,559,4441,591,139,2152,1462,3380,920,6831,612,82,10,2035210,1001145,1034065,990699,677598,170700,8523,123978,5845,4055,43366,39617,3406,311,28,4,1440622,1386223,857502,126571,16287,99779,4582,281502,54399,50966,3128,259,38,8,1440622,636418,804204,780140,548525,120992,6820,97145,4018,2640,24064,22042,1845,159,15,3,699637,611618,88019
San Diego County,CA,50,4,9,6,73,10895120648,826347909,3095313,1164786,33.0236041,-116.7761174,3095313,2936888,1981442,158213,26340,336091,15337,419465,158425,145141,17448,15161,48596,5184,33291,2349,4970,1021,3971,998,194,1675,3593,5529,1161,11946,1202,134,2,3095313,991348,2103965,2009022,1500047,146600,14098,328058,13504,6715,94943,87238,6982,651,71,1,2371145,2284083,1584271,118186,19450,269216,11753,281207,87062,80921,5566,497,76,2,2371145,661362,1709783,1656163,1254403,111505,10894,264037,10625,4699,53620,49629,3641,306,43,1,1164786,1086865,77921
San Francisco County,CA,50,4,9,6,75,121399963,479190317,805235,376942,37.7272391,-123.0322294,805235,767576,390387,48870,4024,267915,3359,53021,37659,34316,3742,3097,14286,580,5684,939,1356,246,662,413,39,462,1016,1639,155,2946,342,54,1,805235,121774,683461,657382,337451,46781,1828,265700,3128,2494,26079,23898,1919,230,31,1,697711,671821,352623,40750,3480,230661,2453,41854,25890,23627,1989,236,37,1,697711,97473,600238,582502,308505,39197,1671,228944,2296,1889,17736,16201,1355,157,22,1,376942,345811,31131
San Joaquin County,CA,50,4,9,6,77,3603505998,91108644,685306,233755,37.9350336,-121.2722369,685306,641511,349287,51744,7196,98472,3758,131054,43795,39593,4294,4901,9443,907,10303,894,1295,160,1399,694,89,566,1313,2896,439,3806,362,32,2,685306,266341,418965,396816,245919,48540,3179,94547,3248,1383,22149,20149,1804,176,20,0,484582,462604,265007,35502,5110,70770,2680,83535,21978,20277,1536,145,20,0,484582,165039,319543,307529,199191,33973,2457,68598,2387,923,12014,11055,856,91,12,0,233755,215007,18748
San Luis Obispo County,CA,50,4,9,6,79,8543248461,820974646,269637,117315,35.3852268,-120.4475404,269637,259524,222756,5550,2536,8507,389,19786,10113,9294,950,2506,2670,283,2004,84,79,8,76,77,14,133,140,231,39,770,42,3,4,269637,55973,213664,207427,191696,5128,1367,8106,346,784,6237,5815,406,12,1,3,218796,212461,184495,4902,2007,7271,309,13477,6335,5911,394,24,3,3,218796,37987,180809,176609,162852,4652,1146,6983,282,694,4200,3959,230,7,1,3,117315,102016,15299
San Mateo County,CA,50,4,9,6,81,1161371825,757704380,718451,271031,37.4146639,-122.3715417,718451,680241,383535,20436,3306,178118,10317,84529,38210,35064,2543,2598,14145,975,7794,362,947,170,557,277,64,400,1858,1848,526,2836,281,28,1,718451,182502,535949,512024,303609,18763,1125,175934,9884,2709,23925,22077,1691,142,15,0,558679,537774,308310,16490,2503,143579,7401,59491,20905,19326,1446,118,14,1,558679,127410,431269,418668,251140,15458,919,142181,7137,1833,12601,11632,893,68,8,0,271031,257837,13194
Santa Barbara County,CA,50,4,9,6,83,7083838022,2729829365,423895,152834,34.5373784,-120.038485,423895,404453,295124,8513,5485,20665,806,73860,19442,17908,1731,2892,4546,343,5869,235,273,28,319,179,43,497,251,615,87,1414,105,9,6,423895,181687,242208,233268,203122,7242,1843,19591,680,790,8940,8196,697,42,5,0,325848,313779,235404,6809,3972,17438,645,49511,12069,11278,729,51,7,4,325848,120789,205059,199270,173839,6055,1504,16747,561,564,5789,5352,410,23,4,0,152834,142104,10730
Santa Clara County,CA,50,4,9,6,85,3341343470,36174996,1781642,631920,37.2207774,-121.6906224,1781642,1694394,836616,46428,12960,570524,7060,220806,87248,80623,6353,7227,32562,1834,17468,748,1811,251,1378,1115,95,1240,2484,5425,632,6023,543,56,3,1781642,479210,1302432,1248877,626909,42331,4042,565466,6252,3877,53555,49961,3281,277,36,0,1352097,1304925,666779,36035,9307,438321,5270,149213,47172,43920,2948,267,36,1,1352097,322026,1030071,1001367,522123,33678,3114,435132,4798,2522,28704,26696,1823,161,24,0,631920,604204,27716
Santa Cruz County,CA,50,4,9,6,87,1152986019,419568865,262382,104476,37.0124883,-122.007205,262382,250064,190208,2766,2253,11112,349,43376,12318,11231,1124,2218,3231,309,3068,76,107,13,149,82,16,221,190,370,57,1004,71,12,0,262382,84092,178290,171241,156397,2304,978,10658,292,612,7049,6391,610,38,10,0,206964,199253,156050,2207,1748,9846,292,29110,7711,7116,549,39,7,0,206964,56508,150456,145905,132999,1909,822,9508,258,409,4551,4171,352,23,5,0,104476,94355,10121
Shasta County,CA,50,4,9,6,89,9778246966,186530888,177223,77313,40.7605215,-122.0435495,177223,169387,153726,1548,4950,4391,271,4501,7836,7286,811,3808,1100,207,915,110,28,4,29,43,16,66,56,71,22,515,26,9,0,177223,14878,162345,156385,146044,1438,4162,4297,232,212,5960,5601,333,19,7,0,137571,133221,122255,1048,3480,3273,201,2964,4350,4135,196,13,6,0,137571,9152,128419,124925,117411,988,2987,3213,176,150,3494,3343,136,11,4,0,77313,70346,6967
Sierra County,CA,50,4,9,6,91,2468813797,23299108,3240,2328,39.5769252,-120.5219926,3240,3161,3022,6,44,12,2,75,79,75,8,36,11,5,11,0,0,0,0,0,0,2,1,0,1,3,1,0,0,3240,269,2971,2916,2855,5,41,12,2,1,55,52,3,0,0,0,2688,2641,2530,5,38,12,2,54,47,45,2,0,0,0,2688,191,2497,2463,2408,4,36,12,2,1,34,32,2,0,0,0,2328,1482,846
Siskiyou County,CA,50,4,9,6,93,16259652221,179889482,44900,23910,41.5879861,-122.5332868,44900,42526,38030,571,1814,540,80,1491,2374,2202,179,1339,209,55,252,38,20,1,4,14,12,41,16,13,9,156,13,3,0,44900,4615,40285,38445,35683,552,1549,528,69,64,1840,1714,115,9,2,0,35575,34207,31012,453,1283,443,58,958,1368,1287,76,2,3,0,35575,2909,32666,31547,29450,441,1133,432,48,43,1119,1060,56,1,2,0,23910,19505,4405
Solano County,CA,50,4,9,6,95,2128361199,218665937,413344,152698,38.2672255,-121.939594,413344,381986,210751,60750,3212,60473,3564,43236,31358,27408,4611,3022,7689,1055,4363,894,1630,337,845,209,66,185,1185,1112,205,3553,352,45,0,413344,99356,313988,292968,168628,58743,1864,59027,3243,1463,21020,18356,2430,208,26,0,311809,296047,168298,45655,2444,48083,2739,28828,15762,14160,1452,137,13,0,311809,63960,247849,236790,139755,44627,1517,47141,2552,1198,11059,9874,1092,84,9,0,152698,141758,10940
Sonoma County,CA,50,4,9,6,97,4081430136,497530353,483878,204572,38.532574,-122.9451943,483878,462376,371412,7610,6489,18341,1558,56966,21502,19497,2445,4657,4706,651,4900,195,184,63,199,240,34,478,284,357,104,1822,168,14,1,483878,120430,363448,350504,320027,6769,3584,17777,1434,913,12944,11744,1104,90,6,0,377407,365236,301891,5712,4590,14635,1237,37171,12171,11158,919,84,9,1,377407,77349,300058,292487,268429,5234,2772,14277,1153,622,7571,6920,600,46,5,0,204572,185825,18747
Stanislaus County,CA,50,4,9,6,99,3871582888,51437339,514453,179503,37.5623842,-121.0026557,514453,486666,337342,14721,5902,26090,3401,99210,27787,25759,2572,4673,4696,788,8438,295,381,74,628,227,64,455,1017,1010,441,1817,181,27,3,514453,215658,298795,284928,240423,13065,2870,24712,3016,842,13867,12847,925,82,10,3,367295,352087,252812,10131,4340,19379,2501,62924,15208,14355,774,65,11,3,367295,133694,233601,225296,192197,9343,2310,18622,2283,541,8305,7793,468,35,6,3,179503,165180,14323
Sutter County,CA,50,4,9,6,101,1560235601,15747004,94737,33858,39.0352571,-121.7027576,94737,89440,57749,1919,1365,13663,281,14463,5297,4933,466,1109,998,125,1282,42,78,12,70,123,12,62,89,419,46,319,41,4,0,94737,27251,67486,64308,47782,1713,925,13442,256,190,3178,2972,181,24,1,0,68625,65846,43841,1385,958,10158,218,9286,2779,2651,112,12,4,0,68625,16840,51785,49965,37622,1297,675,10027,203,141,1820,1741,69,9,1,0,33858,31437,2421
Tehama County,CA,50,4,9,6,103,7639709781,32276063,63463,26987,40.1261561,-122.2322757,63463,60761,51721,406,1644,656,76,6258,2702,2510,216,1150,229,65,688,12,3,0,5,24,4,53,14,39,8,184,8,0,0,63463,13906,49557,47913,45603,349,1205,625,64,67,1644,1545,95,4,0,0,47303,45792,39902,275,1153,490,59,3913,1511,1432,76,3,0,0,47303,8256,39047,38011,36300,250,887,474,55,45,1036,990,44,2,0,0,26987,23767,3220
Trinity County,CA,50,4,9,6,105,8234229734,73407861,13786,8681,40.6477241,-123.1144043,13786,13074,12033,59,655,94,16,217,712,663,24,463,57,27,56,5,0,0,0,2,4,13,5,6,1,42,3,3,1,13786,959,12827,12250,11518,45,558,93,16,20,577,545,27,1,3,1,11266,10792,10019,44,495,73,9,152,474,440,27,3,3,1,11266,618,10648,10246,9680,39,431,72,9,15,402,378,19,1,3,1,8681,6083,2598
Tulare County,CA,50,4,9,6,107,12494658169,37391616,442179,141696,36.2304529,-118.7805422,442179,423755,265618,7196,6993,15176,509,128263,18424,17431,1258,3027,2041,313,8092,147,154,14,576,165,19,595,127,718,185,908,69,16,0,442179,268065,174114,167970,143935,5497,3323,14204,370,641,6144,5714,405,23,2,0,298055,288380,188442,4765,4679,11033,345,79116,9675,9231,408,25,11,0,298055,162196,135859,132229,114755,3951,2368,10496,262,397,3630,3378,233,17,2,0,141696,130352,11344
Tuolumne County,CA,50,4,9,6,109,5752062580,138683578,55365,31244,38.021451,-119.9647084,55365,53342,48274,1143,1039,572,76,2238,2023,1900,126,1004,267,62,289,11,5,0,12,17,8,46,26,23,4,111,12,0,0,55365,5918,49447,48091,45325,1114,830,530,62,230,1356,1289,60,7,0,0,45683,44428,40045,1069,810,459,56,1989,1255,1199,50,6,0,0,45683,4426,41257,40365,37971,1057,654,426,45,212,892,854,35,3,0,0,31244,22156,9088
Ventura County,CA,50,4,9,6,111,4773691889,945991626,823318,281695,34.3587415,-119.1331432,823318,786377,565804,15163,8068,55446,1643,140253,36941,34373,3048,5235,9674,839,10998,325,453,71,690,242,32,670,558,1323,215,2261,276,28,3,823318,331567,491751,473162,400868,13082,2389,54099,1353,1371,18589,17262,1170,148,9,0,611403,590997,435971,11569,5737,43450,1266,93004,20406,19142,1113,131,18,2,611403,219138,392265,382003,325127,10348,1919,42626,1100,883,10262,9540,642,73,7,0,281695,266920,14775
Yolo County,CA,50,4,9,6,113,2628032408,22969178,200849,75054,38.6792682,-121.9031776,200849,189149,126883,5208,2214,26052,910,27882,11700,10777,941,1668,3573,278,2670,109,168,22,167,85,19,157,338,419,163,846,71,6,0,200849,60953,139896,132990,100240,4752,1098,25640,817,443,6906,6406,455,42,3,0,155218,148330,100720,3945,1641,22239,699,19086,6888,6426,423,36,3,0,155218,40573,114645,110357,82914,3666,873,21951,640,313,4288,4005,257,24,2,0,75054,70872,4182
Yuba County,CA,50,4,9,6,115,1636454192,30998568,72155,27635,39.2700256,-121.3442802,72155,67068,49332,2361,1675,4862,293,8545,5087,4568,599,1664,698,97,938,80,89,14,86,36,8,76,56,116,11,463,46,10,0,72155,18051,54104,50880,42416,2122,1260,4710,270,102,3224,2911,282,22,9,0,51165,48627,37038,1641,1187,3238,188,5335,2538,2365,154,12,7,0,51165,10590,40575,38810,32949,1526,935,3159,173,68,1765,1640,112,7,6,0,27635,24307,3328
Adams County,CO,50,4,8,8,1,3024207713,42070226,441603,163136,39.8743252,-104.3318718,441603,424099,323795,13539,5916,15931,591,64327,17504,16344,2324,3281,2537,230,5726,308,184,29,474,106,14,581,107,336,107,1038,102,20,0,441603,167878,273725,266239,234970,12207,2478,15431,476,677,7486,6970,473,32,11,0,315480,306374,240335,9396,4134,11615,416,40478,9106,8586,468,41,11,0,315480,104385,211095,207233,184592,8712,1883,11294,339,413,3862,3613,228,14,7,0,163136,153764,9372
Alamosa County,CO,50,4,8,8,3,1871636898,1807726,15445,6554,37.5684423,-105.7880414,15445,14770,11549,172,433,148,19,2449,675,640,48,162,59,9,240,5,5,1,10,1,0,73,5,20,2,34,1,0,0,15445,7110,8335,8108,7667,138,134,130,6,33,227,214,12,1,0,0,11617,11198,8895,142,315,122,16,1708,419,393,26,0,0,0,11617,4896,6721,6571,6203,124,102,112,6,24,150,139,11,0,0,0,6554,5995,559
Arapahoe County,CO,50,4,8,8,5,2067070049,19003734,572003,238301,39.6446318,-104.3317329,572003,547646,415910,58107,4363,29077,1140,39049,24357,22085,6108,3149,4539,322,4081,936,700,125,852,116,39,331,258,440,89,2036,204,28,4,572003,105522,466481,450423,361747,55657,2386,28595,1036,1002,16058,14614,1307,120,16,1,424679,413188,321953,40558,3159,21792,782,24944,11491,10549,845,77,18,2,424679,65061,359618,352005,288060,39295,1863,21495,713,579,7613,6948,605,50,10,0,238301,224011,14290
Archuleta County,CO,50,4,8,8,7,3496937899,13827529,12084,8762,37.2023952,-107.0508634,12084,11743,10436,37,227,89,6,948,341,306,30,112,33,4,106,1,0,0,0,0,0,17,0,2,1,30,5,0,0,12084,2148,9936,9749,9446,33,166,79,4,21,187,173,14,0,0,0,9676,9485,8581,19,151,69,6,659,191,175,16,0,0,0,9676,1466,8210,8095,7885,17,113,60,4,16,115,105,10,0,0,0,8762,5267,3495
Baca County,CO,50,4,8,8,9,6617333541,6142194,3788,2248,37.3031437,-102.5354566,3788,3729,3506,24,51,6,0,142,59,55,9,40,2,0,4,0,0,0,0,0,0,0,0,0,0,4,0,0,0,3788,348,3440,3394,3323,20,39,6,0,6,46,45,1,0,0,0,2974,2940,2786,15,42,6,0,91,34,31,3,0,0,0,2974,209,2765,2738,2679,14,35,6,0,4,27,26,1,0,0,0,2248,1685,563
Bent County,CO,50,4,8,8,11,3918292377,73093771,6499,2242,37.9318907,-103.0775841,6499,6373,5149,496,156,62,4,506,126,115,14,44,11,1,29,2,1,0,0,0,0,8,2,2,1,7,4,0,0,6499,1985,4514,4478,3832,491,91,56,4,4,36,34,2,0,0,0,5403,5323,4305,486,130,50,1,351,80,73,5,2,0,0,5403,1537,3866,3839,3230,481,80,45,1,2,27,25,2,0,0,0,2242,1832,410
Boulder County,CO,50,4,8,8,13,1881080439,36469028,294567,127071,40.0948262,-105.3983824,294567,286686,256889,2532,1832,12133,173,13127,7881,7322,987,1631,2816,134,1215,64,68,5,46,42,6,89,66,126,27,496,52,11,0,294567,39276,255291,249694,233741,2265,1061,11996,153,478,5597,5242,322,27,6,0,231813,227479,206158,1961,1378,9451,135,8396,4334,4027,271,30,6,0,231813,25176,206637,203543,191130,1792,843,9346,120,312,3094,2884,188,18,4,0,127071,119300,7771
Broomfield County,CO,50,4,8,8,14,85557538,1466175,55889,22646,39.9533825,-105.052125,55889,54320,48099,587,336,3407,43,1848,1569,1470,173,292,571,32,266,10,11,4,15,10,0,30,14,41,1,88,5,6,0,55889,6216,49673,48609,44358,530,244,3368,43,66,1064,990,64,4,6,0,41237,40540,36221,415,236,2447,33,1188,697,657,35,2,3,0,41237,3838,37399,36916,33850,390,179,2430,33,34,483,452,26,2,3,0,22646,21414,1232
Chaffee County,CO,50,4,8,8,15,2624702242,4013482,17809,10020,38.7382457,-106.3169723,17809,17525,16598,275,192,106,9,345,284,274,23,125,40,2,60,1,0,0,2,1,0,16,0,2,2,9,1,0,0,17809,1678,16131,15951,15417,267,143,104,8,12,180,177,3,0,0,0,14821,14645,13864,264,161,85,6,265,176,168,7,1,0,0,14821,1337,13484,13370,12893,258,121,83,6,9,114,113,1,0,0,0,10020,7601,2419
Cheyenne County,CO,50,4,8,8,17,4605713068,8166204,1836,975,38.8353865,-102.6045852,1836,1818,1711,7,13,11,1,75,18,18,5,4,0,3,6,0,0,0,0,0,0,0,0,0,0,0,0,0,0,1836,178,1658,1646,1617,7,11,10,1,0,12,12,0,0,0,0,1386,1376,1310,4,10,6,0,46,10,10,0,0,0,0,1386,104,1282,1274,1256,4,8,6,0,0,8,8,0,0,0,0,975,786,189
Clear Creek County,CO,50,4,8,8,19,1023632674,3280082,9088,5685,39.6894025,-105.6707908,9088,8932,8664,56,72,51,3,86,156,151,21,76,25,1,19,0,2,0,1,0,0,6,0,0,0,4,1,0,0,9088,429,8659,8542,8371,50,56,51,3,11,117,113,4,0,0,0,7517,7425,7215,46,56,41,3,64,92,89,2,1,0,0,7517,308,7209,7140,7003,43,44,41,3,6,69,67,2,0,0,0,5685,4208,1477
Conejos County,CO,50,4,8,8,21,3334326097,9235297,8256,4286,37.2134065,-106.1764473,8256,7919,6293,27,182,23,4,1390,337,322,17,83,9,3,168,2,0,0,11,3,0,17,2,4,3,11,4,0,0,8256,4620,3636,3556,3451,12,47,18,4,24,80,74,2,4,0,0,5920,5692,4504,21,137,15,1,1014,228,222,6,0,0,0,5920,3316,2604,2552,2480,9,34,11,1,17,52,51,1,0,0,0,4286,3118,1168
Costilla County,CO,50,4,8,8,23,3177789979,8828904,3524,2613,37.2775474,-105.4289399,3524,3371,2397,24,104,34,9,803,153,144,8,41,5,0,55,0,0,0,8,0,0,22,0,4,1,9,0,0,0,3524,2327,1197,1167,1086,6,29,34,0,12,30,28,2,0,0,0,2788,2688,1956,18,78,32,3,601,100,92,8,0,0,0,2788,1744,1044,1028,956,6,24,32,0,10,16,15,1,0,0,0,2613,1550,1063
Crowley County,CO,50,4,8,8,25,2039411297,33430434,5823,1559,38.3219558,-103.7875617,5823,5722,4509,559,139,59,0,456,101,101,9,55,10,1,23,0,0,0,0,0,0,1,0,2,0,0,0,0,0,5823,1686,4137,4078,3369,555,91,59,0,4,59,59,0,0,0,0,5034,4981,3849,556,128,59,0,389,53,53,0,0,0,0,5034,1422,3612,3576,2870,553,90,59,0,4,36,36,0,0,0,0,1559,1306,253
Custer County,CO,50,4,8,8,27,1913031045,3364771,4255,3956,38.1019939,-105.3735148,4255,4184,4055,44,30,16,0,39,71,66,2,51,6,0,4,0,1,0,0,1,0,1,0,0,0,5,0,0,0,4255,200,4055,3999,3914,41,23,16,0,5,56,52,4,0,0,0,3525,3473,3379,37,20,12,0,25,52,50,2,0,0,0,3525,152,3373,3331,3261,35,18,12,0,5,42,40,2,0,0,0,3956,1925,2031
Delta County,CO,50,4,8,8,29,2957896781,16960873,30952,14572,38.8617559,-107.864757,30952,30253,27761,160,295,160,15,1862,699,659,52,279,77,16,198,2,1,0,0,0,0,25,2,5,2,35,1,4,0,30952,4345,26607,26211,25685,137,190,146,12,41,396,370,21,1,4,0,24101,23688,22019,139,223,123,13,1171,413,388,22,1,2,0,24101,2777,21324,21079,20663,126,143,110,10,27,245,230,12,1,2,0,14572,12703,1869
Denver County,CO,50,4,8,8,31,396268588,4225359,600158,285797,39.7618487,-104.8806251,600158,575599,413696,61435,8237,20433,607,71191,24559,22406,4355,3328,3621,240,6579,1131,507,63,1014,143,22,672,196,403,132,1968,156,27,2,600158,190965,409193,396553,313012,58388,3525,19925,495,1208,12640,11324,1197,103,15,1,471392,456574,342183,45338,5968,16284,445,46356,14818,13593,1117,89,17,2,471392,125111,346281,338532,274874,43709,2801,15941,368,839,7749,6916,755,66,11,1,285797,263107,22690
Dolores County,CO,50,4,8,8,33,2763650142,2716145,2064,1468,37.747602,-108.5303829,2064,2014,1920,4,60,2,2,26,50,48,1,38,3,1,5,0,0,0,0,0,0,0,0,0,0,2,0,0,0,2064,82,1982,1939,1877,3,55,2,2,0,43,41,2,0,0,0,1602,1586,1518,4,40,2,2,20,16,15,1,0,0,0,1602,51,1551,1539,1495,3,37,2,2,0,12,11,1,0,0,0,1468,899,569
Douglas County,CO,50,4,8,8,35,2176232357,6789381,285465,106859,39.3264348,-104.9261993,285465,278059,257598,3476,1183,10716,192,4894,7406,6890,1131,1360,2710,176,971,81,93,6,66,17,2,47,86,122,22,467,36,13,0,285465,21392,264073,258470,243297,3245,803,10563,175,387,5603,5227,336,31,9,0,198453,195338,181302,2447,825,7443,138,3183,3115,2926,172,12,5,0,198453,12818,185635,183252,172671,2308,596,7341,128,208,2383,2231,139,11,2,0,106859,102018,4841
Eagle County,CO,50,4,8,8,37,4362911978,18806424,52197,31312,39.6306381,-106.6929439,52197,51090,43402,359,343,528,15,6443,1107,1065,82,174,139,41,553,5,0,1,6,2,1,24,6,26,5,38,1,3,0,52197,15689,36508,36100,35105,243,134,517,15,86,408,388,17,0,3,0,39397,38729,33569,287,242,397,15,4219,668,644,20,1,3,0,39397,10112,29285,29045,28267,207,104,388,15,64,240,231,6,0,3,0,31312,19236,12076
Elbert County,CO,50,4,8,8,39,4793671177,442165,23086,8939,39.3108167,-104.1179275,23086,22647,21861,164,152,173,25,272,439,404,83,153,94,5,44,6,1,1,4,0,1,3,4,4,1,31,2,2,0,23086,1234,21852,21494,21005,159,126,165,22,17,358,326,28,2,2,0,17232,17023,16478,122,109,120,17,177,209,191,16,0,2,0,17232,768,16464,16286,15939,120,89,117,14,7,178,161,15,0,2,0,8939,8380,559
El Paso County,CO,50,4,8,8,41,5508389808,7111582,622263,252852,38.8273831,-104.5274718,622263,590476,496258,38492,5947,17055,2185,30539,31787,28571,7157,5556,6586,775,4502,721,866,159,823,142,34,338,423,337,152,2933,247,33,3,622263,93665,528598,506982,447947,35792,3693,16492,1911,1147,21616,19550,1906,141,19,0,459587,444715,378216,27280,4319,13362,1484,20054,14872,13663,1097,90,20,2,459587,57789,401798,391272,347515,25920,2769,13024,1348,696,10526,9693,761,56,16,0,252852,235959,16893
Fremont County,CO,50,4,8,8,43,3970627343,2235395,46824,19242,38.4556576,-105.4214383,46824,45943,42225,1843,810,282,22,761,881,829,91,429,93,10,163,5,2,0,1,2,0,22,4,4,3,44,8,0,0,46824,5770,41054,40447,37647,1805,686,274,16,19,607,572,28,7,0,0,38613,38058,34791,1791,687,229,14,546,555,528,20,7,0,0,38613,4600,34013,33619,31018,1759,591,224,9,18,394,378,9,7,0,0,19242,16582,2660
Garfield County,CO,50,4,8,8,45,7634153703,21430621,56389,23309,39.5993517,-107.9097801,56389,54929,46367,385,639,370,46,7122,1460,1395,113,426,157,26,568,3,6,1,29,5,0,32,4,15,10,59,6,0,0,56389,15978,40411,39783,38784,236,297,342,31,93,628,601,23,4,0,0,41173,40339,34902,281,408,282,33,4433,834,795,36,3,0,0,41173,9697,31476,31110,30373,176,220,262,21,58,366,347,16,3,0,0,23309,20359,2950
Gilpin County,CO,50,4,8,8,47,388229109,941918,5441,3560,39.8610823,-105.5289473,5441,5344,5157,28,41,77,10,31,97,90,10,44,17,0,9,3,0,0,0,1,0,2,1,3,0,7,0,0,0,5441,267,5174,5096,4947,28,34,75,9,3,78,71,7,0,0,0,4482,4420,4273,22,33,63,7,22,62,59,3,0,0,0,4482,183,4299,4252,4129,22,29,62,7,3,47,44,3,0,0,0,3560,2460,1100
Grand County,CO,50,4,8,8,49,4781971576,60250184,14843,16061,40.1232891,-106.0958757,14843,14602,13877,57,73,125,8,462,241,231,30,108,40,8,31,3,0,0,3,1,0,3,1,3,0,10,0,0,0,14843,1116,13727,13554,13313,51,52,121,7,10,173,168,5,0,0,0,11825,11691,11170,43,63,111,7,297,134,128,6,0,0,0,11825,711,11114,11017,10816,38,44,107,6,6,97,94,3,0,0,0,16061,6469,9592
Gunnison County,CO,50,4,8,8,51,8389228965,53172021,15324,11412,38.6696792,-107.078108,15324,15022,14152,48,208,100,4,510,302,288,32,121,55,6,61,0,1,0,1,1,0,7,2,1,0,14,0,0,0,15324,1255,14069,13875,13658,45,61,94,4,13,194,186,8,0,0,0,12544,12343,11708,43,152,90,4,346,201,195,6,0,0,0,12544,856,11688,11549,11357,41,51,84,4,12,139,134,5,0,0,0,11412,6516,4896
Hinsdale County,CO,50,4,8,8,53,2893667726,15324669,843,1388,37.8116248,-107.3834054,843,828,802,3,9,3,0,11,15,15,2,9,3,0,1,0,0,0,0,0,0,0,0,0,0,0,0,0,0,843,24,819,805,786,3,7,3,0,6,14,14,0,0,0,0,675,666,649,1,5,3,0,8,9,9,0,0,0,0,675,18,657,648,638,1,3,3,0,3,9,9,0,0,0,0,1388,362,1026
Huerfano County,CO,50,4,8,8,55,4120672901,5792112,6711,5075,37.6878154,-104.9599278,6711,6451,5560,35,214,25,13,604,260,244,6,92,10,3,87,1,0,0,0,1,0,35,1,6,2,15,1,0,0,6711,2368,4343,4264,4151,22,54,19,10,8,79,71,7,1,0,0,5523,5348,4660,23,163,18,11,473,175,169,6,0,0,0,5523,1763,3760,3698,3605,19,47,13,8,6,62,58,4,0,0,0,5075,3137,1938
Jackson County,CO,50,4,8,8,57,4179523206,18749970,1394,1286,40.6634319,-106.3292476,1394,1378,1290,0,17,1,0,70,16,15,2,9,1,0,2,0,0,0,0,0,0,1,0,0,0,1,0,0,0,1394,150,1244,1233,1219,0,13,1,0,0,11,11,0,0,0,0,1134,1122,1061,0,12,1,0,48,12,11,1,0,0,0,1134,99,1035,1027,1016,0,10,1,0,0,8,8,0,0,0,0,1286,649,637
Jefferson County,CO,50,4,8,8,59,1979289991,25446228,534543,229967,39.5864595,-105.2456005,534543,519997,472694,5667,4717,14037,457,22425,14546,13543,1980,3583,3396,263,3129,155,86,12,209,94,8,299,101,186,42,898,83,20,2,534543,76445,458098,449586,427160,5001,2638,13682,390,715,8512,8008,457,35,10,2,415453,407775,374249,4083,3438,10649,344,15012,7678,7192,435,31,18,2,415453,50092,365361,360711,343780,3745,2008,10428,297,453,4650,4376,246,16,10,2,229967,218160,11807
Kiowa County,CO,50,4,8,8,61,4578495505,47033007,1398,805,38.3884664,-102.7562096,1398,1377,1346,4,7,0,0,20,21,21,0,15,3,0,3,0,0,0,0,0,0,0,0,0,0,0,0,0,0,1398,78,1320,1310,1304,3,3,0,0,0,10,10,0,0,0,0,1084,1071,1053,0,6,0,0,12,13,13,0,0,0,0,1084,41,1043,1035,1032,0,3,0,0,0,8,8,0,0,0,0,805,619,186
Kit Carson County,CO,50,4,8,8,63,5596502129,2251930,8270,3527,39.3053399,-102.6030226,8270,8157,7316,225,59,36,7,514,113,111,21,46,11,0,23,0,0,0,0,4,0,1,0,0,5,1,0,1,0,8270,1574,6696,6628,6320,217,48,34,6,3,68,67,1,0,0,0,6431,6364,5762,216,50,27,2,307,67,66,0,0,1,0,6431,1040,5391,5350,5071,208,41,25,2,3,41,41,0,0,0,0,3527,3038,489
Lake County,CO,50,4,8,8,65,976194289,18124336,7310,4271,39.2043161,-106.3496959,7310,7047,5898,27,97,33,4,988,263,252,15,62,27,2,134,1,0,0,3,0,0,8,0,0,0,11,0,0,0,7310,2858,4452,4370,4252,22,46,28,4,18,82,73,9,0,0,0,5488,5325,4596,21,77,27,4,600,163,157,6,0,0,0,5488,1754,3734,3679,3585,16,38,24,4,12,55,50,5,0,0,0,4271,2953,1318
La Plata County,CO,50,4,8,8,67,4382462547,19760255,51334,25860,37.2873673,-107.8397178,51334,49734,44546,204,2987,286,31,1680,1600,1501,135,716,164,15,318,26,5,0,6,15,3,77,1,15,5,83,15,1,0,51334,6056,45278,44329,41245,176,2554,266,30,58,949,911,34,4,0,0,40822,39868,35969,160,2246,234,22,1237,954,901,44,8,1,0,40822,4115,36707,36096,33687,144,1983,219,21,42,611,585,22,4,0,0,25860,21100,4760
Larimer County,CO,50,4,8,8,69,6723613486,98295250,299630,132722,40.6630912,-105.4821309,299630,291725,271267,2500,2206,5800,224,9728,7905,7415,1137,2098,1903,150,1552,71,54,11,72,18,9,112,67,144,17,441,42,7,0,299630,31628,268002,262797,253047,2259,1277,5675,192,347,5205,4903,268,29,5,0,235573,231232,216644,1864,1587,4418,180,6539,4341,4077,233,26,5,0,235573,20288,215285,212279,204889,1704,960,4331,160,235,3006,2829,154,20,3,0,132722,120295,12427
Las Animas County,CO,50,4,8,8,71,12361162110,6929979,15507,8217,37.3188308,-104.0441103,15507,14976,12967,218,375,110,7,1299,531,505,28,181,24,10,178,4,1,0,13,1,1,54,3,5,2,26,0,0,0,15507,6446,9061,8878,8399,195,170,98,4,12,183,176,7,0,0,0,12266,11924,10409,187,291,79,6,952,342,329,13,0,0,0,12266,4702,7564,7451,7059,176,128,73,4,11,113,109,4,0,0,0,8217,6384,1833
Lincoln County,CO,50,4,8,8,73,6676021407,22780586,5467,2420,38.9937401,-103.5075545,5467,5363,4868,290,51,43,2,109,104,102,14,41,3,1,29,0,3,0,2,6,0,3,0,0,0,2,0,0,0,5467,683,4784,4707,4345,280,38,39,2,3,77,77,0,0,0,0,4347,4292,3870,268,41,39,2,72,55,55,0,0,0,0,4347,531,3816,3772,3441,258,34,35,2,2,44,44,0,0,0,0,2420,1948,472
Logan County,CO,50,4,8,8,75,4761813494,16363561,22709,8981,40.7280911,-103.0904639,22709,22363,20213,900,263,127,15,845,346,333,65,119,28,5,77,7,1,1,11,2,0,3,0,7,7,13,0,0,0,22709,3551,19158,18957,17754,881,177,117,13,15,201,196,5,0,0,0,18167,17992,16246,839,213,106,10,578,175,168,7,0,0,0,18167,2593,15574,15463,14360,826,158,99,8,12,111,108,3,0,0,0,8981,8047,934
Mesa County,CO,50,4,8,8,77,8622002815,31466745,146723,62644,39.0194924,-108.4618366,146723,142830,131181,935,1554,1121,161,7878,3893,3617,549,1194,512,77,990,30,11,2,55,16,8,111,22,33,7,245,22,9,0,146723,19552,127171,124958,121944,776,896,1059,150,133,2213,2081,121,10,1,0,112206,110140,102304,651,1158,879,129,5019,2066,1921,125,11,9,0,112206,12261,99945,98661,96336,574,707,838,121,85,1284,1213,64,6,1,0,62644,58095,4549
Mineral County,CO,50,4,8,8,79,2267965576,5222183,712,1201,37.6514782,-106.9322997,712,702,693,2,4,1,0,2,10,10,0,4,2,0,4,0,0,0,0,0,0,0,0,0,0,0,0,0,0,712,21,691,685,678,2,4,1,0,0,6,6,0,0,0,0,611,609,600,2,4,1,0,2,2,2,0,0,0,0,611,13,598,597,590,2,4,1,0,0,1,1,0,0,0,0,1201,355,846
Moffat County,CO,50,4,8,8,81,12285064917,19741780,13795,6196,40.5739839,-108.2045214,13795,13489,12422,42,122,77,7,819,306,291,38,99,32,7,100,2,2,1,1,1,1,4,1,1,1,11,3,1,0,13795,1985,11810,11636,11412,32,98,76,7,11,174,166,7,0,1,0,10062,9883,9174,28,85,63,7,526,179,170,7,1,1,0,10062,1235,8827,8723,8562,20,68,62,7,4,104,99,4,0,1,0,6196,5465,731
Montezuma County,CO,50,4,8,8,83,5256450876,27516854,25535,12094,37.3380246,-108.5957863,25535,24860,20704,58,3128,121,13,836,675,647,38,348,45,5,137,13,1,1,4,5,7,36,1,3,3,28,0,0,0,25535,2818,22717,22288,19168,47,2923,118,12,20,429,408,21,0,0,0,19536,19217,16430,35,2063,85,10,594,319,306,13,0,0,0,19536,1778,17758,17540,15457,31,1942,83,10,17,218,208,10,0,0,0,12094,10541,1553
Montrose County,CO,50,4,8,8,85,5803373218,4923280,41276,18250,38.4134267,-108.2630424,41276,40276,35804,162,446,255,25,3584,1000,964,74,371,122,15,326,2,2,0,4,2,2,30,0,9,5,36,0,0,0,41276,8127,33149,32630,31989,118,204,236,24,59,519,502,17,0,0,0,31097,30566,27761,105,298,196,19,2187,531,510,21,0,0,0,31097,4918,26179,25888,25421,82,149,183,19,34,291,278,13,0,0,0,18250,16484,1766
Morgan County,CO,50,4,8,8,87,3316304952,34473998,28159,11490,40.2623535,-103.8070921,28159,27495,22360,808,237,140,30,3920,664,634,76,142,44,4,311,3,1,5,11,3,0,17,3,9,5,25,5,0,0,28159,9506,18653,18407,17370,755,102,135,10,35,246,234,8,4,0,0,20284,19943,16663,526,169,111,20,2454,341,328,13,0,0,0,20284,5686,14598,14466,13756,499,81,106,7,17,132,128,4,0,0,0,11490,10294,1196
Otero County,CO,50,4,8,8,89,3268465106,20052451,18831,8969,37.8841698,-103.7212597,18831,18113,14788,143,338,143,11,2690,718,677,41,232,53,4,268,6,2,0,6,0,0,47,4,11,3,37,4,0,0,18831,7596,11235,11009,10639,93,111,135,7,24,226,210,14,2,0,0,14171,13780,11495,102,254,106,7,1816,391,375,13,3,0,0,14171,5132,9039,8891,8607,77,85,100,4,18,148,139,7,2,0,0,8969,7729,1240
Ouray County,CO,50,4,8,8,91,1402718909,1599543,4436,3083,38.1505999,-107.7671334,4436,4376,4277,7,17,25,5,45,60,53,3,28,8,1,6,2,1,0,0,1,0,0,2,1,0,6,1,0,0,4436,196,4240,4196,4143,6,14,25,5,3,44,39,4,1,0,0,3639,3600,3534,3,14,17,2,30,39,33,5,1,0,0,3639,137,3502,3472,3435,2,13,17,2,3,30,25,4,1,0,0,3083,2022,1061
Park County,CO,50,4,8,8,93,5682034441,43530574,16206,13947,39.1189141,-105.7176479,16206,15823,15352,69,152,103,2,145,383,365,34,176,75,6,51,2,8,0,0,0,0,6,5,1,1,12,5,1,0,16206,783,15423,15143,14842,69,117,99,2,14,280,264,10,5,1,0,13098,12884,12523,52,123,83,2,101,214,199,10,4,1,0,13098,547,12551,12387,12148,52,96,79,2,10,164,151,8,4,1,0,13947,7174,6773
Phillips County,CO,50,4,8,8,95,1781724987,301808,4442,2087,40.5947117,-102.3451047,4442,4382,3961,18,20,26,5,352,60,57,2,13,6,5,31,0,0,0,0,0,0,0,0,0,0,3,0,0,0,4442,830,3612,3587,3526,14,13,26,4,4,25,24,1,0,0,0,3320,3287,3020,11,13,21,5,217,33,32,1,0,0,0,3320,505,2815,2799,2755,8,8,21,4,3,16,15,1,0,0,0,2087,1819,268
Pitkin County,CO,50,4,8,8,97,2514094239,6469384,17148,12953,39.2175333,-106.9159433,17148,16907,16028,93,45,207,12,522,241,224,40,53,75,8,34,4,1,0,5,0,0,1,0,3,0,16,1,0,0,17148,1561,15587,15403,15067,82,25,204,10,15,184,173,10,1,0,0,14149,13983,13297,69,40,181,9,387,166,158,7,1,0,0,14149,1142,13007,12876,12592,63,23,178,7,13,131,126,4,1,0,0,12953,8152,4801
Prowers County,CO,50,4,8,8,99,4243422095,15352661,12551,5942,37.9581814,-102.3921613,12551,12229,10165,64,112,38,2,1848,322,315,26,71,8,6,184,0,1,0,2,1,0,16,0,0,0,5,2,0,0,12551,4417,8134,8043,7873,54,65,38,2,11,91,90,0,1,0,0,9147,8986,7678,47,86,24,2,1149,161,156,3,2,0,0,9147,2697,6450,6394,6268,43,49,24,2,8,56,55,0,1,0,0,5942,4935,1007
Pueblo County,CO,50,4,8,8,101,6179980907,30279808,159063,69526,38.1706581,-104.4898925,159063,153209,126229,3222,3055,1258,160,19285,5854,5495,629,1553,487,70,1977,81,24,9,178,28,5,304,24,96,30,332,24,3,0,159063,65811,93252,91183,86054,2646,985,1123,111,264,2069,1948,115,5,1,0,120148,116700,98228,2349,2209,971,107,12836,3448,3279,154,12,3,0,120148,44717,75431,74126,70122,2085,767,888,84,180,1305,1234,65,5,1,0,69526,62972,6554
Rio Blanco County,CO,50,4,8,8,103,8342179365,4868121,6666,3309,39.9726062,-108.2006849,6666,6514,6123,50,59,22,11,249,152,147,16,83,15,1,24,1,5,0,0,1,0,0,1,0,0,5,0,0,0,6666,665,6001,5887,5756,49,44,22,11,5,114,110,4,0,0,0,5045,4958,4678,44,44,16,8,168,87,84,3,0,0,0,5045,424,4621,4554,4450,43,34,16,8,3,67,65,2,0,0,0,3309,2647,662
Rio Grande County,CO,50,4,8,8,105,2361959921,983955,11982,6630,37.4857631,-106.4532135,11982,11594,9379,43,220,42,2,1908,388,366,21,112,13,1,188,2,0,0,1,3,0,17,0,7,1,20,2,0,0,11982,5086,6896,6787,6600,25,104,40,2,16,109,102,7,0,0,0,8957,8720,7186,19,165,32,2,1316,237,224,13,0,0,0,8957,3454,5503,5429,5289,16,82,30,2,10,74,69,5,0,0,0,6630,4779,1851
Routt County,CO,50,4,8,8,107,6117619255,15825586,23509,16303,40.4831597,-106.9852885,23509,23142,22279,99,109,150,17,488,367,344,41,107,96,15,68,8,0,1,0,0,0,1,3,4,0,21,2,0,0,23509,1600,21909,21645,21310,91,68,145,16,15,264,246,16,2,0,0,18600,18387,17749,80,82,112,15,349,213,201,10,2,0,0,18600,1081,17519,17356,17090,77,55,110,15,9,163,152,9,2,0,0,16303,9892,6411
Saguache County,CO,50,4,8,8,109,8206440775,4454555,6108,3843,38.0339518,-106.2466749,6108,5936,5024,14,114,47,1,736,172,167,10,66,10,5,45,11,0,0,3,3,0,14,0,0,0,5,0,0,0,6108,2452,3656,3575,3446,11,68,47,1,2,81,78,3,0,0,0,4692,4582,3914,8,88,39,1,532,110,105,5,0,0,0,4692,1674,3018,2971,2869,8,53,39,1,1,47,44,3,0,0,0,3843,2640,1203
San Juan County,CO,50,4,8,8,111,1003588157,2035933,699,756,37.7810745,-107.6702566,699,683,647,0,2,8,0,26,16,16,1,8,2,4,1,0,0,0,0,0,0,0,0,0,0,0,0,0,0,699,84,615,605,595,0,1,7,0,2,10,10,0,0,0,0,571,564,539,0,2,7,0,16,7,7,0,0,0,0,571,54,517,513,504,0,1,6,0,2,4,4,0,0,0,0,756,344,412
San Miguel County,CO,50,4,8,8,113,3332308274,5213876,7359,6638,38.0093735,-108.427326,7359,7229,6837,29,57,53,4,249,130,125,20,41,40,1,12,0,0,0,4,0,0,5,1,0,1,5,0,0,0,7359,630,6729,6630,6514,19,33,52,4,8,99,94,5,0,0,0,5912,5829,5549,25,43,44,2,166,83,79,4,0,0,0,5912,446,5466,5405,5307,18,28,43,2,7,61,57,4,0,0,0,6638,3454,3184
Sedgwick County,CO,50,4,8,8,115,1419419181,3530734,2379,1415,40.8715679,-102.3553579,2379,2340,2194,8,10,17,0,111,39,39,4,13,7,1,8,0,0,0,0,0,0,0,0,6,0,0,0,0,0,2379,289,2090,2069,2036,7,8,17,0,1,21,21,0,0,0,0,1919,1895,1785,7,10,16,0,77,24,24,0,0,0,0,1919,201,1718,1705,1674,6,8,16,0,1,13,13,0,0,0,0,1415,1093,322
Summit County,CO,50,4,8,8,117,1575639358,28282990,27994,29842,39.6210227,-106.1375545,27994,27559,25103,230,87,278,19,1842,435,413,51,85,116,20,106,8,3,1,5,2,0,7,5,4,0,19,3,0,0,27994,3989,24005,23734,23158,208,55,269,13,31,271,256,12,3,0,0,23110,22799,21036,195,67,224,16,1261,311,297,14,0,0,0,23110,2731,20379,20176,19694,181,49,216,10,26,203,195,8,0,0,0,29842,11754,18088
Teller County,CO,50,4,8,8,119,1442767059,4944570,23350,12643,38.8719937,-105.1825519,23350,22772,22008,110,212,165,21,256,578,549,75,237,127,4,79,5,1,0,0,4,0,11,5,0,1,29,0,0,0,23350,1294,22056,21609,21148,104,167,155,20,15,447,425,22,0,0,0,18570,18231,17654,90,167,127,12,181,339,324,15,0,0,0,18570,832,17738,17475,17113,86,133,119,12,12,263,253,10,0,0,0,12643,9805,2838
Washington County,CO,50,4,8,8,121,6521670287,15207421,4814,2434,39.965413,-103.2096046,4814,4741,4588,30,7,11,3,102,73,62,10,26,6,1,13,0,0,0,0,0,0,1,1,4,0,11,0,0,0,4814,407,4407,4357,4306,30,7,11,1,2,50,44,6,0,0,0,3689,3651,3545,29,4,6,3,64,38,36,2,0,0,0,3689,249,3440,3413,3371,29,4,6,1,2,27,26,1,0,0,0,2434,1980,454
Weld County,CO,50,4,8,8,123,10326898753,76554163,252825,96281,40.5557944,-104.3836487,252825,245393,209594,2473,2817,3022,216,27271,7432,6946,771,1766,1056,103,2641,46,31,6,92,35,8,220,62,72,37,430,46,10,0,252825,71680,181145,177690,170827,2054,1419,2873,158,359,3455,3239,190,24,2,0,182424,178474,155102,1775,2071,2280,151,17095,3950,3710,210,21,9,0,182424,43862,138562,136629,131387,1540,1161,2196,117,228,1933,1818,100,13,2,0,96281,89349,6932
Yuma County,CO,50,4,8,8,125,6123779829,11134777,10043,4466,40.0006314,-102.422649,10043,9935,8861,18,50,23,3,980,108,104,14,34,4,0,36,0,0,0,0,0,0,1,0,11,4,4,0,0,0,10043,2088,7955,7905,7824,16,33,20,3,9,50,48,2,0,0,0,7396,7341,6696,11,32,19,3,580,55,52,3,0,0,0,7396,1226,6170,6145,6088,10,22,17,3,5,25,23,2,0,0,0,4466,3952,514
Fairfield County,CT,50,1,1,9,1,1618456437,549162331,916829,361221,41.2281028,-73.3667574,916829,892801,685900,99317,2384,42284,442,62474,24028,22524,4864,1468,4212,201,6851,806,475,305,1662,104,14,371,107,784,300,1409,80,14,1,916829,155025,761804,748140,606716,92705,967,41801,256,5695,13664,12821,799,36,8,0,689810,676413,526352,71827,1652,31512,331,44739,13397,12540,810,37,9,1,689810,108149,581661,574712,470553,68000,663,31207,197,4092,6949,6482,451,13,3,0,361221,335545,25676
Hartford County,CT,50,1,1,9,3,1903891914,40213499,894014,374249,41.8060534,-72.7329157,894014,870120,647237,119191,2387,37958,289,63058,23894,21966,6685,1997,3345,185,4234,1053,455,223,2054,119,21,257,106,908,324,1784,117,27,0,894014,136783,757231,742615,591283,110005,1272,37581,186,2288,14616,13524,1020,56,16,0,689971,677464,519067,86104,1672,27787,211,42623,12507,11478,952,58,19,0,689971,89752,600219,592597,481437,80935,940,27569,148,1568,7622,7028,552,30,12,0,374249,350854,23395
Litchfield County,CT,50,1,1,9,5,2384238980,62165569,189927,87550,41.7918967,-73.2354279,189927,186891,178268,2558,404,2908,45,2708,3036,2803,882,701,580,27,364,53,20,10,50,13,3,19,12,40,29,224,7,2,0,189927,8535,181392,179050,173403,2206,284,2877,41,239,2342,2172,165,3,2,0,148975,147496,141419,1897,287,2086,29,1778,1479,1361,114,3,1,0,148975,5324,143651,142486,138339,1687,212,2064,27,157,1165,1077,85,2,1,0,87550,76640,10910
Middlesex County,CT,50,1,1,9,7,956486234,180684001,165676,74837,41.4345251,-72.5242267,165676,162262,147823,7727,253,4247,58,2154,3414,3155,1115,488,668,30,391,113,67,4,143,7,2,11,23,75,18,227,25,7,0,165676,7834,157842,155160,143144,7256,210,4207,53,290,2682,2480,183,13,6,0,130578,128885,118199,5705,204,3250,39,1488,1693,1556,119,11,7,0,130578,4980,125598,124234,115151,5478,171,3225,36,173,1364,1252,98,8,6,0,74837,67202,7635
New Haven County,CT,50,1,1,9,9,1565663096,667053119,862477,362004,41.3497173,-72.9002037,862477,839669,644744,109850,2497,30263,334,51981,22808,21096,6918,1885,3089,152,4296,1232,448,183,1673,117,11,227,70,538,257,1608,90,10,4,862477,129743,732734,718461,582384,101763,1421,29933,196,2764,14273,13225,973,67,4,4,669503,657424,519845,77912,1795,22832,248,34792,12079,11097,921,50,8,3,669503,84123,585380,577832,478657,73409,1098,22616,151,1901,7548,6920,586,36,3,3,362004,334502,27502
New London County,CT,50,1,1,9,11,1722025951,276665774,274055,120994,41.4786303,-72.1034515,274055,264028,225213,16025,2505,11383,180,8722,10027,8909,2802,1592,1555,122,988,778,148,76,386,47,12,89,60,185,69,1020,82,15,1,274055,23214,250841,243163,214605,14488,2077,11248,159,586,7678,6876,735,53,13,1,214456,209514,180757,11897,1717,8754,129,6260,4942,4456,451,29,5,1,214456,14983,199473,195609,173964,11011,1462,8664,115,393,3864,3507,334,17,5,1,120994,107057,13937
Tolland County,CT,50,1,1,9,13,1062448385,17698315,152691,57963,41.8580762,-72.3409774,152691,149937,137125,5011,264,5134,36,2367,2754,2535,776,529,683,43,247,47,38,10,49,13,3,14,20,58,5,211,7,1,0,152691,6602,146089,143823,133589,4701,218,5084,29,202,2266,2098,164,4,0,0,121807,120320,109879,4131,205,4110,32,1963,1487,1373,108,5,1,0,121807,4617,117190,115924,107576,3922,175,4076,27,148,1266,1179,83,4,0,0,57963,54477,3486
Windham County,CT,50,1,1,9,15,1328430430,22092290,118428,49073,41.8249987,-71.9907017,118428,115713,106100,2617,562,1388,44,5002,2715,2513,744,759,319,49,407,79,15,3,58,6,0,24,10,22,18,190,11,0,1,118428,11351,107077,105093,101138,1995,436,1360,38,126,1984,1858,119,6,0,1,91982,90609,83863,1965,408,1085,31,3257,1373,1279,91,2,0,1,91982,7019,84963,83941,80871,1574,323,1065,28,80,1022,963,57,1,0,1,49073,44810,4263
Kent County,DE,50,3,5,10,1,1518196116,549470508,162310,65338,39.0970884,-75.5029819,162310,156587,109999,38913,1043,3306,91,3235,5723,5256,2208,688,738,54,403,500,183,43,259,23,7,36,34,66,14,440,23,4,0,162310,9346,152964,148306,105891,37812,916,3266,74,347,4658,4288,354,15,1,0,121931,119407,85883,27926,833,2577,65,2123,2524,2314,200,9,1,0,121931,5766,116165,114073,83206,27350,749,2554,56,158,2092,1912,175,4,1,0,65338,60278,5060
New Castle County,DE,50,3,5,10,3,1104074798,175385759,538479,217511,39.5759152,-75.6441324,538479,524889,352955,127786,1574,23300,159,19115,13590,12586,4755,1049,2083,87,1610,997,422,89,793,76,4,85,68,401,67,931,71,2,0,538479,46921,491558,481353,331836,124426,984,23132,102,873,10205,9458,707,39,1,0,413400,406805,283588,91854,1099,17774,105,12385,6595,6053,501,39,2,0,413400,29868,383532,378574,269584,89981,737,17672,72,528,4958,4541,393,23,1,0,217511,202651,14860
Sussex County,DE,50,3,5,10,5,2424432871,674204700,197145,123036,38.6775108,-75.335495,197145,192604,155663,25115,1564,1943,150,8169,4541,4245,1773,665,362,61,616,253,88,39,156,24,6,90,8,64,40,282,13,1,0,197145,16954,180191,176770,149025,24544,924,1910,62,305,3421,3198,216,6,1,0,156838,154843,129064,17962,1153,1461,111,5092,1995,1846,144,4,1,0,156838,10502,146336,144894,124846,17653,762,1441,49,143,1442,1324,114,3,1,0,123036,79368,43668
District of Columbia,DC,50,3,5,11,1,158114680,18884970,601723,296719,38.9041485,-77.0170942,601723,584407,231471,305125,2079,21056,302,24374,17316,15273,3476,904,3736,121,2068,1787,900,226,1047,57,10,145,143,333,320,1847,154,41,1,601723,54749,546974,534324,209464,301053,1322,20818,216,1451,12650,11075,1438,106,31,0,500908,488050,210292,238223,1724,19426,264,18121,12858,11294,1416,109,38,1,500908,42708,458200,448760,191933,235249,1143,19221,195,1019,9440,8235,1100,74,31,0,296719,266707,30012
Alachua County,FL,50,3,5,12,1,2266291505,242910527,247336,112766,29.6757403,-82.357221,247336,240790,172156,50282,772,13235,134,4211,6546,6063,1982,849,1596,57,659,232,184,31,166,32,1,17,62,181,14,455,24,4,0,247336,20752,226584,221412,157466,49420,603,13098,122,703,5172,4852,306,11,3,0,203051,199014,147098,36611,589,11344,111,3261,4037,3728,290,16,3,0,203051,16743,186308,183165,134950,35999,483,11215,99,419,3143,2934,200,7,2,0,112766,100516,12250
Baker County,FL,50,3,5,12,3,1515741200,9686121,27115,9687,30.3244416,-82.3022838,27115,26690,22686,3680,76,132,5,111,425,418,110,187,36,3,45,19,3,0,8,1,0,1,0,5,0,7,0,0,0,27115,520,26595,26223,22353,3651,72,129,5,13,372,366,6,0,0,0,20068,19847,16770,2834,63,98,4,78,221,217,4,0,0,0,20068,356,19712,19512,16532,2813,61,96,4,6,200,196,4,0,0,0,9687,8772,915
Bay County,FL,50,3,5,12,5,1964400618,711453131,168852,99650,30.2375633,-85.6313477,168852,163617,138731,18180,1153,3353,161,2039,5235,4859,1323,1333,1129,102,435,123,160,10,80,33,11,18,36,56,10,344,29,3,0,168852,8107,160745,156328,133790,17844,1033,3298,140,223,4417,4120,266,28,3,0,131776,129080,110930,12933,910,2733,133,1441,2696,2534,149,11,2,0,131776,5346,126430,124101,107601,12749,828,2694,118,111,2329,2192,124,11,2,0,99650,68438,31212
Bradford County,FL,50,3,5,12,7,761356806,16904947,28520,11011,29.9469338,-82.1667955,28520,28068,21801,5823,91,151,13,189,452,433,151,133,47,5,37,15,6,3,20,0,1,2,8,5,0,19,0,0,0,28520,1020,27500,27114,21066,5777,85,149,11,26,386,371,15,0,0,0,22885,22657,17567,4746,73,119,11,141,228,216,12,0,0,0,22885,819,22066,21876,16961,4709,69,117,9,11,190,180,10,0,0,0,11011,9479,1532
Brevard County,FL,50,3,5,12,9,2630557912,1402040884,543376,269864,28.2982755,-80.7003842,543376,529006,450927,54799,2118,11349,514,9299,14370,13185,4132,2377,3031,240,1524,327,425,164,451,53,10,55,94,243,59,1104,66,14,1,543376,43943,499433,488410,421466,52677,1709,11098,385,1075,11023,10237,735,44,7,0,435690,428245,371451,39086,1674,9173,393,6468,7445,6871,524,37,12,1,435690,30482,405208,399457,350362,37791,1383,9006,304,611,5751,5360,363,22,6,0,269864,229692,40172
Broward County,FL,50,3,5,12,11,3133329108,292869341,1748066,810388,26.19352,-80.4766578,1748066,1697215,1102231,467519,5065,56795,911,64694,50851,47081,10955,2451,6070,339,12804,1305,3552,2184,4300,268,20,377,252,1731,473,3460,280,26,4,1748066,438247,1309819,1279494,760817,449677,3394,55692,762,9152,30325,27870,2263,168,20,4,1356717,1323831,897098,330744,3638,43859,719,47773,32886,30536,2172,154,20,4,1356717,327009,1029708,1010219,639231,318618,2421,43072,607,6270,19489,17889,1480,98,18,4,810388,686047,124341
Calhoun County,FL,50,3,5,12,13,1469389276,18074798,14625,5999,30.3888013,-85.1979155,14625,14279,11818,2011,165,75,12,198,346,341,76,187,21,4,35,11,0,0,0,0,1,1,0,3,2,5,0,0,0,14625,755,13870,13577,11357,1991,144,71,8,6,293,291,2,0,0,0,11493,11313,9319,1664,130,61,10,129,180,176,4,0,0,0,11493,551,10942,10787,8955,1650,116,58,6,2,155,154,1,0,0,0,5999,5061,938
Charlotte County,FL,50,3,5,12,15,1761913582,461075444,159978,100632,26.8688259,-81.9408583,159978,157303,144059,9089,417,1912,59,1767,2675,2527,797,578,401,27,352,56,49,51,108,8,4,12,26,45,13,140,8,0,0,159978,9213,150765,148715,137628,8622,348,1884,49,184,2050,1941,105,4,0,0,137100,135649,125508,7013,341,1527,43,1217,1451,1370,76,5,0,0,137100,6397,130703,129594,120947,6696,294,1508,37,112,1109,1052,54,3,0,0,100632,73370,27262
Citrus County,FL,50,3,5,12,17,1506586255,496236304,141236,78026,28.8436275,-82.5247964,141236,138959,131350,3987,482,1996,38,1106,2277,2147,628,694,266,40,287,49,17,15,52,21,1,6,11,54,6,109,19,2,0,141236,6584,134652,132875,126549,3767,418,1979,33,129,1777,1681,76,19,1,0,118842,117646,111951,2901,403,1608,29,754,1196,1135,50,9,2,0,118842,4674,114168,113201,108390,2764,355,1596,27,69,967,920,37,9,1,0,78026,63304,14722
Clay County,FL,50,3,5,12,19,1565286048,101496213,190865,75478,29.9871155,-81.8581472,190865,185237,156087,18831,871,5589,214,3645,5628,5177,1390,970,1396,112,598,131,158,31,187,29,2,17,53,83,20,403,46,2,0,190865,14609,176256,171990,147257,18085,734,5429,179,306,4266,3978,254,32,2,0,140695,138107,117937,12714,633,4222,161,2440,2588,2401,169,16,2,0,140695,9305,131390,129431,112175,12290,550,4121,140,155,1959,1837,110,10,2,0,75478,68792,6686
Collier County,FL,50,3,5,12,21,5175636190,794325489,321520,197298,26.1187125,-81.4008838,321520,315358,269596,21087,1123,3507,125,19920,6162,5892,959,537,704,106,2419,52,155,303,253,25,1,70,25,169,114,241,22,7,0,321520,83177,238343,235556,211156,19898,609,3390,72,431,2787,2644,129,12,2,0,258873,255249,224256,14037,756,2735,94,13371,3624,3472,136,13,3,0,258873,56742,202131,200557,183852,13270,440,2655,62,278,1574,1495,70,7,2,0,197298,133179,64119
Columbia County,FL,50,3,5,12,23,2065707648,9722658,67531,28636,30.2213046,-82.6231271,67531,66226,52611,11818,346,622,42,787,1305,1237,436,390,108,24,141,39,7,10,50,7,0,5,11,8,1,63,4,1,0,67531,3276,64255,63195,50475,11663,316,611,36,94,1060,1002,55,3,0,0,52338,51708,41547,8840,264,509,31,517,630,597,31,2,0,0,52338,2267,50071,49557,40016,8736,241,500,28,36,514,486,26,2,0,0,28636,24941,3695
DeSoto County,FL,50,3,5,12,27,1649975818,6274597,34862,14590,27.1905809,-81.8062531,34862,34029,23094,4431,137,178,11,6178,833,813,149,89,23,4,447,4,1,4,34,4,2,15,4,20,13,20,0,0,0,34862,10425,24437,24151,19549,4338,62,169,4,29,286,277,9,0,0,0,27027,26560,18426,3433,92,145,8,4456,467,454,13,0,0,0,27027,7041,19986,19826,16231,3381,49,140,4,21,160,153,7,0,0,0,14590,11445,3145
Dixie County,FL,50,3,5,12,29,1826078949,410763739,16422,9319,29.5808994,-83.1956656,16422,16176,14584,1386,69,48,2,87,246,239,50,134,13,2,26,2,1,2,4,0,0,0,0,5,0,7,0,0,0,16422,512,15910,15701,14220,1364,63,48,2,4,209,203,6,0,0,0,13278,13129,11808,1148,59,43,1,70,149,145,4,0,0,0,13278,374,12904,12771,11534,1136,54,43,1,3,133,129,4,0,0,0,9319,6316,3003
Duval County,FL,50,3,5,12,31,1974068274,404712512,864263,388486,30.3352449,-81.6481132,864263,839597,526044,255018,3413,35901,794,18427,24666,22737,6793,2933,5520,357,2563,1108,881,276,1090,115,16,91,306,580,108,1779,129,14,7,864263,65398,798865,779780,488826,250063,2816,35381,688,2006,19085,17772,1220,84,9,0,660749,648115,425655,178689,2695,27668,617,12791,12634,11660,888,70,10,6,660749,45316,615433,605643,398783,175665,2256,27324,542,1073,9790,9089,645,51,5,0,388486,342450,46036
Escambia County,FL,50,3,5,12,33,1700226567,565247441,297619,136703,30.6116644,-87.33904,297619,288242,204993,68282,2623,8174,430,3740,9377,8561,2290,2088,2040,155,633,423,318,82,228,49,13,18,110,86,28,747,61,8,0,297619,14061,283558,275615,196901,67443,2384,8015,400,472,7943,7302,596,39,6,0,233465,228419,168573,47872,2151,6755,361,2707,5046,4647,361,33,5,0,233465,10087,223378,219076,162543,47355,1967,6640,339,232,4302,3984,296,19,3,0,136703,116238,20465
Flagler County,FL,50,3,5,12,35,1257337716,221090860,95696,48595,29.4748942,-81.2863619,95696,93510,78710,10884,267,2046,59,1544,2186,2047,658,333,322,31,326,67,47,22,156,2,0,16,11,47,9,127,12,0,0,95696,8251,87445,85910,72860,10470,223,2020,47,290,1535,1433,98,4,0,0,76660,75601,64800,7867,209,1631,41,1053,1059,990,65,4,0,0,76660,5813,70847,70114,60540,7582,176,1613,33,170,733,675,56,2,0,0,48595,39186,9409
Franklin County,FL,50,3,5,12,37,1384930964,1273675839,11549,8652,29.8101756,-84.7991735,11549,11353,9540,1589,58,26,7,133,196,193,82,69,12,1,18,6,0,2,2,0,0,0,0,1,0,3,0,0,0,11549,529,11020,10845,9188,1574,52,26,2,3,175,172,3,0,0,0,9579,9485,7884,1422,50,18,7,104,94,93,1,0,0,0,9579,451,9128,9045,7569,1408,46,18,2,2,83,82,1,0,0,0,8652,4254,4398
Gadsden County,FL,50,3,5,12,39,1337293000,31587832,46389,19506,30.5791695,-84.6127832,46389,45782,16646,25996,137,227,19,2757,607,558,149,114,37,6,119,52,5,6,31,0,0,8,0,12,19,43,6,0,0,46389,4419,41970,41576,15335,25881,93,221,7,39,394,349,39,6,0,0,35184,34831,14145,18743,99,191,12,1641,353,321,29,3,0,0,35184,2663,32521,32276,13319,18677,71,186,5,18,245,215,27,3,0,0,19506,16952,2554
Gilchrist County,FL,50,3,5,12,41,905658580,14405662,16939,7307,29.7234556,-82.7958011,16939,16691,15396,897,84,60,12,242,248,241,48,116,18,1,53,1,4,0,0,0,0,0,0,0,0,5,1,1,0,16939,845,16094,15901,14882,884,63,59,1,12,193,188,4,0,1,0,13308,13165,12158,717,62,50,6,172,143,138,3,1,1,0,13308,576,12732,12615,11802,710,48,49,1,5,117,113,3,0,1,0,7307,6121,1186
Glades County,FL,50,3,5,12,43,2087553927,468370788,12884,6979,26.9548102,-81.1908197,12884,12663,9153,1588,589,51,2,1280,221,215,19,54,2,0,95,17,1,1,10,1,0,4,4,7,0,6,0,0,0,12884,2720,10164,10061,7947,1538,518,46,2,10,103,97,6,0,0,0,10467,10363,7665,1393,330,44,1,930,104,100,4,0,0,0,10467,1866,8601,8557,6843,1368,304,40,1,1,44,40,4,0,0,0,6979,4533,2446
Gulf County,FL,50,3,5,12,45,1460784877,496109237,15863,9110,29.9072571,-85.2565366,15863,15578,12384,2962,63,46,4,119,285,271,88,121,18,5,19,12,0,1,4,0,0,3,0,0,0,10,4,0,0,15863,678,15185,14929,11881,2937,59,41,3,8,256,242,10,4,0,0,13289,13110,10288,2634,56,36,3,93,179,168,7,4,0,0,13289,584,12705,12545,9836,2612,54,35,3,5,160,149,7,4,0,0,9110,5335,3775
Hamilton County,FL,50,3,5,12,47,1330711074,13638327,14799,5778,30.4911024,-82.9510488,14799,14542,8851,5102,93,76,0,420,257,238,73,61,19,0,38,16,5,2,8,0,1,9,0,5,1,13,6,0,0,14799,1306,13493,13318,8124,5038,70,73,0,13,175,166,9,0,0,0,11886,11748,7265,4082,70,62,0,269,138,127,10,1,0,0,11886,896,10990,10885,6720,4045,54,61,0,5,105,98,7,0,0,0,5778,4617,1161
Hardee County,FL,50,3,5,12,49,1651849564,1439672,27731,9722,27.4928458,-81.8215798,27731,27185,20013,1936,172,298,12,4754,546,504,98,70,35,4,223,14,1,3,20,1,0,11,10,13,1,41,1,0,0,27731,11895,15836,15591,13315,1877,91,294,8,6,245,223,22,0,0,0,20056,19779,15088,1458,125,177,11,2920,277,265,11,1,0,0,20056,7414,12642,12531,10847,1427,68,177,8,4,111,106,5,0,0,0,9722,8245,1477
Hendry County,FL,50,3,5,12,51,2985609243,96465484,39140,14564,26.53934,-81.1515844,39140,38093,23436,5261,672,279,24,8421,1047,1008,99,96,47,11,584,15,8,9,62,1,0,37,3,29,7,39,0,0,0,39140,19243,19897,19622,13650,5057,580,275,11,49,275,261,14,0,0,0,28254,27722,17779,3781,416,216,19,5511,532,515,17,0,0,0,28254,12729,15525,15388,11133,3663,353,213,10,16,137,134,3,0,0,0,14564,12025,2539
Hernando County,FL,50,3,5,12,53,1223869127,301688560,172778,84504,28.5679113,-82.4648352,172778,169278,154598,8816,613,1859,74,3318,3500,3253,1037,684,436,40,604,56,46,15,160,18,7,33,14,70,33,226,17,4,0,172778,17796,154982,152616,141847,8165,483,1815,62,244,2366,2210,141,14,1,0,138620,136857,126408,6266,481,1376,57,2269,1763,1639,115,8,1,0,138620,12266,126354,125189,117399,5850,394,1350,48,148,1165,1079,80,5,1,0,84504,71745,12759
Highlands County,FL,50,3,5,12,55,2633020110,231596328,98786,55386,27.3426272,-81.3409213,98786,96591,79972,9263,471,1439,45,5401,2195,2093,518,372,177,21,712,49,32,41,100,3,1,8,13,38,8,94,3,5,0,98786,17157,81629,80468,69804,8750,375,1402,37,100,1161,1110,50,1,0,0,80814,79627,68117,6359,360,1080,38,3673,1187,1132,51,2,2,0,80814,11667,69147,68544,61040,6065,295,1054,30,60,603,577,26,0,0,0,55386,42604,12782
Hillsborough County,FL,50,3,5,12,57,2642341101,635973296,1229226,536092,27.9065898,-82.3495681,1229226,1190544,876137,205073,4779,42076,925,61554,38682,35812,10236,3819,6282,377,8037,991,1165,496,2358,137,39,293,240,1045,297,2630,197,41,2,1229226,306635,922591,899796,660565,191260,2948,41328,703,2992,22795,21166,1507,98,24,0,935018,913489,691921,143355,3561,32265,704,41683,21529,19971,1418,109,29,2,935018,214675,720343,708134,537210,134466,2326,31800,540,1792,12209,11316,821,55,17,0,536092,474030,62062
Holmes County,FL,50,3,5,12,59,1240027821,26598676,19927,8641,30.866222,-85.8129589,19927,19538,18043,1147,160,87,27,74,389,375,71,240,24,10,24,5,0,1,0,0,0,0,0,0,0,14,0,0,0,19927,444,19483,19121,17722,1140,143,83,27,6,362,348,14,0,0,0,15645,15407,14108,1025,137,65,18,54,238,231,7,0,0,0,15645,309,15336,15104,13873,1018,130,64,18,1,232,225,7,0,0,0,8641,7354,1287
Indian River County,FL,50,3,5,12,61,1302431761,295606459,138028,76346,27.7006382,-80.5748033,138028,135777,116346,12397,408,1666,51,4909,2251,2100,632,413,286,31,462,71,29,28,73,4,0,11,11,40,9,145,6,0,0,138028,15465,122563,121015,106780,12074,277,1646,49,189,1548,1442,106,0,0,0,112076,110913,97469,8445,301,1340,35,3323,1163,1075,83,5,0,0,112076,10301,101775,101004,91052,8241,220,1326,34,131,771,710,61,0,0,0,76346,60176,16170
Jackson County,FL,50,3,5,12,63,2376987362,95322401,49746,21003,30.787812,-85.2103738,49746,48825,34373,13231,335,239,51,596,921,858,332,233,56,4,103,62,22,3,27,2,1,9,1,2,1,63,0,0,0,49746,2143,47603,46824,33111,13106,305,227,25,50,779,719,60,0,0,0,39839,39362,27831,10569,272,199,36,455,477,444,33,0,0,0,39839,1690,38149,37763,26799,10481,252,187,20,24,386,354,32,0,0,0,21003,17417,3586
Jefferson County,FL,50,3,5,12,65,1549059034,99559135,14761,6632,30.4245579,-83.8908594,14761,14572,8912,5340,37,57,5,221,189,179,48,64,18,7,19,8,2,0,7,0,0,5,1,0,0,9,1,0,0,14761,546,14215,14056,8668,5293,33,49,4,9,159,150,9,0,0,0,12013,11902,7556,4122,27,45,4,148,111,107,3,1,0,0,12013,389,11624,11529,7362,4090,25,41,4,7,95,92,3,0,0,0,6632,5646,986
Lafayette County,FL,50,3,5,12,67,1407428266,11646289,8870,3328,29.9900661,-83.1785097,8870,8750,6868,1411,38,13,2,418,120,119,34,45,10,0,17,5,0,0,6,0,0,0,1,1,0,1,0,0,0,8870,1076,7794,7704,6266,1396,20,13,2,7,90,89,1,0,0,0,7085,7009,5424,1290,28,11,2,254,76,75,1,0,0,0,7085,749,6336,6274,4964,1277,16,11,2,4,62,61,1,0,0,0,3328,2580,748
Lake County,FL,50,3,5,12,69,2430396019,566126522,297052,144996,28.7641128,-81.7122822,297052,290365,243624,29103,1472,5173,215,10778,6687,6229,1577,1198,752,73,1181,207,178,66,330,35,13,109,38,374,98,435,22,1,0,297052,36009,261043,256427,221365,27796,965,5055,194,1052,4616,4316,284,15,1,0,235311,231738,199457,20205,1052,3832,144,7048,3573,3331,233,8,1,0,235311,23523,211788,209293,184587,19425,719,3759,130,673,2495,2338,153,3,1,0,144996,121289,23707
Lee County,FL,50,3,5,12,71,2031879249,1108380339,618754,371099,26.5521343,-81.8922499,618754,605889,513496,51069,2193,8461,380,30290,12865,12125,3171,1494,1663,148,3788,232,207,202,606,38,24,107,71,256,118,683,46,11,0,618754,113308,505446,498121,439048,47751,1292,8252,197,1581,7325,6877,425,17,6,0,497885,490951,428052,34135,1642,6552,284,20286,6934,6521,381,24,8,0,497885,75972,421913,418153,377398,32111,1001,6414,161,1068,3760,3517,230,7,6,0,371099,259818,111281
Leon County,FL,50,3,5,12,73,1727138746,90486851,275487,124136,30.4593104,-84.2778004,275487,269365,173480,83520,775,8053,140,3397,6122,5609,1848,958,1181,70,513,337,220,53,233,21,2,16,38,101,18,466,46,1,0,275487,15361,260126,255132,163483,82386,681,7950,121,511,4994,4596,364,34,0,0,221514,217808,145158,63061,627,6299,122,2541,3706,3401,280,24,1,0,221514,12098,209416,206446,137019,62262,555,6214,107,289,2970,2736,216,18,0,0,124136,110945,13191
Levy County,FL,50,3,5,12,75,2896139279,762981297,40801,20123,29.2844092,-82.7834825,40801,40010,34876,3832,170,229,24,879,791,760,222,301,63,5,116,10,4,1,14,0,1,7,1,13,2,29,0,2,0,40801,3047,37754,37133,32958,3756,129,228,14,48,621,601,20,0,0,0,32172,31732,28029,2752,145,193,18,595,440,421,17,0,2,0,32172,2063,30109,29765,26725,2705,112,192,8,23,344,333,11,0,0,0,20123,16404,3719
Liberty County,FL,50,3,5,12,77,2164095370,19582542,8365,3357,30.2598494,-84.8685805,8365,8223,6462,1497,89,17,0,158,142,140,59,38,9,0,16,2,1,1,4,0,0,0,1,7,2,2,0,0,0,8365,518,7847,7732,6159,1472,77,16,0,8,115,113,2,0,0,0,6588,6525,5024,1317,64,10,0,110,63,63,0,0,0,0,6588,380,6208,6156,4783,1301,59,10,0,3,52,52,0,0,0,0,3357,2525,832
Madison County,FL,50,3,5,12,79,1802497924,51114171,19224,8481,30.4472282,-83.4704367,19224,18972,11070,7460,93,47,0,302,252,239,75,73,11,2,38,26,4,1,6,1,0,1,0,0,1,13,0,0,0,19224,899,18325,18130,10582,7423,76,43,0,6,195,187,8,0,0,0,15037,14909,9021,5542,80,41,0,225,128,123,5,0,0,0,15037,650,14387,14283,8657,5517,68,37,0,4,104,101,3,0,0,0,8481,6985,1496
Manatee County,FL,50,3,5,12,81,1924182235,387844764,322833,172690,27.481386,-82.3657835,322833,316349,264322,28230,1044,5275,218,17260,6484,6151,1957,956,855,64,1486,132,65,72,266,26,0,93,32,113,34,301,25,7,0,322833,47955,274878,270678,236950,27228,608,5203,168,521,4200,3992,188,17,3,0,256550,253346,218675,19069,744,4059,146,10653,3204,3019,169,10,6,0,256550,30177,226373,224392,201043,18457,486,4009,121,276,1981,1859,112,8,2,0,172690,135729,36961
Marion County,FL,50,3,5,12,83,4103955681,202185444,331298,164050,29.2028047,-82.0431004,331298,324484,268284,40828,1309,4407,144,9512,6814,6378,1854,1343,686,80,1367,212,135,84,297,38,6,39,26,166,45,398,30,8,0,331298,36137,295161,290561,245136,39337,983,4337,121,647,4600,4319,253,21,7,0,267117,263370,223439,29004,1015,3440,108,6364,3747,3499,226,17,5,0,267117,24521,242596,240115,207348,28109,795,3394,91,378,2481,2323,140,14,4,0,164050,137726,26324
Martin County,FL,50,3,5,12,85,1407565382,542252066,146318,78131,27.0799538,-80.3982112,146318,143985,127691,7842,840,1540,104,5968,2333,2214,534,431,362,36,535,42,28,36,72,8,2,49,9,53,17,101,9,5,4,146318,17881,128437,126974,117532,7493,248,1510,52,139,1463,1395,59,7,2,0,120572,119309,107609,5908,598,1198,78,3918,1263,1206,48,4,3,2,120572,11797,108775,108002,100787,5710,196,1178,45,86,773,737,32,2,2,0,78131,63899,14232
Miami-Dade County,FL,50,3,5,12,86,4915061046,1381673402,2496435,989435,25.6104937,-80.4990449,2496435,2437558,1841887,472976,5000,37669,675,79351,58877,55549,9201,1705,5988,316,24486,1285,2448,2193,5397,199,44,706,134,1098,349,3048,193,82,5,2496435,1623859,872576,852477,383551,425650,2014,35841,468,4953,20099,18668,1296,91,42,2,1950707,1906864,1465722,344809,3749,30924,544,61116,43843,41425,2211,138,65,4,1950707,1295007,655700,641199,298743,307838,1444,29533,385,3256,14501,13437,957,69,37,1,989435,867352,122083
Monroe County,FL,50,3,5,12,87,2546689189,7133453992,73090,52764,25.6010428,-81.2067767,73090,71789,65409,4194,296,809,70,1011,1301,1247,301,340,234,30,213,22,37,6,32,5,1,6,14,4,2,51,3,0,0,73090,15071,58019,57105,52089,3851,247,782,60,76,914,878,33,3,0,0,62089,61231,56271,3179,250,655,56,820,858,822,35,1,0,0,62089,11437,50652,50047,46146,2932,214,637,52,66,605,581,23,1,0,0,52764,32629,20135
Nassau County,FL,50,3,5,12,89,1679967676,200158743,73314,35009,30.6059257,-81.7649287,73314,72159,65809,4668,308,639,50,685,1155,1090,266,319,233,22,145,25,24,0,11,3,0,14,7,17,4,61,4,0,0,73314,2380,70934,70002,64410,4581,248,619,46,98,932,885,43,4,0,0,57395,56808,51973,3554,238,515,32,496,587,558,27,2,0,0,57395,1634,55761,55276,50992,3498,198,504,30,54,485,465,18,2,0,0,35009,28794,6215
Okaloosa County,FL,50,3,5,12,91,2409328778,393241055,180822,92407,30.6658583,-86.5941941,180822,173721,146582,16797,1068,5328,354,3592,7101,6477,1644,1316,2063,141,518,97,287,30,96,28,1,27,114,80,35,559,56,9,0,180822,12296,168526,162644,139500,16333,895,5189,330,397,5882,5410,423,44,5,0,140434,136940,116668,12116,871,4537,262,2486,3494,3265,201,20,8,0,140434,8155,132279,129336,111833,11837,753,4441,245,227,2943,2781,141,16,5,0,92407,72379,20028
Okeechobee County,FL,50,3,5,12,93,1991462636,318565354,39996,18509,27.3855924,-80.8873884,39996,39245,31009,3203,380,351,29,4273,751,715,151,126,55,9,286,33,3,3,17,1,1,13,0,11,6,36,0,0,0,39996,9561,30435,30060,26258,3117,287,345,25,28,375,348,27,0,0,0,30412,30067,24396,2387,233,262,21,2768,345,327,18,0,0,0,30412,6084,24328,24156,21362,2327,178,257,19,13,172,159,13,0,0,0,18509,14013,4496
Orange County,FL,50,3,5,12,95,2339870128,258560561,1145956,487839,28.514435,-81.323295,1145956,1106631,728795,238241,4532,56581,1266,77216,39325,36473,8584,2648,5723,317,9317,1099,1544,893,2862,230,64,519,307,1756,610,2639,176,26,11,1145956,308244,837712,815260,526754,223200,2449,55541,1038,6278,22452,20886,1444,110,8,4,875809,852171,580693,167767,3352,44535,957,54867,23638,21952,1556,100,20,10,875809,220285,655524,642255,433549,157754,1903,43870,806,4373,13269,12318,880,62,6,3,487839,421847,65992
Osceola County,FL,50,3,5,12,97,3438086444,462191583,268685,128170,28.0590267,-81.1393116,268685,257785,190641,30369,1452,7406,294,27623,10900,10083,2415,745,1019,81,3335,195,301,152,903,64,13,193,57,367,243,772,40,5,0,268685,122146,146539,142133,108292,24503,596,7120,229,1393,4406,4081,306,14,5,0,198269,191687,144593,21168,1034,5631,191,19070,6582,6091,465,23,3,0,198269,84875,113394,110844,86506,17297,479,5494,154,914,2550,2353,187,7,3,0,128170,90603,37567
Palm Beach County,FL,50,3,5,12,99,5101663125,1070302119,1320134,664594,26.6457628,-80.4486728,1320134,1289862,970121,228690,6043,31100,770,53138,30272,28436,6176,2374,4119,297,8673,738,1243,1128,1763,139,29,507,176,805,269,1659,145,30,2,1320134,250823,1069311,1052090,793571,221209,2171,30549,511,4079,17221,16085,1036,80,20,0,1051250,1032884,807378,159187,4262,24017,572,37468,18366,17287,969,86,23,1,1051250,180155,871095,861076,678572,154233,1563,23630,395,2683,10019,9331,623,50,15,0,664594,544227,120367
Pasco County,FL,50,3,5,12,101,1934425891,314858950,464697,228928,28.3020241,-82.4557068,464697,454250,409784,20700,1646,9796,270,12054,10447,9738,2654,1975,1900,156,1788,157,225,50,331,38,5,91,53,223,92,638,60,11,0,464697,54536,410161,403003,372239,19010,1236,9609,223,686,7158,6699,414,37,8,0,366124,360833,329672,14352,1281,7284,188,8056,5291,4966,289,28,8,0,366124,36025,330099,326517,304433,13328,1015,7171,160,410,3582,3361,196,19,6,0,228928,189612,39316
Pinellas County,FL,50,3,5,12,103,709135878,865905939,916542,503634,27.903122,-82.739518,916542,896526,752892,94745,2892,27148,810,18039,20016,18626,5771,3227,3958,264,2695,506,440,133,644,103,10,79,147,488,161,1258,101,27,4,916542,73241,843301,828049,704786,91922,2066,26749,724,1802,15252,14254,904,68,22,4,753654,743038,639768,66980,2314,21145,570,12261,10616,9898,650,49,15,4,753654,51078,702576,694503,605036,65296,1777,20858,517,1019,8073,7547,475,35,12,4,503634,415876,87758
Polk County,FL,50,3,5,12,105,4656375819,550925774,602095,281214,27.9531147,-81.6927831,602095,587360,452854,88833,2706,9760,360,32847,14735,13833,4183,2160,1475,145,3468,340,290,235,764,53,14,154,70,312,170,826,60,13,3,602095,106532,495563,486651,388769,85336,1658,9567,238,1083,8912,8400,468,36,7,1,460359,452924,361040,61101,1988,7442,260,21093,7435,6938,455,29,10,3,460359,68425,391934,387579,319132,58950,1344,7339,174,640,4355,4075,257,17,5,1,281214,227485,53729
Putnam County,FL,50,3,5,12,107,1884532662,257184021,74364,37337,29.6060059,-81.7408939,74364,73070,57468,12030,359,455,53,2705,1294,1232,434,407,105,7,184,21,4,7,34,0,0,8,7,6,8,58,0,1,3,74364,6706,67658,66654,53981,11842,271,444,36,80,1004,968,34,0,0,2,57579,56918,46323,8226,287,371,39,1672,661,627,30,0,1,3,57579,4104,53475,52956,44172,8131,232,363,26,32,519,499,18,0,0,2,37337,29409,7928
St. Johns County,FL,50,3,5,12,109,1555689678,572050772,190039,89830,29.8905926,-81.3839139,190039,186674,169794,10684,551,3920,149,1576,3365,3178,787,657,984,73,350,70,50,14,57,13,0,11,33,69,10,177,7,3,0,190039,9972,180067,177323,162194,10388,457,3854,140,290,2744,2608,128,5,3,0,146188,144567,132566,7566,429,2824,115,1067,1621,1528,84,6,3,0,146188,6686,139502,138168,127373,7387,365,2780,110,153,1334,1263,63,5,3,0,89830,75338,14492
St. Lucie County,FL,50,3,5,12,111,1481280881,300907268,277789,137029,27.3807748,-80.4433638,277789,270502,199336,53036,1123,4334,161,12512,7287,6807,2003,760,726,73,1709,261,262,211,439,29,8,72,40,159,55,447,28,4,1,277789,45995,231794,227267,170032,51373,664,4226,127,845,4527,4231,273,19,3,1,215781,211905,163111,36398,751,3296,125,8224,3876,3625,241,7,2,1,215781,30347,185434,183049,143321,35407,480,3230,100,511,2385,2216,159,7,2,1,137029,108523,28506
Santa Rosa County,FL,50,3,5,12,113,2620043744,420025582,151372,64760,30.7036328,-87.0142549,151372,146870,132920,8205,1306,2759,217,1463,4502,4187,891,1281,1240,112,305,54,96,21,42,24,6,14,60,36,5,277,29,8,1,151372,6507,144865,140968,128726,7940,1194,2690,200,218,3897,3655,205,29,7,1,115163,112910,102310,6277,1029,2219,161,914,2253,2141,99,8,4,1,115163,4247,110916,108935,99429,6130,955,2170,150,101,1981,1896,73,8,3,1,64760,56910,7850
Sarasota County,FL,50,3,5,12,115,1439690708,438941172,379448,228413,27.1843855,-82.3658351,379448,373443,342090,17815,945,4903,134,7556,6005,5621,1679,1127,988,85,1082,119,74,37,203,30,1,57,47,67,25,358,20,6,0,379448,30033,349415,345146,321978,17036,667,4818,102,545,4269,4010,240,13,6,0,319713,316578,294252,12470,730,3774,106,5246,3135,2912,206,11,6,0,319713,20845,298868,296697,280040,11971,547,3716,83,340,2171,2025,133,7,6,0,228413,175746,52667
Seminole County,FL,50,3,5,12,117,800879349,93428200,422718,181307,28.6900793,-81.1319797,422718,410528,330664,47107,1386,15692,258,15421,12190,11251,3102,1411,2326,116,2303,275,388,106,578,36,10,67,62,376,95,858,78,3,0,422718,72457,350261,342490,280452,44196,995,15451,194,1202,7771,7222,510,36,3,0,325537,318872,260841,33899,1067,11894,194,10977,6665,6149,463,50,3,0,325537,51151,274386,270218,224796,32052,778,11744,152,696,4168,3867,276,22,3,0,181307,164706,16601
Sumter County,FL,50,3,5,12,119,1416548738,85192294,93420,53026,28.7142938,-82.0747152,93420,92370,80893,9022,359,620,39,1437,1050,1004,249,281,104,18,197,47,14,9,40,7,1,8,7,16,6,42,3,1,0,93420,5582,87838,87082,77338,8736,294,609,28,77,756,725,27,3,1,0,84908,84223,74537,7747,319,540,32,1048,685,654,27,3,1,0,84908,4411,80497,80029,71671,7486,267,532,23,50,468,447,17,3,1,0,53026,41361,11665
Suwannee County,FL,50,3,5,12,121,1783341092,9594285,41551,19164,30.1892438,-82.9927542,41551,40778,34299,4754,211,228,15,1271,773,740,185,237,58,13,201,13,1,0,5,2,0,12,1,7,5,28,5,0,0,41551,3596,37955,37429,32300,4696,162,223,11,37,526,505,16,5,0,0,32102,31721,27038,3480,161,181,11,850,381,358,19,4,0,0,32102,2336,29766,29467,25700,3445,126,178,7,11,299,283,12,4,0,0,19164,15953,3211
Taylor County,FL,50,3,5,12,123,2702147548,489238369,22570,11004,30.0169434,-83.6164167,22570,22177,16964,4669,180,153,6,205,393,378,106,175,31,6,45,3,3,2,3,2,0,1,1,0,0,14,1,0,0,22570,777,21793,21452,16483,4629,171,149,5,15,341,326,14,1,0,0,18125,17897,13694,3788,145,109,3,158,228,218,9,1,0,0,18125,626,17499,17301,13280,3758,141,106,3,13,198,188,9,1,0,0,11004,7920,3084
Union County,FL,50,3,5,12,125,630806354,16049937,15535,4508,30.0542796,-82.366918,15535,15310,11655,3449,57,34,2,113,225,219,94,69,14,1,26,6,0,0,6,0,1,1,1,0,0,6,0,0,0,15535,743,14792,14604,11123,3391,52,32,2,4,188,183,5,0,0,0,12525,12426,9232,3034,42,30,2,86,99,97,2,0,0,0,12525,571,11954,11870,8810,2988,39,28,2,3,84,82,2,0,0,0,4508,4048,460
Volusia County,FL,50,3,5,12,127,2851658690,858331481,494593,254226,29.0576172,-81.1618129,494593,484083,408256,51791,1778,7567,204,14487,10510,9829,3154,2022,1465,114,1680,299,171,64,415,58,4,72,53,185,73,628,48,5,0,494593,55217,439376,432198,372982,49548,1356,7368,166,778,7178,6770,381,25,2,0,401320,395694,340416,38102,1431,6013,168,9564,5626,5232,362,30,2,0,401320,37697,363623,359829,315483,36696,1133,5904,142,471,3794,3545,229,20,0,0,254226,208236,45990
Wakulla County,FL,50,3,5,12,129,1570616974,334904032,30776,12804,30.140378,-84.3751361,30776,30217,25224,4464,191,172,18,148,559,529,187,195,67,13,30,6,2,3,10,6,1,2,1,0,6,30,0,0,0,30776,1016,29760,29264,24472,4406,174,166,17,29,496,472,24,0,0,0,23851,23577,19464,3707,153,133,16,104,274,259,15,0,0,0,23851,740,23111,22861,18896,3670,140,128,15,12,250,238,12,0,0,0,12804,10490,2314
Walton County,FL,50,3,5,12,131,2687435898,523099633,55043,45132,30.6312106,-86.1766139,55043,53743,48351,3178,488,499,58,1169,1300,1255,256,599,232,12,97,19,4,4,9,6,0,1,6,9,1,41,4,0,0,55043,2921,52122,51057,46857,3147,463,491,37,62,1065,1036,25,4,0,0,43713,42949,38929,2375,410,400,45,790,764,743,21,0,0,0,43713,2023,41690,41065,37856,2353,391,395,28,42,625,611,14,0,0,0,45132,22301,22831
Washington County,FL,50,3,5,12,133,1509453502,85860698,24896,10796,30.6022166,-85.6627968,24896,24376,20014,3745,319,134,15,149,520,500,157,192,43,11,36,40,3,0,3,6,1,1,6,0,1,20,0,0,0,24896,733,24163,23705,19551,3698,296,131,15,14,458,445,13,0,0,0,19626,19354,15918,2975,240,98,9,114,272,264,8,0,0,0,19626,510,19116,18869,15588,2940,226,96,9,10,247,241,6,0,0,0,10796,8864,1932
Appling County,GA,50,3,5,13,1,1313333924,13417422,18236,8512,31.739712,-82.2901025,18236,18041,13385,3392,68,126,23,1047,195,184,71,33,16,1,48,3,1,1,5,0,0,2,0,0,3,11,0,0,0,18236,1704,16532,16400,12854,3360,40,125,11,10,132,122,10,0,0,0,13542,13470,10287,2400,47,90,13,633,72,65,7,0,0,0,13542,1016,12526,12478,9968,2379,31,89,6,5,48,42,6,0,0,0,8512,6969,1543
Atkinson County,GA,50,3,5,13,3,878994487,13343157,8375,3522,31.3005623,-82.8836144,8375,8245,5213,1453,47,23,24,1485,130,127,36,20,9,1,42,6,0,0,3,1,0,0,0,5,4,3,0,0,0,8375,2039,6336,6270,4776,1428,31,17,14,4,66,64,2,0,0,0,5945,5891,3896,1032,37,18,20,888,54,54,0,0,0,0,5945,1209,4736,4707,3642,1013,25,15,11,1,29,29,0,0,0,0,3522,2983,539
Bacon County,GA,50,3,5,13,5,669707907,70568892,11096,4801,31.5633274,-82.3878591,11096,10953,8725,1704,20,38,10,456,143,140,78,21,11,0,21,1,2,0,2,0,0,0,0,2,2,3,0,0,0,11096,791,10305,10185,8431,1696,8,34,10,6,120,118,2,0,0,0,8270,8207,6681,1190,12,29,6,289,63,63,0,0,0,0,8270,514,7756,7707,6481,1185,7,27,6,1,49,49,0,0,0,0,4801,4214,587
Baker County,GA,50,3,5,13,7,885629946,18634158,3451,1652,31.3196219,-84.454857,3451,3409,1675,1613,9,25,2,85,42,40,18,3,0,1,14,3,1,0,0,0,0,0,0,0,0,1,1,0,0,3451,145,3306,3278,1642,1600,9,24,2,1,28,26,1,1,0,0,2650,2639,1350,1217,8,19,2,43,11,10,0,1,0,0,2650,73,2577,2568,1331,1209,8,18,2,0,9,8,0,1,0,0,1652,1372,280
Baldwin County,GA,50,3,5,13,9,667812053,24779162,45720,20159,33.0595321,-83.2553624,45720,45164,25121,18965,98,582,19,379,556,526,216,94,75,6,44,29,21,4,23,6,2,1,1,4,0,30,0,0,0,45720,919,44801,44308,24704,18866,85,580,18,55,493,464,29,0,0,0,36369,36087,21331,13920,71,485,16,264,282,265,17,0,0,0,36369,677,35692,35443,21005,13858,60,483,15,22,249,233,16,0,0,0,20159,16788,3371
Banks County,GA,50,3,5,13,11,601112234,4651183,18395,7595,34.3519216,-83.4984409,18395,18135,16877,427,57,165,3,606,260,246,44,100,23,3,52,3,1,0,0,1,0,1,1,10,7,13,1,0,0,18395,1041,17354,17152,16526,416,36,165,0,9,202,188,13,1,0,0,13752,13597,12733,332,40,116,3,373,155,152,3,0,0,0,13752,615,13137,13005,12531,326,30,116,0,2,132,129,3,0,0,0,7595,6700,895
Barrow County,GA,50,3,5,13,13,415198674,6817600,69367,26400,33.9920094,-83.7123025,69367,67759,54665,7889,186,2382,36,2601,1608,1527,565,309,196,6,278,38,20,5,42,16,2,9,5,29,7,77,4,0,0,69367,6037,63330,62163,51736,7769,130,2359,28,141,1167,1106,58,3,0,0,49778,49095,40379,5475,122,1519,17,1583,683,655,27,1,0,0,49778,3613,46165,45675,38607,5406,99,1505,14,44,490,467,22,1,0,0,26400,23971,2429
Bartow County,GA,50,3,5,13,15,1190213681,27373871,100157,39823,34.2409175,-84.8381879,100157,98065,82862,10178,393,719,60,3853,2092,2003,684,538,192,27,389,28,24,11,40,20,2,9,0,28,11,77,8,4,0,100157,7690,92467,90976,79803,10024,288,705,54,102,1491,1417,62,8,4,0,73357,72398,62100,7112,297,529,42,2318,959,914,41,1,3,0,73357,4506,68851,68197,60334,7035,227,521,38,42,654,618,32,1,3,0,39823,35782,4041
Ben Hill County,GA,50,3,5,13,17,647809208,9807089,17634,7942,31.7407755,-83.1471898,17634,17399,10446,6104,56,126,2,665,235,220,79,54,14,2,41,14,0,2,5,3,0,0,0,1,5,15,0,0,0,17634,1026,16608,16435,10164,6087,47,120,2,15,173,163,10,0,0,0,12966,12873,8133,4218,36,85,2,399,93,86,7,0,0,0,12966,572,12394,12312,7983,4208,33,81,2,5,82,76,6,0,0,0,7942,6794,1148
Berrien County,GA,50,3,5,13,19,1170407787,15503056,19286,8709,31.274308,-83.2319058,19286,19042,16327,2063,56,82,4,510,244,231,64,58,34,1,54,5,1,0,3,0,0,4,7,0,0,13,0,0,0,19286,885,18401,18227,16050,2040,44,82,3,8,174,167,7,0,0,0,14347,14247,12425,1417,41,58,4,302,100,96,4,0,0,0,14347,501,13846,13768,12265,1403,38,58,3,1,78,75,3,0,0,0,8709,7443,1266
Bibb County,GA,50,3,5,13,21,646879637,14514058,155547,69662,32.8088443,-83.6941934,155547,153312,67199,81116,332,2531,120,2014,2235,2050,759,268,248,26,170,179,124,32,114,17,0,18,17,64,14,158,24,3,0,155547,4389,151158,149306,65494,80744,287,2492,74,215,1852,1705,123,22,2,0,115428,114280,54790,55948,264,1923,97,1258,1148,1024,103,19,2,0,115428,2849,112579,111620,53639,55711,233,1895,62,80,959,861,79,17,2,0,69662,60295,9367
Bleckley County,GA,50,3,5,13,23,559100179,8447354,13063,5304,32.4354034,-83.3317174,13063,12935,9151,3564,13,110,3,94,128,118,44,23,12,2,18,7,3,1,5,1,0,1,1,0,0,10,0,0,0,13063,301,12762,12660,9000,3533,7,109,3,8,102,94,8,0,0,0,10114,10054,7210,2678,10,88,3,65,60,51,9,0,0,0,10114,189,9925,9876,7124,2655,7,87,3,0,49,41,8,0,0,0,5304,4660,644
Brantley County,GA,50,3,5,13,25,1145713216,12535638,18411,8086,31.1973339,-81.9829779,18411,18139,17380,538,58,38,2,123,272,262,53,151,7,8,37,2,1,0,1,2,0,0,0,0,0,4,2,4,0,18411,343,18068,17834,17198,531,56,37,2,10,234,231,3,0,0,0,13518,13369,12845,389,36,26,2,71,149,141,3,2,3,0,13518,194,13324,13189,12739,383,36,25,2,4,135,133,2,0,0,0,8086,6885,1201
Brooks County,GA,50,3,5,13,27,1276982395,12314550,16243,7706,30.8336956,-83.5889713,16243,16042,9722,5729,49,51,14,477,201,186,37,69,20,3,41,9,1,0,4,0,0,0,0,0,2,14,1,0,0,16243,853,15390,15241,9425,5695,48,51,5,17,149,141,8,0,0,0,12393,12278,7757,4117,42,38,7,317,115,109,6,0,0,0,12393,553,11840,11750,7564,4093,41,38,4,10,90,85,5,0,0,0,7706,6457,1249
Bryan County,GA,50,3,5,13,29,1129148153,47887043,30233,11842,32.0179692,-81.4385431,30233,29475,24254,4286,98,486,25,326,758,714,258,132,151,23,52,17,14,11,18,1,4,7,15,7,4,43,1,0,0,30233,1336,28897,28294,23446,4210,81,473,22,62,603,569,33,1,0,0,21376,21081,17559,2890,79,337,18,198,295,276,18,1,0,0,21376,777,20599,20367,17090,2837,66,330,17,27,232,220,11,1,0,0,11842,10738,1104
Bulloch County,GA,50,3,5,13,31,1742568254,40963315,70217,28794,32.3934083,-81.7438099,70217,69056,47215,19409,183,1020,64,1165,1161,1088,402,212,165,13,123,50,39,15,33,4,1,15,7,6,3,65,8,0,0,70217,2439,67778,66822,46251,19252,142,1013,58,106,956,892,56,8,0,0,55824,55162,38650,14640,141,833,51,847,662,609,47,6,0,0,55824,1726,54098,53558,37973,14524,116,827,47,71,540,491,43,6,0,0,28794,25575,3219
Burke County,GA,50,3,5,13,33,2141836337,20758796,23316,9865,33.0637365,-82.0038904,23316,23009,11070,11533,49,77,20,260,307,268,115,63,17,1,34,15,4,4,9,0,0,3,0,2,1,27,10,2,0,23316,617,22699,22459,10844,11469,47,68,20,11,240,211,20,7,2,0,16731,16591,8479,7803,40,64,11,194,140,122,15,3,0,0,16731,414,16317,16204,8340,7757,38,57,11,1,113,99,12,2,0,0,9865,8533,1332
Butts County,GA,50,3,5,13,35,477576117,9448312,23655,9357,33.2903551,-83.9582206,23655,23340,16546,6469,59,109,3,154,315,312,113,80,45,2,35,19,1,3,10,0,0,2,1,0,1,3,0,0,0,23655,597,23058,22805,16200,6431,52,100,3,19,253,251,2,0,0,0,18330,18176,12898,5048,48,86,2,94,154,153,1,0,0,0,18330,394,17936,17805,12648,5030,45,77,2,3,131,130,1,0,0,0,9357,7881,1476
Calhoun County,GA,50,3,5,13,37,726147317,8315704,6694,2409,31.521279,-84.6262895,6694,6630,2326,4105,10,30,18,141,64,60,21,13,1,0,6,7,5,0,7,0,0,0,0,0,0,4,0,0,0,6694,262,6432,6383,2250,4092,9,30,0,2,49,45,4,0,0,0,5374,5335,1953,3234,9,22,18,99,39,38,1,0,0,0,5374,194,5180,5147,1893,3222,8,22,0,2,33,32,1,0,0,0,2409,2002,407
Camden County,GA,50,3,5,13,39,1587727882,437293017,50513,21114,30.9163582,-81.636516,50513,48982,37557,9799,259,724,76,567,1531,1398,480,286,268,27,122,66,45,16,56,3,0,4,11,11,3,116,11,1,5,50513,2590,47923,46676,35977,9621,230,706,70,72,1247,1149,87,11,0,0,36861,36208,28239,6783,188,562,55,381,653,597,50,3,0,3,36861,1622,35239,34717,27230,6683,169,549,51,35,522,479,40,3,0,0,21114,18047,3067
Candler County,GA,50,3,5,13,43,629480666,15058435,10998,4761,32.4039862,-82.0714459,10998,10884,7253,2683,9,57,5,877,114,111,38,20,12,3,30,2,1,1,3,0,0,0,0,1,0,3,0,0,0,10998,1227,9771,9695,6949,2669,8,57,1,11,76,73,3,0,0,0,8179,8126,5577,1935,8,38,5,563,53,50,3,0,0,0,8179,774,7405,7367,5392,1925,7,38,1,4,38,35,3,0,0,0,4761,4041,720
Carroll County,GA,50,3,5,13,45,1292600278,12327627,110527,44607,33.5822366,-85.0805272,110527,108063,83579,20089,389,853,32,3121,2464,2315,1132,400,182,16,309,69,46,10,89,5,0,12,9,22,14,135,14,0,0,110527,6800,103727,101793,80531,19862,296,836,19,249,1934,1808,119,7,0,0,82403,81362,63993,14491,294,630,25,1929,1041,972,60,9,0,0,82403,4258,78145,77358,62068,14354,227,616,16,77,787,730,53,4,0,0,44607,39187,5420
Catoosa County,GA,50,3,5,13,47,419990951,779612,63942,26606,34.8993926,-85.1373531,63942,62887,59845,1392,212,783,34,621,1055,1016,341,357,145,27,75,18,4,1,5,3,6,1,0,22,11,36,1,2,0,63942,1469,62473,61537,59149,1356,191,762,30,49,936,904,30,0,2,0,48002,47489,45420,946,144,572,23,384,513,495,16,0,2,0,48002,880,47122,46662,45014,923,130,560,21,14,460,445,13,0,2,0,26606,24475,2131
Charlton County,GA,50,3,5,13,49,2003553604,22786057,12171,4475,30.7799036,-82.1396442,12171,11979,8352,3464,45,76,3,39,192,184,70,62,19,4,5,15,1,3,1,1,1,1,0,1,0,8,0,0,0,12171,310,11861,11681,8116,3443,38,76,3,5,180,172,8,0,0,0,9529,9417,6539,2762,39,49,3,25,112,105,7,0,0,0,9529,252,9277,9172,6343,2743,34,49,3,0,105,98,7,0,0,0,4475,3927,548
Chatham County,GA,50,3,5,13,51,1104465640,533085725,265128,119323,31.9747555,-81.0917682,265128,259429,140010,106392,691,6311,254,5771,5699,5166,1758,640,1042,74,547,297,253,73,232,24,3,23,29,129,42,492,37,4,0,265128,14370,250758,246282,133492,105274,587,6229,224,476,4476,4083,365,25,3,0,205121,202069,116067,76005,560,5073,182,4182,3052,2780,247,22,3,0,205121,9986,195135,192717,111471,75326,482,5013,163,262,2418,2205,198,12,3,0,119323,103038,16285
Chattahoochee County,GA,50,3,5,13,53,644223521,6292717,11267,3376,32.3474454,-84.7880206,11267,10769,7753,2123,81,246,72,494,498,451,110,79,110,20,59,9,9,8,19,1,1,8,4,12,2,44,3,0,0,11267,1398,9869,9509,7089,2047,67,231,62,13,360,321,39,0,0,0,8214,7968,5804,1496,68,194,36,370,246,224,22,0,0,0,8214,940,7274,7086,5353,1455,55,187,33,3,188,169,19,0,0,0,3376,2686,690
Chattooga County,GA,50,3,5,13,55,811541767,570807,26015,10977,34.4741785,-85.3452894,26015,25601,21828,2899,67,108,27,672,414,403,162,103,15,6,79,9,3,4,5,1,0,3,4,5,4,9,2,0,0,26015,1043,24972,24657,21589,2886,48,108,2,24,315,306,7,2,0,0,20157,19957,16916,2491,51,79,14,406,200,196,2,2,0,0,20157,621,19536,19386,16780,2478,37,79,1,11,150,146,2,2,0,0,10977,9548,1429
Cherokee County,GA,50,3,5,13,57,1092129613,32974694,214346,82360,34.2443166,-84.4750574,214346,209875,185536,12117,814,3538,135,7735,4471,4160,1237,771,880,56,703,70,107,20,114,18,16,57,22,76,13,279,27,4,1,214346,20566,193780,190467,174243,11633,536,3484,84,487,3313,3111,179,18,4,1,155426,153289,137012,8184,587,2545,92,4869,2137,1988,139,8,1,1,155426,12908,142518,140968,129832,7921,412,2509,58,236,1550,1450,92,6,1,1,82360,75936,6424
Clarke County,GA,50,3,5,13,59,308727523,4752204,116714,51068,33.9522337,-83.3671299,116714,114189,72238,30988,247,4869,84,5763,2525,2345,678,247,575,22,408,80,88,16,99,16,3,11,23,68,11,167,12,1,0,116714,12192,104522,102639,66674,30695,141,4811,48,270,1883,1752,126,5,0,0,96291,94659,63968,22492,181,4290,59,3669,1632,1515,108,8,1,0,96291,7933,88358,87126,60254,22296,112,4252,42,170,1232,1148,80,4,0,0,51068,45414,5654
Clay County,GA,50,3,5,13,61,506035709,56598884,3183,2102,31.6198309,-84.9925826,3183,3146,1197,1923,11,10,1,4,37,36,18,3,1,0,11,1,1,1,0,0,0,0,0,0,0,0,1,0,0,3183,26,3157,3130,1188,1920,11,10,1,0,27,26,0,1,0,0,2466,2454,1051,1380,11,8,1,3,12,11,0,1,0,0,2466,16,2450,2442,1045,1377,11,8,1,0,8,7,0,1,0,0,2102,1331,771
Clayton County,GA,50,3,5,13,63,366664243,7152613,259424,104705,33.5522424,-84.4129771,259424,252857,48960,171480,965,12937,139,18376,6567,5935,2032,299,278,14,1027,660,407,153,648,78,8,74,26,169,62,555,50,25,2,259424,35447,223977,219601,36610,169020,562,12839,103,467,4376,3882,440,37,16,1,184445,181010,39846,119218,680,9765,107,11394,3435,3090,313,19,12,1,184445,21831,162614,160348,32242,117666,415,9695,77,253,2266,1991,256,11,7,1,104705,90633,14072
Clinch County,GA,50,3,5,13,65,2072566618,61565598,6798,3007,30.9176531,-82.7026143,6798,6704,4581,1886,44,13,4,176,94,88,48,21,0,3,9,1,0,0,3,2,0,0,1,0,0,6,0,0,0,6798,236,6562,6483,4536,1876,38,13,4,16,79,73,6,0,0,0,4955,4923,3531,1248,29,11,2,102,32,28,4,0,0,0,4955,142,4813,4787,3505,1243,25,11,2,1,26,22,4,0,0,0,3007,2572,435
Cobb County,GA,50,3,5,13,67,879428364,12868473,688078,286490,33.93994,-84.5741657,688078,669415,428023,171774,2314,30657,346,36301,18663,17118,5146,1675,3126,124,3287,935,750,116,991,72,8,131,102,544,111,1430,96,16,3,688078,84330,603748,590483,387438,168053,1332,30432,267,2961,13265,12073,1116,64,12,0,511591,501694,333513,120602,1605,22926,265,22783,9897,9059,770,53,12,3,511591,53080,458511,451648,307377,118412,1016,22771,212,1860,6863,6200,619,36,8,0,286490,260056,26434
Coffee County,GA,50,3,5,13,69,1489494986,71361932,42356,17061,31.5492446,-82.8449382,42356,41779,27386,11283,117,303,15,2675,577,557,232,99,27,2,120,24,17,1,24,2,0,2,0,4,3,17,3,0,0,42356,4352,38004,37578,25907,11227,87,302,9,46,426,410,14,2,0,0,31255,31022,20954,8135,84,225,5,1619,233,224,6,3,0,0,31255,2554,28701,28528,20113,8097,63,225,3,27,173,165,6,2,0,0,17061,14817,2244
Colquitt County,GA,50,3,5,13,71,1409350694,32337972,45498,18311,31.1897575,-83.7697405,45498,44850,29441,10210,218,294,19,4668,648,628,164,123,48,3,193,34,9,1,32,1,2,8,0,0,10,14,4,2,0,45498,7763,37735,37345,26759,10143,100,289,12,42,390,379,6,3,2,0,32914,32580,22494,6935,149,192,15,2795,334,322,6,4,2,0,32914,4701,28213,28014,20826,6894,82,188,9,15,199,190,4,3,2,0,18311,16317,1994
Columbia County,GA,50,3,5,13,73,751329062,45363096,124053,48626,33.5505555,-82.2513423,124053,120564,94867,18439,393,4761,201,1903,3489,3211,955,505,931,78,295,68,115,14,89,9,1,11,36,96,8,261,17,0,0,124053,6175,117878,115075,91517,18084,350,4726,185,213,2803,2615,180,8,0,0,90243,88679,70554,12748,308,3662,135,1272,1564,1458,104,2,0,0,90243,3862,86381,85097,68414,12551,275,3634,127,96,1284,1211,73,0,0,0,48626,44898,3728
Cook County,GA,50,3,5,13,75,588345665,15647080,17212,7287,31.152935,-83.4295515,17212,16977,11525,4704,40,114,5,589,235,228,63,47,20,5,61,7,5,3,4,1,0,1,0,10,1,3,1,3,0,17212,1024,16188,16024,11171,4684,38,113,2,16,164,160,0,1,3,0,12530,12424,8694,3244,28,77,3,378,106,102,1,0,3,0,12530,603,11927,11852,8505,3232,27,76,2,10,75,72,0,0,3,0,7287,6339,948
Coweta County,GA,50,3,5,13,77,1141905439,12754711,127317,50171,33.3528965,-84.7621381,127317,124677,96594,22029,376,1934,68,3676,2640,2453,747,538,475,46,317,82,56,22,83,6,8,6,5,48,14,168,13,5,1,127317,8493,118824,116763,92604,21744,284,1895,54,182,2061,1930,127,4,0,0,92485,91301,71714,15340,301,1372,50,2524,1184,1093,78,8,4,1,92485,5588,86897,85977,69124,15167,234,1345,42,65,920,853,64,3,0,0,50171,45673,4498
Crawford County,GA,50,3,5,13,79,841456435,4054558,12630,5292,32.7094463,-83.9791817,12630,12472,9428,2818,58,33,8,127,158,151,64,54,8,0,7,3,5,1,5,0,0,0,0,3,1,7,0,0,0,12630,301,12329,12181,9282,2806,52,32,2,7,148,142,6,0,0,0,9762,9673,7359,2152,44,32,5,81,89,87,2,0,0,0,9762,196,9566,9481,7266,2141,41,31,2,0,85,83,2,0,0,0,5292,4822,470
Crisp County,GA,50,3,5,13,81,705987965,21672328,23439,10734,31.9147533,-83.753338,23439,23212,12487,10079,32,183,11,420,227,217,111,14,36,1,12,16,5,2,8,6,0,0,3,1,2,10,0,0,0,23439,748,22691,22477,12216,10033,24,183,6,15,214,206,8,0,0,0,17317,17215,10038,6762,24,142,6,243,102,99,3,0,0,0,17317,461,16856,16760,9863,6727,19,142,3,6,96,94,2,0,0,0,10734,9079,1655
Dade County,GA,50,3,5,13,83,450609395,463485,16633,7305,34.8524237,-85.5062006,16633,16415,15973,145,74,118,9,96,218,210,33,114,23,0,29,4,2,0,1,0,0,0,2,1,1,8,0,0,0,16633,292,16341,16146,15796,142,65,114,5,24,195,188,7,0,0,0,13047,12922,12578,130,53,91,8,62,125,119,6,0,0,0,13047,177,12870,12753,12466,129,50,90,5,13,117,112,5,0,0,0,7305,6291,1014
Dawson County,GA,50,3,5,13,85,546046104,9269206,22330,10425,34.4428421,-84.1732841,22330,22027,21351,105,82,126,9,354,303,277,63,126,46,5,22,3,1,0,1,0,0,5,2,1,2,21,0,5,0,22330,920,21410,21162,20847,97,73,124,8,13,248,227,16,0,5,0,17247,17084,16587,82,61,101,7,246,163,154,7,0,2,0,17247,602,16645,16511,16265,74,57,99,6,10,134,127,5,0,2,0,10425,8433,1992
Decatur County,GA,50,3,5,13,87,1546584607,67412720,27842,12125,30.8779607,-84.5777442,27842,27504,15096,11438,117,144,6,703,338,318,97,70,14,2,56,25,3,1,24,5,0,16,1,2,2,15,5,0,0,27842,1404,26438,26212,14615,11366,57,138,3,33,226,206,15,5,0,0,20760,20592,11963,8016,87,114,4,408,168,157,8,3,0,0,20760,821,19939,19819,11670,7975,50,108,2,14,120,109,8,3,0,0,12125,10390,1735
DeKalb County,GA,50,3,5,13,89,693033963,9220158,691893,304968,33.7706611,-84.2263431,691893,675381,230156,375725,2479,35426,342,31253,16512,14956,3527,1339,2536,74,2512,1531,843,288,1256,163,5,225,82,524,51,1394,140,17,5,691893,67824,624069,612659,203395,370963,1239,35173,245,1644,11410,10261,1062,71,16,0,526757,516434,190075,274691,1774,28028,252,21614,10323,9341,900,69,11,2,526757,46921,479836,472828,171336,271520,920,27829,190,1033,7008,6255,703,40,10,0,304968,271809,33159
Dodge County,GA,50,3,5,13,91,1284348917,18709412,21796,9857,32.1606555,-83.156818,21796,21581,14549,6504,55,101,14,358,215,207,99,39,13,2,29,12,2,2,3,6,0,0,0,0,0,8,0,0,0,21796,732,21064,20878,14273,6451,39,101,3,11,186,178,8,0,0,0,16719,16623,11477,4790,41,72,12,231,96,92,4,0,0,0,16719,495,16224,16145,11280,4756,30,72,3,4,79,75,4,0,0,0,9857,8177,1680
Dooly County,GA,50,3,5,13,93,1015120132,13841107,14918,6328,32.1519954,-83.807167,14918,14782,6810,7442,16,96,3,415,136,125,40,17,12,0,37,8,10,0,1,0,0,0,0,0,0,5,4,2,0,14918,862,14056,13960,6461,7381,16,93,3,6,96,86,5,3,2,0,11759,11679,5672,5652,13,76,3,263,80,72,4,2,2,0,11759,558,11201,11136,5437,5607,13,73,3,3,65,58,4,1,2,0,6328,5286,1042
Dougherty County,GA,50,3,5,13,95,851299438,15395037,94565,40801,31.5350683,-84.2144444,94565,93442,27986,63470,209,736,120,921,1123,1031,380,141,90,6,70,162,62,21,69,10,0,1,2,16,1,84,4,4,0,94565,2073,92492,91545,27315,63198,177,719,52,84,947,877,63,3,4,0,70231,69636,23579,44625,164,589,82,597,595,539,48,4,4,0,70231,1360,68871,68355,23106,44453,144,579,35,38,516,474,35,3,4,0,40801,36508,4293
Douglas County,GA,50,3,5,13,97,518170971,2484238,132403,51672,33.6993166,-84.7659441,132403,129246,69458,52290,399,1904,137,5058,3157,2847,1128,357,234,17,452,202,109,49,198,8,2,21,9,47,14,279,25,6,0,132403,11125,121278,118950,64911,51387,321,1876,128,327,2328,2092,211,20,5,0,94870,93416,53745,34803,312,1446,86,3024,1454,1315,132,6,1,0,94870,6581,88289,87250,51014,34310,260,1426,78,162,1039,928,106,4,1,0,51672,46624,5048
Early County,GA,50,3,5,13,99,1327612162,9717191,11008,4975,31.3241906,-84.9067225,11008,10924,5324,5462,39,37,2,60,84,80,24,15,6,0,14,10,5,3,2,1,0,0,0,0,0,4,0,0,0,11008,171,10837,10769,5250,5441,34,37,2,5,68,64,4,0,0,0,8107,8062,4200,3769,26,27,1,39,45,43,2,0,0,0,8107,99,8008,7971,4156,3759,24,27,1,4,37,35,2,0,0,0,4975,4228,747
Echols County,GA,50,3,5,13,101,1074571687,15087403,4034,1558,30.7085,-82.836132,4034,3920,3023,171,72,13,2,639,114,112,10,40,5,0,53,0,0,0,0,0,0,4,0,0,0,2,0,0,0,4034,1183,2851,2795,2555,163,55,12,1,9,56,54,2,0,0,0,2851,2777,2192,137,46,11,2,389,74,72,2,0,0,0,2851,697,2154,2115,1925,133,41,10,1,5,39,37,2,0,0,0,1558,1329,229
Effingham County,GA,50,3,5,13,103,1237236175,13547899,52250,19884,32.3617106,-81.3433367,52250,51270,43182,7048,156,427,26,431,980,909,291,282,122,13,98,51,17,2,9,5,1,0,4,9,5,59,10,2,0,52250,1501,50749,49935,42311,6982,135,425,16,66,814,758,44,10,2,0,37344,36884,31335,4817,124,317,17,274,460,427,30,2,1,0,37344,867,36477,36089,30847,4777,106,316,14,29,388,364,21,2,1,0,19884,18092,1792
Elbert County,GA,50,3,5,13,105,909228765,59986806,20166,9583,34.1150165,-82.8420572,20166,19962,13297,5950,49,121,5,540,204,194,73,38,12,3,35,11,4,2,7,4,0,0,1,3,1,9,1,0,0,20166,967,19199,19040,12956,5906,37,121,5,15,159,150,8,1,0,0,15467,15369,10622,4290,35,83,4,335,98,91,6,1,0,0,15467,588,14879,14798,10422,4258,27,83,4,4,81,75,5,1,0,0,9583,8063,1520
Emanuel County,GA,50,3,5,13,107,1762755669,24806585,22598,9968,32.5910995,-82.2997628,22598,22386,13928,7562,58,154,3,681,212,198,78,44,10,2,39,9,3,0,5,1,0,0,4,2,1,14,0,0,0,22598,921,21677,21510,13733,7541,46,154,3,33,167,153,14,0,0,0,16850,16763,10902,5244,40,119,3,455,87,81,6,0,0,0,16850,582,16268,16199,10793,5230,34,119,3,20,69,63,6,0,0,0,9968,8430,1538
Evans County,GA,50,3,5,13,109,473586453,10403527,11000,4664,32.1519021,-81.887618,11000,10883,6471,3205,19,74,17,1097,117,107,28,22,17,1,22,0,6,1,5,0,0,1,1,2,1,10,0,0,0,11000,1441,9559,9467,6228,3165,9,60,0,5,92,83,9,0,0,0,8163,8095,5059,2298,14,58,13,653,68,63,5,0,0,0,8163,861,7302,7249,4918,2272,8,47,0,4,53,49,4,0,0,0,4664,4033,631
Fannin County,GA,50,3,5,13,111,1001608266,13564152,23682,16207,34.8638367,-84.3192867,23682,23400,23007,83,71,77,6,156,282,274,25,171,34,7,28,3,0,0,1,1,1,0,1,0,2,8,0,0,0,23682,431,23251,22999,22761,75,68,72,6,17,252,245,7,0,0,0,19151,18962,18675,61,54,58,6,108,189,183,6,0,0,0,19151,293,18858,18682,18506,55,51,56,6,8,176,171,5,0,0,0,16207,10187,6020
Fayette County,GA,50,3,5,13,113,503344101,12896707,106567,40793,33.4127172,-84.4939407,106567,104179,75802,21395,316,4130,75,2461,2388,2160,592,291,464,21,286,131,105,17,87,16,1,15,23,105,6,206,14,8,0,106567,6760,99807,97928,72202,21117,221,4106,61,221,1879,1705,161,13,0,0,78468,77349,57799,14908,197,2887,50,1508,1119,1009,103,5,2,0,78468,4183,74285,73404,55492,14742,148,2867,46,109,881,799,78,4,0,0,40793,38167,2626
Floyd County,GA,50,3,5,13,115,1320662374,22156077,96317,40551,34.2636769,-85.2137297,96317,94518,74055,13640,344,1253,116,5110,1799,1722,663,328,189,33,366,29,14,2,25,13,2,13,7,29,9,66,5,5,1,96317,8987,87330,86036,70959,13494,194,1225,56,108,1294,1245,47,1,1,0,72872,72073,58048,9719,233,929,75,3069,799,763,30,3,2,1,72872,5376,67496,66931,56175,9629,143,916,37,31,565,540,23,1,1,0,40551,35930,4621
Forsyth County,GA,50,3,5,13,117,580210822,59946531,175511,64052,34.225143,-84.1273355,175511,172635,149946,4510,575,10925,66,6613,2876,2682,488,436,795,54,497,49,79,14,46,13,1,19,27,146,18,182,8,4,0,175511,16550,158961,156837,140943,4287,362,10875,54,316,2124,2013,103,6,2,0,122106,120716,105877,3010,373,7235,36,4185,1390,1291,96,1,2,0,122106,10403,111703,110700,100172,2873,250,7209,31,165,1003,942,58,1,2,0,64052,59433,4619
Franklin County,GA,50,3,5,13,119,677273046,12832270,22084,10553,34.3751554,-83.2272905,22084,21706,19280,1850,42,121,4,409,378,358,156,91,28,2,63,11,1,1,1,0,0,0,3,0,1,18,2,0,0,22084,866,21218,20913,18913,1821,29,121,4,25,305,291,13,1,0,0,17128,16950,15195,1375,36,87,4,253,178,165,11,2,0,0,17128,560,16568,16428,14944,1360,26,87,4,7,140,130,9,1,0,0,10553,8540,2013
Fulton County,GA,50,3,5,13,121,1363977166,19917366,920581,437105,33.7900338,-84.4681816,920581,900302,409697,405575,2259,51569,335,30867,20279,18271,4967,1292,3970,150,2204,1953,1111,189,1350,105,12,117,127,640,84,1817,158,31,2,920581,72566,848015,832230,376014,400457,1586,51304,287,2582,15785,14216,1417,123,27,2,700895,688429,327175,299970,1662,39032,273,20317,12466,11195,1138,107,24,2,700895,48745,652150,642346,304024,296379,1222,38837,242,1642,9804,8781,911,87,23,2,437105,376377,60728
Gilmer County,GA,50,3,5,13,123,1104733530,12189698,28292,16564,34.6905413,-84.4539838,28292,27921,26115,135,94,74,39,1464,371,351,50,157,26,7,85,10,0,2,0,2,2,5,0,2,3,12,0,8,0,28292,2677,25615,25346,25078,98,72,65,15,18,269,262,7,0,0,0,22063,21825,20732,83,71,55,27,857,238,229,5,0,4,0,22063,1557,20506,20315,20116,68,62,50,8,11,191,187,4,0,0,0,16564,11314,5250
Glascock County,GA,50,3,5,13,125,372283969,1847855,3082,1519,33.2274908,-82.6069126,3082,3047,2767,253,7,1,0,19,35,35,12,21,1,0,1,0,0,0,0,0,0,0,0,0,0,0,0,0,0,3082,33,3049,3014,2750,251,7,1,0,5,35,35,0,0,0,0,2269,2249,2051,183,6,1,0,8,20,20,0,0,0,0,2269,18,2251,2231,2040,181,6,1,0,3,20,20,0,0,0,0,1519,1162,357
Glynn County,GA,50,3,5,13,127,1087155362,428629840,79626,40716,31.2127465,-81.4965167,79626,78196,53823,20726,232,921,95,2399,1430,1327,471,248,173,20,165,74,42,13,54,9,0,4,14,33,7,100,2,1,0,79626,5126,74500,73348,51602,20525,146,894,74,107,1152,1067,83,1,1,0,60395,59714,42972,14294,173,681,62,1532,681,624,54,2,1,0,60395,3283,57112,56568,41521,14168,119,665,44,51,544,495,47,1,1,0,40716,31774,8942
Gordon County,GA,50,3,5,13,129,921538864,5787657,55186,22278,34.5096669,-84.8738622,55186,54102,47032,2005,202,540,71,4252,1084,1046,332,192,80,12,363,12,8,1,12,1,0,1,1,11,20,35,2,0,1,55186,7738,47448,46797,44107,1945,130,522,49,44,651,631,19,1,0,0,40311,39798,35140,1505,149,381,44,2579,513,496,15,1,0,1,40311,4603,35708,35405,33417,1465,107,373,32,11,303,292,10,1,0,0,22278,19715,2563
Grady County,GA,50,3,5,13,131,1177219063,14859042,25011,10760,30.8758626,-84.2447719,25011,24618,15716,7176,182,106,21,1417,393,373,95,94,15,1,106,20,8,3,14,2,0,5,0,5,5,20,0,0,0,25011,2500,22511,22278,14879,7129,135,94,10,31,233,219,14,0,0,0,18584,18372,12192,5061,134,71,15,899,212,204,8,0,0,0,18584,1570,17014,16893,11674,5027,100,68,6,18,121,115,6,0,0,0,10760,9418,1342
Greene County,GA,50,3,5,13,133,1003453171,48628232,15994,8688,33.576836,-83.1671033,15994,15818,9056,6105,50,54,13,540,176,159,60,30,5,2,35,13,6,0,4,1,0,0,2,1,0,17,0,0,0,15994,893,15101,14966,8771,6078,38,54,10,15,135,118,17,0,0,0,12697,12598,7786,4361,32,47,11,361,99,86,13,0,0,0,12697,573,12124,12046,7609,4345,26,47,9,10,78,65,13,0,0,0,8688,6519,2169
Gwinnett County,GA,50,3,5,13,135,1114687261,16555611,805321,291547,33.9591011,-84.0229381,805321,780029,429563,190167,4038,85292,477,70492,25292,23401,5750,1798,3812,174,5554,1057,1172,248,1584,270,11,486,142,1172,171,1677,191,22,1,805321,162035,643286,627568,354316,184122,1535,84763,343,2489,15718,14477,1118,111,11,1,570614,557708,320715,126283,2505,62895,326,44984,12906,11962,829,100,15,0,570614,102225,468389,460756,272913,122683,1069,62567,252,1272,7633,7015,554,56,8,0,291547,268519,23028
Habersham County,GA,50,3,5,13,137,716752092,5919798,43041,18146,34.6351078,-83.5264058,43041,42270,36893,1444,195,960,65,2713,771,747,190,218,99,13,137,6,6,1,7,0,0,16,3,20,31,22,2,0,0,43041,5333,37708,37150,34621,1412,81,955,47,34,558,536,20,2,0,0,32737,32373,28726,1233,138,695,35,1546,364,355,7,2,0,0,32737,2997,29740,29468,27461,1214,69,690,26,8,272,263,7,2,0,0,18146,15472,2674
Hall County,GA,50,3,5,13,139,1017300166,94568081,179684,68825,34.3175876,-83.8184973,179684,175722,133197,13279,811,3226,167,25042,3962,3801,804,639,367,23,1599,52,34,11,101,15,2,46,11,64,33,148,6,7,0,179684,46906,132778,130916,114300,12757,372,3181,57,249,1862,1763,88,4,7,0,129518,127551,100467,9428,562,2271,103,14720,1967,1898,58,4,7,0,129518,27227,102291,101406,89587,9136,291,2244,32,116,885,848,28,2,7,0,68825,60691,8134
Hancock County,GA,50,3,5,13,141,1222061286,17715202,9429,5360,33.2692195,-83.0004653,9429,9372,2300,6983,35,47,1,6,57,53,25,12,3,1,2,3,1,1,3,0,0,1,0,1,0,3,1,0,0,9429,139,9290,9240,2212,6959,21,47,1,0,50,47,2,1,0,0,7710,7673,2099,5508,30,30,0,6,37,33,3,1,0,0,7710,118,7592,7558,2018,5491,19,30,0,0,34,31,2,1,0,0,5360,3341,2019
Haralson County,GA,50,3,5,13,143,730804051,2616008,28780,12287,33.7951649,-85.2200622,28780,28384,26707,1353,66,141,2,115,396,376,146,149,43,2,13,9,3,0,1,6,0,3,1,0,0,18,2,0,0,28780,318,28462,28083,26516,1342,63,139,2,21,379,361,16,2,0,0,21547,21355,20090,1029,52,110,2,72,192,182,9,1,0,0,21547,187,21360,21176,19985,1025,49,108,2,7,184,174,9,1,0,0,12287,10757,1530
Harris County,GA,50,3,5,13,145,1201414214,23536240,32024,13397,32.7315494,-84.912432,32024,31548,25392,5506,108,287,17,238,476,466,128,115,120,8,44,17,8,4,8,1,0,3,2,6,2,10,0,0,0,32024,872,31152,30747,24848,5457,100,280,17,45,405,397,8,0,0,0,24406,24177,19493,4200,88,238,13,145,229,227,2,0,0,0,24406,567,23839,23647,19136,4173,84,232,13,9,192,190,2,0,0,0,13397,11823,1574
Hart County,GA,50,3,5,13,147,601897046,63595058,25213,13007,34.3487328,-82.96329,25213,24894,19515,4710,29,218,0,422,319,309,162,58,18,4,45,8,3,0,6,0,0,0,1,3,1,10,0,0,0,25213,786,24427,24164,19213,4691,28,211,0,21,263,253,10,0,0,0,19602,19496,15585,3471,25,160,0,255,106,102,4,0,0,0,19602,474,19128,19049,15405,3460,25,157,0,2,79,75,4,0,0,0,13007,10121,2886
Heard County,GA,50,3,5,13,149,766714528,13116455,11834,5148,33.2909683,-85.1395936,11834,11629,10284,1159,36,56,3,91,205,197,79,75,12,0,22,1,0,0,0,0,1,6,0,1,0,8,0,0,0,11834,223,11611,11436,10190,1152,32,56,2,4,175,171,4,0,0,0,8786,8699,7684,884,31,39,2,59,87,86,1,0,0,0,8786,123,8663,8585,7635,880,27,39,2,2,78,77,1,0,0,0,5148,4400,748
Henry County,GA,50,3,5,13,151,834304554,11447521,203922,76533,33.4528811,-84.1544404,203922,198945,112201,75277,555,5968,129,4815,4977,4469,1585,513,628,41,451,325,268,80,324,32,2,29,30,153,8,457,41,10,0,203922,11813,192109,188137,107083,74056,482,5902,110,504,3972,3572,359,36,5,0,144265,141973,84012,50255,398,4284,88,2936,2292,2044,226,17,5,0,144265,7182,137083,135228,80733,49576,357,4242,75,245,1855,1651,186,15,3,0,76533,70255,6278
Houston County,GA,50,3,5,13,153,972645761,11344823,139900,58325,32.4583811,-83.6628559,139900,136047,88626,39998,475,3403,185,3360,3853,3560,1107,547,822,44,411,160,214,12,92,24,2,21,31,64,9,277,14,2,0,139900,8515,131385,128296,84703,39535,392,3360,96,210,3089,2868,209,12,0,0,102409,100645,67784,27575,352,2619,134,2181,1764,1625,127,10,2,0,102409,5357,97052,95657,65255,27331,309,2592,71,99,1395,1291,96,8,0,0,58325,53051,5274
Irwin County,GA,50,3,5,13,155,917743923,21807567,9538,4033,31.6043062,-83.2770374,9538,9453,6811,2472,2,61,0,107,85,78,30,8,15,2,10,4,0,1,1,0,0,0,0,7,0,6,1,0,0,9538,228,9310,9247,6719,2459,2,61,0,6,63,61,2,0,0,0,7223,7182,5262,1816,0,40,0,64,41,38,2,1,0,0,7223,140,7083,7057,5209,1806,0,40,0,2,26,25,1,0,0,0,4033,3495,538
Jackson County,GA,50,3,5,13,157,879722928,8900197,60485,23752,34.134157,-83.5651332,60485,59418,52496,4103,124,1033,13,1649,1067,994,332,258,130,5,183,18,13,2,15,1,0,6,10,18,3,64,9,0,0,60485,3736,56749,55933,50695,4050,91,1026,12,59,816,771,38,7,0,0,44440,43943,39142,3019,89,689,10,994,497,464,31,2,0,0,44440,2251,42189,41808,38046,2981,69,685,9,18,381,355,25,1,0,0,23752,21343,2409
Jasper County,GA,50,3,5,13,159,953542690,13725963,13900,6153,33.3149051,-83.6878919,13900,13667,10271,3037,55,30,1,273,233,212,86,53,10,3,36,0,0,1,8,3,0,0,4,8,0,20,1,0,0,13900,510,13390,13214,10095,3030,40,30,1,18,176,167,9,0,0,0,10425,10321,7832,2249,41,23,1,175,104,94,10,0,0,0,10425,308,10117,10032,7724,2243,35,23,1,6,85,78,7,0,0,0,6153,5044,1109
Jeff Davis County,GA,50,3,5,13,161,856613114,12063799,15068,6488,31.8116153,-82.6368248,15068,14888,11463,2224,34,70,0,1097,180,174,64,30,15,0,52,3,0,0,5,0,0,0,0,2,3,6,0,0,0,15068,1577,13491,13371,11056,2212,27,70,0,6,120,116,4,0,0,0,10902,10841,8547,1557,23,40,0,674,61,61,0,0,0,0,10902,893,10009,9965,8352,1550,20,40,0,3,44,44,0,0,0,0,6488,5689,799
Jefferson County,GA,50,3,5,13,163,1363589314,8241842,16930,7298,33.0518742,-82.4190497,16930,16782,7206,9213,18,68,2,275,148,136,62,20,7,0,25,6,9,1,4,0,0,0,0,2,0,7,4,1,0,16930,517,16413,16299,7015,9187,18,64,2,13,114,110,3,0,1,0,12659,12590,5676,6659,16,47,0,192,69,63,1,4,1,0,12659,340,12319,12263,5550,6644,16,45,0,8,56,54,1,0,1,0,7298,6241,1057
Jenkins County,GA,50,3,5,13,165,899448996,13452255,8340,4221,32.7945631,-81.9715244,8340,8244,4579,3380,26,36,4,219,96,86,42,12,3,2,12,6,2,0,2,0,0,0,0,5,0,10,0,0,0,8340,334,8006,7927,4508,3353,22,36,1,7,79,69,10,0,0,0,6104,6070,3600,2269,20,27,4,150,34,28,6,0,0,0,6104,214,5890,5861,3556,2256,18,27,1,3,29,23,6,0,0,0,4221,3192,1029
Johnson County,GA,50,3,5,13,167,784793399,9278578,9980,4120,32.6898312,-82.6613536,9980,9899,6301,3489,19,22,3,65,81,78,30,17,7,0,12,1,6,1,1,3,0,0,0,0,0,3,0,0,0,9980,186,9794,9729,6219,3461,17,22,3,7,65,62,3,0,0,0,7890,7854,5106,2678,13,13,3,41,36,33,3,0,0,0,7890,128,7762,7732,5047,2652,13,13,3,4,30,27,3,0,0,0,4120,3347,773
Jones County,GA,50,3,5,13,169,1020281755,3842707,28669,11688,33.0202261,-83.5623393,28669,28353,20989,7008,63,187,3,103,316,295,107,72,31,6,29,17,10,0,7,5,0,0,3,8,0,21,0,0,0,28669,315,28354,28081,20830,6977,61,186,2,25,273,252,21,0,0,0,21196,21060,15642,5163,50,145,3,57,136,126,10,0,0,0,21196,188,21008,20887,15538,5146,49,144,2,8,121,111,10,0,0,0,11688,10586,1102
Lamar County,GA,50,3,5,13,171,475262611,6046031,18317,7474,33.0744604,-84.1467206,18317,18011,12098,5650,47,72,2,142,306,290,130,82,14,1,19,19,13,4,2,0,0,1,0,5,0,15,1,0,0,18317,341,17976,17690,11943,5621,34,68,2,22,286,271,14,1,0,0,14448,14308,9592,4531,37,57,2,89,140,132,7,1,0,0,14448,219,14229,14098,9500,4509,27,55,2,5,131,124,6,1,0,0,7474,6618,856
Lanier County,GA,50,3,5,13,173,479824426,37625302,10078,4249,31.0381973,-83.0631635,10078,9842,7118,2390,53,103,3,175,236,216,72,50,42,0,27,15,8,0,0,0,2,0,0,0,0,20,0,0,0,10078,461,9617,9412,6899,2367,38,101,3,4,205,189,16,0,0,0,7310,7206,5317,1675,31,78,3,102,104,93,11,0,0,0,7310,259,7051,6958,5195,1658,24,77,3,1,93,84,9,0,0,0,4249,3608,641
Laurens County,GA,50,3,5,13,175,2090886200,28942290,48434,21368,32.3932197,-82.9263171,48434,47857,29355,17324,100,483,4,591,577,563,243,118,42,5,64,32,17,3,22,0,0,1,2,13,1,11,3,0,0,48434,1143,47291,46798,28920,17268,87,478,4,41,493,480,10,3,0,0,35959,35692,22761,12105,73,357,3,393,267,254,11,2,0,0,35959,725,35234,35001,22496,12070,63,353,3,16,233,221,10,2,0,0,21368,18641,2727
Lee County,GA,50,3,5,13,177,921475641,15407913,28298,10276,31.8184185,-84.1466814,28298,27911,21763,5268,74,617,19,170,387,356,111,60,80,9,33,14,16,1,2,8,0,0,2,20,0,31,0,0,0,28298,560,27738,27411,21453,5239,66,609,19,25,327,298,29,0,0,0,20363,20200,15879,3726,58,424,15,98,163,148,15,0,0,0,20363,348,20015,19872,15672,3709,52,420,15,4,143,129,14,0,0,0,10276,9706,570
Liberty County,GA,50,3,5,13,179,1268578765,291960039,63453,26731,31.8072445,-81.4579687,63453,60493,29881,26805,358,1247,392,1810,2960,2709,1117,265,405,57,234,148,140,72,174,4,4,9,40,26,14,225,20,6,0,63453,6159,57294,55078,27085,26018,287,1182,364,142,2216,2054,151,7,4,0,44262,43029,21945,18370,264,993,239,1218,1233,1144,75,12,2,0,44262,3649,40613,39685,20233,17983,216,959,228,66,928,865,56,5,2,0,26731,22155,4576
Lincoln County,GA,50,3,5,13,181,544880697,121517149,7996,4786,33.7921507,-82.4482992,7996,7921,5257,2570,28,32,1,33,75,71,19,29,10,0,6,5,0,0,2,0,0,0,0,0,0,4,0,0,0,7996,98,7898,7832,5201,2562,27,32,1,9,66,63,3,0,0,0,6345,6303,4283,1957,19,23,1,20,42,40,2,0,0,0,6345,63,6282,6244,4250,1950,19,23,1,1,38,36,2,0,0,0,4786,3281,1505
Long County,GA,50,3,5,13,183,1036755278,9116399,14464,6039,31.7495633,-81.7428697,14464,13974,9026,3647,91,115,56,1039,490,443,151,71,81,15,41,25,18,0,26,4,0,0,5,6,0,43,4,0,0,14464,1778,12686,12301,8491,3541,76,110,51,32,385,355,27,3,0,0,10045,9862,6564,2502,60,88,31,617,183,168,13,2,0,0,10045,1031,9014,8880,6249,2456,48,85,30,12,134,126,7,1,0,0,6039,5023,1016
Lowndes County,GA,50,3,5,13,185,1284805506,37578770,109233,43921,30.8336801,-83.2689668,109233,106921,63485,39142,416,1591,122,2165,2312,2126,655,334,413,22,255,120,110,15,106,12,7,16,27,25,9,166,17,3,0,109233,5238,103995,102251,61234,38815,305,1561,92,244,1744,1617,115,9,3,0,82263,81095,50058,27917,302,1243,99,1476,1168,1078,83,6,1,0,82263,3467,78796,77887,48506,27701,231,1218,76,155,909,846,59,3,1,0,43921,39747,4174
Lumpkin County,GA,50,3,5,13,187,732793111,3273378,29966,12925,34.5681492,-83.9988275,29966,29423,28277,340,177,138,27,464,543,516,101,258,70,10,58,2,3,0,4,0,0,2,3,3,2,23,4,0,0,29966,1344,28622,28163,27519,310,167,133,24,10,459,435,20,4,0,0,23725,23383,22531,283,151,110,20,288,342,328,13,1,0,0,23725,861,22864,22566,22026,263,145,105,20,7,298,287,10,1,0,0,12925,10989,1936
McDuffie County,GA,50,3,5,13,189,666820495,23120857,21875,9319,33.4824637,-82.473188,21875,21571,12518,8706,65,76,15,191,304,294,140,75,21,0,23,6,12,0,9,0,0,3,1,0,4,10,0,0,0,21875,475,21400,21139,12310,8661,56,74,15,23,261,254,7,0,0,0,16177,16050,9823,6016,41,60,8,102,127,120,7,0,0,0,16177,282,15895,15786,9690,5989,38,59,8,2,109,103,6,0,0,0,9319,8289,1030
McIntosh County,GA,50,3,5,13,191,1098929183,387447582,14333,9220,31.4829776,-81.3701993,14333,14156,8811,5149,53,45,10,88,177,174,60,39,15,7,16,25,2,0,6,0,2,2,0,0,0,3,0,0,0,14333,227,14106,13958,8716,5132,46,45,5,14,148,145,3,0,0,0,11255,11161,7139,3891,39,33,8,51,94,92,2,0,0,0,11255,147,11108,11029,7069,3883,34,33,4,6,79,77,2,0,0,0,9220,5971,3249
Macon County,GA,50,3,5,13,193,1037654091,13859159,14740,6136,32.3662155,-84.0521624,14740,14595,5177,8933,40,195,20,230,145,138,46,18,13,0,19,10,12,4,9,0,0,2,1,4,0,7,0,0,0,14740,527,14213,14095,4961,8902,19,190,18,5,118,111,7,0,0,0,11487,11411,4202,6889,28,138,17,137,76,73,3,0,0,0,11487,346,11141,11074,4035,6868,17,136,15,3,67,64,3,0,0,0,6136,4999,1137
Madison County,GA,50,3,5,13,195,731181736,8487230,28120,11784,34.1284855,-83.2036369,28120,27769,24634,2355,74,178,1,527,351,327,127,102,42,1,38,2,3,1,3,0,0,3,4,0,1,24,0,0,0,28120,1139,26981,26694,24106,2320,63,173,0,32,287,271,16,0,0,0,21246,21095,18860,1749,56,138,1,291,151,143,8,0,0,0,21246,642,20604,20474,18544,1737,46,134,0,13,130,123,7,0,0,0,11784,10508,1276
Marion County,GA,50,3,5,13,197,947944161,3825422,8742,4156,32.3595381,-84.5295606,8742,8603,5254,2856,44,78,13,358,139,130,38,26,12,2,30,6,1,0,7,0,0,0,2,0,6,9,0,0,0,8742,570,8172,8073,5100,2837,40,77,13,6,99,91,8,0,0,0,6646,6574,4155,2093,40,54,8,224,72,66,6,0,0,0,6646,353,6293,6234,4057,2078,36,53,8,2,59,53,6,0,0,0,4156,3420,736
Meriwether County,GA,50,3,5,13,199,1298161653,10834104,21992,9957,33.0302196,-84.6632794,21992,21730,12741,8605,77,141,2,164,262,254,123,74,9,0,24,7,5,0,7,0,0,0,0,2,3,6,2,0,0,21992,347,21645,21417,12606,8583,67,141,2,18,228,220,6,2,0,0,16782,16678,10205,6210,60,100,2,101,104,100,2,2,0,0,16782,216,16566,16474,10121,6192,54,100,2,5,92,88,2,2,0,0,9957,8522,1435
Miller County,GA,50,3,5,13,201,731466754,3216381,6125,2791,31.1629079,-84.7303856,6125,6054,4266,1720,15,28,0,25,71,67,30,20,2,0,8,4,3,0,0,0,0,0,0,0,0,4,0,0,0,6125,93,6032,5971,4237,1697,14,23,0,0,61,57,4,0,0,0,4689,4650,3375,1229,11,19,0,16,39,37,2,0,0,0,4689,51,4638,4603,3364,1212,10,17,0,0,35,33,2,0,0,0,2791,2426,365
Mitchell County,GA,50,3,5,13,205,1326293194,4504169,23498,8996,31.2289404,-84.1924067,23498,23267,11264,11219,77,122,10,575,231,221,73,58,21,7,16,15,7,0,11,1,0,1,0,11,0,10,0,0,0,23498,1028,22470,22281,10894,11185,60,120,4,18,189,182,7,0,0,0,17662,17545,8884,8136,60,89,9,367,117,110,7,0,0,0,17662,675,16987,16890,8626,8116,50,88,4,6,97,91,6,0,0,0,8996,8055,941
Monroe County,GA,50,3,5,13,207,1024750743,5575307,26424,10710,33.0174352,-83.9229376,26424,26148,19365,6268,69,214,4,228,276,269,99,90,31,4,18,5,5,0,5,0,4,0,3,4,1,7,0,0,0,26424,535,25889,25641,19101,6249,64,209,4,14,248,242,6,0,0,0,20471,20341,15149,4819,61,164,3,145,130,124,6,0,0,0,20471,351,20120,19998,14967,4805,58,160,3,5,122,116,6,0,0,0,10710,9662,1048
Montgomery County,GA,50,3,5,13,209,620362830,13388730,9123,3921,32.1721081,-82.5333487,9123,9024,6291,2397,6,26,1,303,99,95,49,23,7,0,9,7,0,0,0,0,0,0,0,0,0,4,0,0,0,9123,480,8643,8553,6144,2372,6,26,1,4,90,87,3,0,0,0,7039,6998,4927,1876,4,20,1,170,41,40,1,0,0,0,7039,294,6745,6708,4822,1859,4,20,1,2,37,36,1,0,0,0,3921,3287,634
Morgan County,GA,50,3,5,13,211,899630975,18832334,17868,7472,33.5937317,-83.4923244,17868,17637,12984,4208,54,106,0,285,231,224,91,67,18,2,29,3,8,1,3,0,0,0,0,2,0,6,1,0,0,17868,494,17374,17181,12814,4199,45,106,0,17,193,186,6,1,0,0,13429,13328,9955,3093,41,66,0,173,101,99,1,1,0,0,13429,304,13125,13039,9845,3090,35,66,0,3,86,84,1,1,0,0,7472,6660,812
Murray County,GA,50,3,5,13,213,892163642,5688079,39628,15979,34.7970974,-84.7379899,39628,38998,35320,245,159,116,25,3133,630,619,144,159,53,5,200,8,3,0,4,1,3,17,2,4,16,11,0,0,0,39628,5154,34474,34098,33666,212,94,110,1,15,376,368,8,0,0,0,28980,28680,26519,174,107,88,14,1778,300,293,7,0,0,0,28980,2875,26105,25904,25580,160,73,85,1,5,201,196,5,0,0,0,15979,14080,1899
Muscogee County,GA,50,3,5,13,215,560435436,11968740,189885,82690,32.510197,-84.874946,189885,184117,87870,86403,731,4128,431,4554,5768,5233,1925,570,811,76,553,332,330,90,375,17,4,22,54,57,17,472,61,2,0,189885,12110,177775,173479,82890,85119,599,4061,378,432,4296,3928,329,38,1,0,141287,138570,69915,61573,523,3185,308,3066,2717,2493,202,20,2,0,141287,7954,133333,131304,66462,60790,434,3143,277,198,2029,1864,153,11,1,0,82690,74081,8609
Newton County,GA,50,3,5,13,217,704894510,18224766,99958,38342,33.5440455,-83.8551891,99958,97875,53754,40878,232,906,37,2068,2083,1924,835,280,149,10,171,142,73,31,167,4,1,12,10,36,3,142,13,4,0,99958,4635,95323,93649,51995,40371,199,881,34,169,1674,1538,123,9,4,0,71085,70188,40887,27195,173,703,23,1207,897,818,74,4,1,0,71085,2719,68366,67637,39806,26904,149,685,21,72,729,660,64,4,1,0,38342,34390,3952
Oconee County,GA,50,3,5,13,219,477308229,5393182,32808,12383,33.8341247,-83.4377284,32808,32356,29004,1635,49,1022,5,641,452,419,102,62,140,2,55,3,4,0,11,6,0,5,6,23,0,30,3,0,0,32808,1436,31372,31002,28306,1610,31,1016,4,35,370,342,25,3,0,0,23505,23299,20968,1211,28,706,2,384,206,189,16,1,0,0,23505,854,22651,22485,20545,1195,21,702,1,21,166,152,13,1,0,0,12383,11622,761
Oglethorpe County,GA,50,3,5,13,221,1137034709,7839225,14899,6484,33.8668062,-83.0740805,14899,14615,11662,2566,35,65,2,285,284,277,158,56,22,3,22,6,1,0,5,0,0,0,0,0,4,6,1,0,0,14899,546,14353,14104,11429,2557,33,65,2,18,249,243,5,1,0,0,11344,11224,9008,1977,25,49,2,163,120,117,2,1,0,0,11344,318,11026,10923,8876,1970,23,49,2,3,103,101,1,1,0,0,6484,5647,837
Paulding County,GA,50,3,5,13,223,808643215,5498097,142324,52130,33.9209028,-84.8669788,142324,139037,110517,24321,427,1271,67,2434,3287,2990,1081,572,426,32,378,141,75,40,170,3,3,14,11,41,3,261,32,4,0,142324,7264,135060,132477,106739,23810,353,1237,58,280,2583,2394,165,20,4,0,99230,97812,79275,15802,316,928,47,1444,1418,1290,111,16,1,0,99230,4235,94995,93882,77000,15537,274,911,40,120,1113,1027,74,11,1,0,52130,48105,4025
Peach County,GA,50,3,5,13,225,389190656,2676298,27695,11050,32.5713241,-83.8319779,27695,27270,13383,12715,67,223,8,874,425,387,137,90,43,2,48,35,17,4,9,0,0,0,1,1,0,35,2,1,0,27695,1890,25805,25461,12499,12647,59,222,8,26,344,309,33,1,1,0,21375,21128,10486,9818,58,176,7,583,247,224,20,2,1,0,21375,1225,20150,19948,9937,9766,50,176,7,12,202,181,19,1,1,0,11050,9958,1092
Pickens County,GA,50,3,5,13,227,601025731,1695924,29431,13692,34.4566206,-84.4902556,29431,29086,28171,312,81,119,7,396,345,335,66,186,31,5,32,0,0,0,0,6,0,7,2,0,0,10,0,0,0,29431,819,28612,28304,27802,297,69,118,5,13,308,298,10,0,0,0,22794,22602,21984,225,62,89,3,239,192,187,5,0,0,0,22794,488,22306,22125,21759,213,54,88,2,9,181,176,5,0,0,0,13692,11291,2401
Pierce County,GA,50,3,5,13,229,819714945,69246241,18758,7986,31.3539879,-82.2104266,18758,18499,16293,1666,80,59,12,389,259,242,75,80,22,1,40,2,4,3,0,1,0,3,3,8,0,17,0,0,0,18758,887,17871,17656,15860,1646,70,58,12,10,215,198,17,0,0,0,13862,13733,12198,1193,68,39,9,226,129,121,8,0,0,0,13862,510,13352,13244,11953,1181,58,38,9,5,108,100,8,0,0,0,7986,7083,903
Pike County,GA,50,3,5,13,231,559659405,8596833,17869,6820,33.0907685,-84.3866265,17869,17628,15606,1837,55,56,1,73,241,220,76,75,34,3,16,9,1,2,0,0,0,0,2,2,0,21,0,0,0,17869,193,17676,17454,15506,1825,52,55,1,15,222,201,21,0,0,0,13031,12908,11349,1431,42,40,0,46,123,113,10,0,0,0,13031,130,12901,12787,11275,1424,42,39,0,7,114,104,10,0,0,0,6820,6187,633
Polk County,GA,50,3,5,13,233,803754838,4686006,41475,16908,33.9959611,-85.1868259,41475,40716,31974,5190,115,281,36,3120,759,743,280,156,40,9,170,16,12,0,23,2,0,19,0,14,2,16,0,0,0,41475,4885,36590,36054,30492,5150,73,270,16,53,536,524,12,0,0,0,30429,30117,24367,3654,84,191,17,1804,312,305,7,0,0,0,30429,2781,27648,27446,23535,3637,62,185,9,18,202,197,5,0,0,0,16908,15092,1816
Pulaski County,GA,50,3,5,13,235,644987096,5634982,12010,5151,32.2387936,-83.4818548,12010,11887,7679,3824,40,105,5,234,123,121,53,16,8,1,24,6,1,0,7,2,0,0,0,3,0,2,0,0,0,12010,465,11545,11455,7494,3808,30,103,2,18,90,90,0,0,0,0,9432,9396,6212,2940,17,73,3,151,36,35,1,0,0,0,9432,275,9157,9127,6097,2931,15,71,2,11,30,30,0,0,0,0,5151,4475,676
Putnam County,GA,50,3,5,13,237,892610760,41562906,21218,12804,33.3210605,-83.3717898,21218,20960,14408,5522,38,107,18,867,258,244,81,40,26,4,62,5,4,0,13,1,0,1,4,3,0,13,1,0,0,21218,1347,19871,19687,14024,5497,27,107,9,23,184,172,11,1,0,0,16617,16490,11882,3950,33,80,14,531,127,117,9,1,0,0,16617,825,15792,15697,11647,3931,25,80,7,7,95,86,8,1,0,0,12804,8601,4203
Quitman County,GA,50,3,5,13,239,391703085,24158294,2513,2047,31.8614871,-85.0093171,2513,2502,1290,1204,4,2,0,2,11,10,5,2,0,0,0,1,1,0,1,0,0,0,0,0,0,1,0,0,0,2513,34,2479,2468,1265,1198,3,2,0,0,11,10,1,0,0,0,1999,1992,1085,901,3,1,0,2,7,6,1,0,0,0,1999,21,1978,1971,1072,896,2,1,0,0,7,6,1,0,0,0,2047,1053,994
Rabun County,GA,50,3,5,13,241,958276574,17845339,16276,12313,34.8830262,-83.4047353,16276,16024,15185,156,68,116,8,491,252,238,42,128,11,2,38,6,3,0,3,2,1,0,0,2,0,11,3,0,0,16276,1301,14975,14796,14468,144,53,114,7,10,179,168,8,3,0,0,12847,12687,12179,80,46,58,6,318,160,152,6,2,0,0,12847,819,12028,11911,11728,72,39,58,5,9,117,110,5,2,0,0,12313,6780,5533
Randolph County,GA,50,3,5,13,243,1109126837,6830057,7719,4153,31.762651,-84.7523108,7719,7659,2827,4769,5,23,0,35,60,51,26,0,0,1,15,5,0,0,3,0,1,0,0,0,0,8,0,1,0,7719,119,7600,7559,2781,4747,5,22,0,4,41,36,5,0,0,0,5991,5964,2400,3518,5,19,0,22,27,22,4,0,1,0,5991,89,5902,5889,2366,3500,5,18,0,0,13,12,1,0,0,0,4153,3187,966
Richmond County,GA,50,3,5,13,245,840000029,11046882,200549,86331,33.361487,-82.0749983,200549,195319,79624,108633,685,3331,400,2646,5230,4739,1858,515,722,71,313,366,323,65,336,32,2,16,42,56,22,444,43,4,0,200549,8207,192342,188133,76236,107365,570,3278,374,310,4209,3851,329,28,1,0,151244,148523,65747,77131,549,2918,281,1897,2721,2466,224,28,3,0,151244,5630,145614,143425,63232,76424,469,2875,264,161,2189,2007,166,15,1,0,86331,76924,9407
Rockdale County,GA,50,3,5,13,247,336161686,5969943,85215,33272,33.6520811,-84.0263696,85215,83387,38187,39559,253,1516,56,3816,1828,1677,600,171,142,10,248,155,103,34,152,8,2,9,5,26,12,140,10,1,0,85215,8063,77152,75781,34826,38996,179,1498,52,230,1371,1261,101,8,1,0,62301,61406,30829,26781,187,1168,36,2405,895,806,81,7,1,0,62301,5017,57284,56614,28709,26468,132,1152,34,119,670,598,64,7,1,0,33272,30027,3245
Schley County,GA,50,3,5,13,249,432283853,2376378,5010,2208,32.263441,-84.3227238,5010,4961,3658,1169,2,36,0,96,49,46,8,14,4,2,16,0,0,0,1,0,0,0,0,1,0,1,2,0,0,5010,161,4849,4817,3612,1167,2,36,0,0,32,29,1,2,0,0,3507,3487,2603,806,2,20,0,56,20,19,1,0,0,0,3507,82,3425,3407,2579,806,2,20,0,0,18,17,1,0,0,0,2208,1872,336
Screven County,GA,50,3,5,13,251,1670803650,27889028,14593,6739,32.7447512,-81.6175849,14593,14428,7965,6318,46,57,1,41,165,147,53,38,5,1,11,21,3,4,7,0,0,1,1,2,0,15,1,2,0,14593,180,14413,14274,7898,6283,33,56,1,3,139,122,15,0,2,0,10903,10814,6288,4425,30,45,1,25,89,77,10,1,1,0,10903,106,10797,10716,6241,4406,23,45,1,0,81,70,10,0,1,0,6739,5596,1143
Seminole County,GA,50,3,5,13,253,609232736,55244218,8729,4797,30.933894,-84.8675915,8729,8642,5594,2916,12,35,0,85,87,79,30,30,0,2,11,6,0,0,0,0,0,0,0,0,0,7,0,1,0,8729,204,8525,8458,5516,2887,12,33,0,10,67,64,2,0,1,0,6725,6676,4540,2050,12,27,0,47,49,43,5,0,1,0,6725,124,6601,6561,4489,2030,12,25,0,5,40,38,1,0,1,0,4797,3509,1288
Spalding County,GA,50,3,5,13,255,508851760,8084983,64073,26777,33.2623888,-84.2860671,64073,63023,40148,21030,213,574,34,1024,1050,973,394,213,80,19,94,71,20,7,45,0,1,5,5,9,10,68,7,2,0,64073,2451,61622,60752,38986,20937,153,567,30,79,870,810,51,7,2,0,47862,47363,31503,14551,159,426,26,698,499,455,39,3,2,0,47862,1612,46250,45857,30775,14496,122,421,22,21,393,361,27,3,2,0,26777,23565,3212
Stephens County,GA,50,3,5,13,257,463948106,13121977,26175,12662,34.5529139,-83.2902156,26175,25658,22286,2845,77,178,15,257,517,487,258,95,29,7,60,12,5,0,5,0,0,13,2,1,0,29,1,0,0,26175,633,25542,25115,22006,2821,68,175,13,32,427,399,27,1,0,0,20223,20045,17596,2108,49,134,11,147,178,164,13,1,0,0,20223,363,19860,19709,17423,2093,43,133,9,8,151,137,13,1,0,0,12662,10289,2373
Stewart County,GA,50,3,5,13,259,1188113818,12636841,6058,2383,32.073225,-84.8349117,6058,5998,1696,2864,11,44,1,1382,60,54,13,12,5,0,0,6,12,1,2,0,0,0,0,3,0,6,0,0,0,6058,1454,4604,4553,1655,2833,11,44,1,9,51,45,6,0,0,0,5109,5079,1459,2188,11,44,1,1376,30,28,2,0,0,0,5109,1438,3671,3647,1421,2163,11,44,1,7,24,22,2,0,0,0,2383,1862,521
Sumter County,GA,50,3,5,13,261,1250179595,25787952,32819,13909,32.0422026,-84.2042832,32819,32441,13852,17001,106,421,21,1040,378,347,108,56,28,5,61,29,8,0,26,4,2,7,3,10,0,30,1,0,0,32819,1717,31102,30841,13413,16894,95,418,9,12,261,237,23,1,0,0,24518,24327,11437,11790,87,333,13,667,191,173,17,1,0,0,24518,1098,23420,23280,11129,11727,78,332,6,8,140,123,16,1,0,0,13909,12123,1786
Talbot County,GA,50,3,5,13,263,1013691766,8737087,6865,3399,32.7046026,-84.5300288,6865,6797,2679,4065,18,9,0,26,68,66,33,18,3,1,1,2,1,1,5,0,0,1,0,0,0,2,0,0,0,6865,91,6774,6708,2639,4039,18,9,0,3,66,64,2,0,0,0,5401,5364,2253,3066,17,9,0,19,37,36,1,0,0,0,5401,66,5335,5300,2228,3045,17,9,0,1,35,34,1,0,0,0,3399,2832,567
Taliaferro County,GA,50,3,5,13,265,504031776,1915723,1717,1015,33.5593144,-82.8752078,1717,1693,640,1024,2,11,0,16,24,22,15,2,0,2,1,0,0,2,0,0,0,0,0,0,0,2,0,0,0,1717,35,1682,1659,625,1024,2,8,0,0,23,21,2,0,0,0,1394,1388,543,828,2,6,0,9,6,5,1,0,0,0,1394,20,1374,1368,533,828,2,5,0,0,6,5,1,0,0,0,1015,759,256
Tattnall County,GA,50,3,5,13,267,1241648097,23169438,25520,9966,32.0437683,-82.0592081,25520,25186,15991,7465,87,99,17,1527,334,327,112,56,19,5,90,22,0,0,20,0,0,2,1,0,0,7,0,0,0,25520,2502,23018,22800,15196,7424,54,99,11,16,218,211,7,0,0,0,20114,19978,12674,6195,62,83,10,954,136,133,3,0,0,0,20114,1598,18516,18425,12120,6166,40,83,6,10,91,88,3,0,0,0,9966,8210,1756
Taylor County,GA,50,3,5,13,269,975612230,7803620,8906,4563,32.5546668,-84.2514261,8906,8832,5208,3503,6,57,0,58,74,68,24,13,6,0,9,9,0,0,6,0,0,0,1,0,0,6,0,0,0,8906,164,8742,8674,5123,3485,5,57,0,4,68,62,6,0,0,0,6728,6681,3995,2593,5,43,0,45,47,42,5,0,0,0,6728,112,6616,6575,3944,2583,5,43,0,0,41,36,5,0,0,0,4563,3522,1041
Telfair County,GA,50,3,5,13,271,1132610545,17366962,16500,7297,31.9136387,-82.9310624,16500,16215,9398,6017,26,96,4,674,285,264,52,24,9,2,108,8,6,1,33,3,1,9,2,4,2,18,2,1,0,16500,2026,14474,14364,8429,5830,8,90,4,3,110,103,7,0,0,0,13184,12966,7638,4665,25,83,3,552,218,201,14,2,1,0,13184,1838,11346,11289,6720,4478,7,79,3,2,57,53,4,0,0,0,7297,5543,1754
Terrell County,GA,50,3,5,13,273,868783601,5863427,9315,4080,31.7771909,-84.4394464,9315,9229,3407,5700,18,29,1,74,86,72,25,12,1,0,2,8,15,3,1,0,0,0,5,0,0,8,5,0,1,9315,157,9158,9095,3366,5683,14,29,0,3,63,55,7,0,0,1,7011,6965,2883,4004,10,21,1,46,46,40,4,1,0,1,7011,105,6906,6876,2854,3992,8,21,0,1,30,25,4,0,0,1,4080,3519,561
Thomas County,GA,50,3,5,13,275,1410495980,19742306,44720,20177,30.8646156,-83.9197828,44720,44175,26645,16497,196,311,7,519,545,514,150,146,42,3,73,32,7,11,13,1,0,4,5,15,12,25,5,1,0,44720,1275,43445,43025,26081,16416,166,306,7,49,420,401,18,1,0,0,33583,33298,20754,11817,149,234,4,340,285,275,10,0,0,0,33583,793,32790,32556,20401,11769,132,230,4,20,234,226,8,0,0,0,20177,17573,2604
Tift County,GA,50,3,5,13,277,670585617,25574884,40118,16434,31.4570027,-83.5259307,40118,39490,24645,11618,85,512,8,2622,628,610,186,59,43,5,233,25,12,2,25,1,0,0,1,13,5,15,3,0,0,40118,4037,36081,35724,23555,11549,72,507,8,33,357,346,8,3,0,0,29758,29491,19390,8072,63,384,5,1577,267,256,10,1,0,0,29758,2376,27382,27219,18742,8025,52,380,5,15,163,156,6,1,0,0,16434,14836,1598
Toombs County,GA,50,3,5,13,279,942767920,18098787,27223,12144,32.1266975,-82.3320708,27223,26802,17728,6767,74,200,14,2019,421,398,147,64,21,6,109,8,3,1,15,4,0,10,0,6,4,12,11,0,0,27223,3055,24168,23895,16887,6716,37,199,14,42,273,256,6,11,0,0,19608,19442,13588,4443,48,153,12,1198,166,155,6,5,0,0,19608,1779,17829,17719,13099,4413,30,152,12,13,110,103,2,5,0,0,12144,10375,1769
Towns County,GA,50,3,5,13,281,431395530,14037948,10471,7731,34.9026495,-83.7321583,10471,10410,10232,41,31,44,1,61,61,59,10,24,8,4,9,0,0,0,1,0,0,0,0,3,0,2,0,0,0,10471,206,10265,10215,10102,39,30,43,0,1,50,49,1,0,0,0,8830,8785,8655,37,21,30,1,41,45,43,2,0,0,0,8830,149,8681,8644,8559,35,20,29,0,1,37,36,1,0,0,0,7731,4510,3221
Treutlen County,GA,50,3,5,13,283,516536589,7805614,6885,2992,32.4095857,-82.5708819,6885,6817,4488,2247,14,13,0,55,68,66,27,16,1,0,13,1,1,0,3,0,0,0,1,3,0,2,0,0,0,6885,103,6782,6730,4466,2239,10,13,0,2,52,52,0,0,0,0,5172,5147,3514,1575,11,9,0,38,25,23,2,0,0,0,5172,70,5102,5084,3499,1568,8,9,0,0,18,18,0,0,0,0,2992,2543,449
Troup County,GA,50,3,5,13,285,1072223976,82812028,67044,28046,33.034482,-85.02836,67044,66032,41216,22394,168,1060,54,1140,1012,963,448,181,91,20,99,47,12,2,28,1,0,8,0,21,5,48,1,0,0,67044,2170,64874,64021,40408,22319,134,1054,21,85,853,812,40,1,0,0,49242,48839,31593,15618,110,745,38,735,403,384,19,0,0,0,49242,1359,47883,47554,31106,15573,92,739,17,27,329,312,17,0,0,0,28046,24828,3218
Turner County,GA,50,3,5,13,287,739164599,11881250,8930,3841,31.7182318,-83.6285665,8930,8865,4886,3712,29,40,0,198,65,64,23,15,2,0,11,3,2,1,3,0,0,0,0,4,0,1,0,0,0,8930,282,8648,8598,4820,3697,19,40,0,22,50,49,1,0,0,0,6727,6689,3922,2601,20,30,0,116,38,38,0,0,0,0,6727,175,6552,6523,3879,2592,17,30,0,5,29,29,0,0,0,0,3841,3339,502
Twiggs County,GA,50,3,5,13,289,928246376,10972021,9023,4235,32.6658469,-83.4258792,9023,8920,5123,3724,28,14,1,30,103,93,42,36,5,0,1,2,3,2,2,0,0,0,0,0,0,9,0,1,0,9023,124,8899,8810,5059,3703,27,14,1,6,89,85,4,0,0,0,7167,7114,4179,2879,24,11,1,20,53,49,3,0,1,0,7167,89,7078,7030,4130,2864,23,11,1,1,48,46,2,0,0,0,4235,3634,601
Union County,GA,50,3,5,13,291,833785120,18333198,21356,14052,34.8337696,-83.9895727,21356,21102,20668,99,72,75,4,184,254,246,16,171,39,3,16,1,0,0,0,0,0,0,0,0,0,8,0,0,0,21356,519,20837,20598,20345,95,66,75,4,13,239,231,8,0,0,0,17563,17385,17064,77,58,58,3,125,178,173,5,0,0,0,17563,347,17216,17046,16853,75,52,58,3,5,170,165,5,0,0,0,14052,9116,4936
Upson County,GA,50,3,5,13,293,837697129,10663300,27153,12161,32.8818366,-84.292281,27153,26818,18693,7590,76,127,9,323,335,320,131,100,33,1,33,9,9,1,1,0,0,0,0,1,1,12,0,3,0,27153,588,26565,26273,18522,7544,61,124,3,19,292,286,3,0,3,0,20736,20576,14671,5538,63,96,6,202,160,152,6,0,2,0,20736,375,20361,20229,14562,5513,51,93,2,8,132,129,1,0,2,0,12161,10716,1445
Walker County,GA,50,3,5,13,295,1156117093,1672680,68756,30100,34.7358269,-85.3053852,68756,67677,63918,2829,182,297,30,421,1079,1040,427,373,75,14,109,7,4,0,5,4,0,4,5,7,6,38,1,0,0,68756,1113,67643,66696,63343,2809,170,291,30,53,947,911,35,1,0,0,52500,51998,49212,2127,150,229,23,257,502,487,15,0,0,0,52500,673,51827,51390,48872,2112,142,225,23,16,437,424,13,0,0,0,30100,26497,3603
Walton County,GA,50,3,5,13,297,843508113,11187622,83768,32435,33.7826485,-83.7342152,83768,82517,67057,13103,222,956,48,1131,1251,1166,437,248,195,12,104,34,24,20,27,3,2,17,3,21,19,81,4,0,0,83768,2683,81085,80008,65677,12993,194,947,38,159,1077,1006,67,4,0,0,61180,60616,50186,8918,158,658,36,660,564,526,35,3,0,0,61180,1619,59561,59086,49336,8859,141,650,28,72,475,441,31,3,0,0,32435,29583,2852
Ware County,GA,50,3,5,13,299,2311462171,40215551,36312,16326,31.050881,-82.4215072,36312,35779,24103,10721,120,279,13,543,533,508,229,122,43,10,39,21,8,1,14,8,0,0,0,9,4,25,0,0,0,36312,1207,35105,34662,23583,10662,97,278,7,35,443,426,17,0,0,0,27755,27513,19073,7772,97,218,8,345,242,235,7,0,0,0,27755,764,26991,26798,18749,7737,82,217,4,9,193,187,6,0,0,0,16326,13654,2672
Warren County,GA,50,3,5,13,301,736328597,6189505,5834,2985,33.4191691,-82.6880123,5834,5798,2152,3602,10,22,0,12,36,35,15,7,1,1,5,3,3,0,0,0,0,0,0,0,0,1,0,0,0,5834,54,5780,5749,2133,3584,9,21,0,2,31,30,1,0,0,0,4461,4446,1831,2583,7,17,0,8,15,14,1,0,0,0,4461,36,4425,4410,1815,2572,7,16,0,0,15,14,1,0,0,0,2985,2315,670
Washington County,GA,50,3,5,13,303,1757182927,15290061,21187,9047,32.9718477,-82.7981123,21187,20977,9531,11173,25,104,1,143,210,202,92,23,9,0,21,15,12,5,18,0,0,1,0,6,0,8,0,0,0,21187,407,20780,20613,9339,11124,19,104,1,26,167,160,7,0,0,0,16141,16054,7647,8231,21,74,1,80,87,84,3,0,0,0,16141,299,15842,15773,7477,8195,19,74,1,7,69,67,2,0,0,0,9047,7547,1500
Wayne County,GA,50,3,5,13,305,1662194319,18179669,30099,12199,31.5478449,-81.9123763,30099,29497,22558,5996,127,161,6,649,602,572,217,131,51,1,93,30,9,2,19,3,0,7,0,4,5,25,2,3,0,30099,1719,28380,27937,21749,5928,82,160,6,12,443,422,19,1,1,0,22638,22338,17233,4442,98,126,6,433,300,286,11,2,1,0,22638,1181,21457,21250,16655,4387,71,125,6,6,207,199,7,1,0,0,12199,10562,1637
Webster County,GA,50,3,5,13,307,541613654,2965859,2799,1523,32.0465538,-84.5532179,2799,2770,1512,1185,0,7,0,66,29,24,11,6,1,0,5,0,1,0,0,0,0,0,0,0,0,5,0,0,0,2799,98,2701,2677,1492,1177,0,7,0,1,24,21,3,0,0,0,2089,2078,1182,859,0,4,0,33,11,9,2,0,0,0,2089,49,2040,2032,1173,855,0,4,0,0,8,8,0,0,0,0,1523,1119,404
Wheeler County,GA,50,3,5,13,309,765301286,12390103,7421,2625,32.109276,-82.7387013,7421,7364,4552,2614,6,16,2,174,57,54,24,19,4,0,1,3,1,0,2,0,0,0,0,0,0,2,1,0,0,7421,356,7065,7011,4405,2582,6,16,0,2,54,51,2,1,0,0,6022,5990,3671,2204,6,10,1,98,32,30,1,1,0,0,6022,253,5769,5738,3548,2174,6,10,0,0,31,29,1,1,0,0,2625,2152,473
White County,GA,50,3,5,13,311,623374958,3939977,27144,16062,34.6436773,-83.7437125,27144,26775,25824,457,131,124,9,230,369,357,97,185,17,3,39,1,0,1,2,0,0,3,8,1,0,12,0,0,0,27144,647,26497,26172,25453,454,120,124,9,12,325,314,11,0,0,0,20944,20749,20068,355,104,82,5,135,195,186,9,0,0,0,20944,370,20574,20393,19852,354,97,82,5,3,181,173,8,0,0,0,16062,10646,5416
Whitfield County,GA,50,3,5,13,313,752297142,1530155,102599,39899,34.8017261,-84.968541,102599,99955,78623,3845,658,1330,70,15429,2644,2572,545,359,173,31,1230,19,10,9,50,13,2,49,1,58,23,67,0,5,0,102599,32471,70128,69046,63818,3631,180,1292,29,96,1082,1046,34,0,2,0,73316,72000,58787,2887,408,908,41,8969,1316,1274,40,0,2,0,73316,18717,54599,54089,50242,2772,131,888,16,40,510,484,24,0,2,0,39899,35180,4719
Wilcox County,GA,50,3,5,13,315,978250169,11444222,9255,3510,31.9627168,-83.4382617,9255,9166,5706,3252,16,42,1,149,89,89,22,20,0,1,13,28,0,0,3,1,0,0,0,1,0,0,0,0,0,9255,338,8917,8846,5544,3233,15,41,1,12,71,71,0,0,0,0,7468,7406,4597,2655,10,34,1,109,62,62,0,0,0,0,7468,261,7207,7156,4470,2639,9,34,1,3,51,51,0,0,0,0,3510,2891,619
Wilkes County,GA,50,3,5,13,317,1215973866,11924803,10593,5158,33.77904,-82.7479223,10593,10439,5616,4535,18,52,1,217,154,148,85,32,9,1,6,7,4,0,3,0,0,1,0,0,0,6,0,0,0,10593,361,10232,10088,5495,4516,14,48,1,14,144,138,6,0,0,0,8237,8181,4571,3427,16,34,1,132,56,51,5,0,0,0,8237,218,8019,7966,4505,3412,12,32,1,4,53,48,5,0,0,0,5158,4263,895
Wilkinson County,GA,50,3,5,13,319,1158522024,12022592,9563,4487,32.8043209,-83.1755868,9563,9458,5598,3672,29,31,1,127,105,104,38,32,15,1,6,3,2,3,1,0,0,1,0,1,1,1,0,0,0,9563,214,9349,9259,5529,3664,20,31,1,14,90,89,1,0,0,0,7239,7190,4382,2682,23,23,1,79,49,48,1,0,0,0,7239,137,7102,7061,4340,2675,18,23,1,4,41,40,1,0,0,0,4487,3666,821
Worth County,GA,50,3,5,13,321,1478111101,10498400,21679,9251,31.5517733,-83.8499598,21679,21446,15232,5978,58,74,6,98,233,227,81,56,22,1,13,17,3,0,7,4,0,0,0,20,3,6,0,0,0,21679,335,21344,21133,15044,5951,48,74,4,12,211,205,6,0,0,0,16336,16212,11816,4222,49,55,6,64,124,121,3,0,0,0,16336,217,16119,16008,11699,4199,44,55,4,7,111,108,3,0,0,0,9251,8214,1037
Hawaii County,HI,50,4,9,15,1,10433550395,2739470816,185079,82324,19.5977643,-155.5024434,185079,130544,62348,1020,869,41050,22389,2868,54535,34223,509,2147,8918,7534,474,111,124,138,30,221,280,31,12860,515,331,17997,2160,141,14,185079,21383,163696,120155,57831,899,586,39588,20970,281,43541,28476,13861,1131,65,8,142799,109813,55028,846,735,35452,15592,2160,32986,22908,9208,811,54,5,142799,12999,129800,102134,51590,758,491,34311,14779,205,27666,19630,7543,463,28,2,82324,67096,15228
Honolulu County,HI,50,4,9,15,3,1555917151,3955760999,953207,336899,21.4613641,-158.2019756,953207,740171,198732,19256,2438,418410,90878,10457,213036,137633,2868,4075,47609,23481,2196,630,2400,1489,347,900,725,136,46461,3166,1150,67300,7438,649,16,953207,77433,875774,698853,181684,17929,1699,410019,86235,1287,176921,118377,53960,4272,299,13,742707,611873,169467,14853,2000,353807,63543,8203,130834,90074,37408,3140,208,4,742707,48734,693973,581468,156627,14011,1383,347621,60890,936,112505,79157,31322,1915,107,4,336899,311047,25852
Kalawao County,HI,50,4,9,15,5,31057797,105769512,90,113,21.2187644,-156.9740097,90,76,24,0,0,7,44,1,14,12,0,0,4,3,0,0,0,0,0,0,0,0,5,0,0,2,0,0,0,90,1,89,75,24,0,0,7,44,0,14,12,2,0,0,0,90,76,24,0,0,7,44,1,14,12,2,0,0,0,90,1,89,75,24,0,0,7,44,0,14,12,2,0,0,0,113,69,44
Kauai County,HI,50,4,9,15,7,1605678326,1674176401,67091,29793,22.0120383,-159.7059653,67091,50375,22159,278,254,21016,6060,608,16716,11026,120,569,3640,2062,201,35,57,46,1,86,81,15,3769,263,81,5156,516,18,0,67091,6315,60776,47113,20611,258,158,20296,5716,74,13663,9221,4123,308,11,0,51868,42064,19144,224,212,17679,4336,469,9804,7023,2582,192,7,0,51868,4008,47860,39602,17967,208,127,17118,4129,53,8258,5982,2144,127,5,0,29793,23240,6553
Maui County,HI,50,4,9,15,9,3008326306,3203316730,154834,70379,20.8559306,-156.6015503,154834,118506,53336,870,603,44595,16051,3051,36328,24095,386,1141,6285,4824,523,58,113,136,8,136,147,33,9512,556,237,11104,1053,75,1,154834,15710,139124,109278,49193,818,380,43384,15257,246,29846,20450,8742,615,38,1,119019,97578,46339,726,507,36476,11313,2217,21441,15594,5399,418,29,1,119019,9832,109187,90866,43322,685,322,35516,10852,169,18321,13548,4504,251,17,1,70379,53886,16493
Ada County,ID,50,4,8,16,1,2726158067,20424656,392365,159471,43.4478606,-116.244456,392365,381195,354347,4441,2610,9407,861,9529,11170,10449,1607,2668,3412,375,1730,74,70,12,56,86,11,62,143,113,30,674,36,11,0,392365,27905,364460,356126,339332,4180,2058,9234,817,505,8334,7858,450,19,7,0,288659,283140,264610,2778,1953,6934,612,6253,5519,5219,274,15,11,0,288659,17049,271610,267318,255367,2633,1605,6839,584,290,4292,4074,201,10,7,0,159471,148445,11026
Adams County,ID,50,4,8,16,3,3530298662,17392424,3976,2636,44.8845828,-116.431873,3976,3909,3821,5,39,16,2,26,67,65,2,47,4,2,9,0,0,0,0,0,0,0,1,0,0,2,0,0,0,3976,94,3882,3828,3768,4,36,16,2,2,54,52,2,0,0,0,3213,3172,3102,4,36,9,2,19,41,40,1,0,0,0,3213,60,3153,3119,3069,3,34,9,2,2,34,33,1,0,0,0,2636,1748,888
Bannock County,ID,50,4,8,16,5,2880035137,91800788,82839,33191,42.6929385,-112.2289863,82839,80633,74401,625,2619,1079,188,1721,2206,2062,287,638,427,122,430,36,18,0,18,7,5,45,13,10,6,122,19,3,0,82839,5587,77252,75757,71566,591,2301,1060,170,69,1495,1402,75,15,3,0,60125,59103,54667,473,1742,861,126,1234,1022,956,50,13,3,0,60125,3330,56795,56050,53018,452,1558,850,118,54,745,698,35,9,3,0,33191,30682,2509
Bear Lake County,ID,50,4,8,16,7,2524680722,193273897,5986,3914,42.2858329,-111.3274448,5986,5922,5767,6,29,22,1,97,64,63,2,27,13,1,15,0,0,0,1,0,1,1,0,2,0,1,0,0,0,5986,216,5770,5726,5671,6,21,22,1,5,44,43,1,0,0,0,4350,4313,4217,3,19,15,1,58,37,37,0,0,0,0,4350,117,4233,4204,4166,3,17,15,1,2,29,29,0,0,0,0,3914,2281,1633
Benewah County,ID,50,4,8,16,9,2011429331,18988295,9285,4629,47.2184513,-116.6335414,9285,8953,8039,28,809,27,6,44,332,313,7,250,13,8,8,23,0,0,0,1,1,0,2,0,0,12,7,0,0,9285,235,9050,8746,7919,25,765,27,6,4,304,290,7,7,0,0,7084,6909,6312,13,528,20,4,32,175,170,3,2,0,0,7084,128,6956,6788,6245,11,504,20,4,4,168,165,1,2,0,0,4629,3837,792
Bingham County,ID,50,4,8,16,11,5423378296,68447717,45607,16141,43.2163568,-112.3992058,45607,44628,36752,105,2970,285,36,4480,979,922,59,304,161,29,243,24,2,0,7,11,5,52,7,16,2,45,12,0,0,45607,7864,37743,37195,34176,78,2560,268,32,81,548,529,16,3,0,0,30559,30104,25225,37,1882,220,22,2718,455,433,19,3,0,0,30559,4499,26060,25798,23815,26,1691,216,21,29,262,258,4,0,0,0,16141,14999,1142
Blaine County,ID,50,4,8,16,13,6846856430,44340529,21376,15050,43.3944816,-113.9552897,21376,21050,18157,39,125,183,16,2530,326,303,22,64,55,11,129,1,0,0,2,0,0,7,4,5,3,23,0,0,0,21376,4272,17104,16941,16669,23,44,174,14,17,163,160,3,0,0,0,16173,15968,14106,19,84,138,11,1610,205,189,16,0,0,0,16173,2666,13507,13407,13208,11,34,132,9,13,100,97,3,0,0,0,15050,8823,6227
Boise County,ID,50,4,8,16,15,4919000288,19293275,7028,5292,43.9872749,-115.7151105,7028,6865,6703,15,55,29,5,58,163,159,4,104,10,13,20,0,4,0,1,0,0,3,0,0,0,4,0,0,0,7028,249,6779,6644,6552,13,45,29,5,0,135,131,4,0,0,0,5519,5420,5301,7,44,26,4,38,99,96,3,0,0,0,5519,146,5373,5287,5215,6,36,26,4,0,86,83,3,0,0,0,5292,2974,2318
Bonner County,ID,50,4,8,16,17,4492523343,478955717,40877,24669,48.3125124,-116.5969397,40877,40023,39261,58,315,184,42,163,854,810,80,496,160,18,45,0,0,0,0,2,0,2,6,1,0,42,1,1,0,40877,911,39966,39199,38606,51,290,177,40,35,767,729,38,0,0,0,32027,31536,30965,32,248,144,30,117,491,466,24,0,1,0,32027,541,31486,31034,30571,29,233,141,30,30,452,430,22,0,0,0,24669,17100,7569
Bonneville County,ID,50,4,8,16,19,4833116989,89506629,104234,39731,43.3951708,-111.6218783,104234,102062,94411,585,790,856,86,5334,2172,2076,334,706,404,87,439,11,9,1,9,7,9,23,7,26,4,95,1,0,0,104234,11912,92322,90953,88873,533,554,841,81,71,1369,1297,71,1,0,0,71440,70546,65692,357,524,665,62,3246,894,851,42,1,0,0,71440,6662,64778,64197,62723,327,387,656,57,47,581,547,33,1,0,0,39731,36629,3102
Boundary County,ID,50,4,8,16,21,3285556291,24081041,10972,5175,48.7730651,-116.5246194,10972,10742,10398,29,189,62,6,58,230,214,32,118,35,11,12,0,1,1,0,0,0,0,0,4,0,15,1,0,0,10972,402,10570,10374,10110,29,167,56,6,6,196,183,13,0,0,0,8160,8026,7803,13,123,47,3,37,134,122,11,1,0,0,8160,241,7919,7806,7636,13,109,42,3,3,113,103,10,0,0,0,5175,4421,754
Butte County,ID,50,4,8,16,23,5779990424,5257716,2891,1354,43.6850995,-113.1776271,2891,2849,2761,6,13,5,5,59,42,42,1,28,4,0,8,0,0,0,0,0,1,0,0,0,0,0,0,0,0,2891,119,2772,2739,2713,5,11,5,5,0,33,33,0,0,0,0,2076,2049,1990,3,9,4,5,38,27,27,0,0,0,0,2076,75,2001,1980,1962,2,7,4,5,0,21,21,0,0,0,0,1354,1129,225
Camas County,ID,50,4,8,16,25,2782925142,11535370,1117,831,43.4633958,-114.8044265,1117,1081,1051,3,6,1,0,20,36,35,0,20,1,3,10,0,0,0,0,0,0,1,0,0,0,1,0,0,0,1117,75,1042,1017,1008,2,6,1,0,0,25,24,1,0,0,0,877,861,845,2,4,1,0,9,16,15,1,0,0,0,877,45,832,821,815,1,4,1,0,0,11,10,1,0,0,0,831,487,344
Canyon County,ID,50,4,8,16,27,1521281478,41900334,188923,69409,43.6230509,-116.7085267,188923,183245,156750,1077,2028,1519,402,21469,5678,5352,554,1553,999,195,1635,24,10,3,62,58,7,80,52,73,47,313,9,3,1,188923,45069,143854,140642,136553,877,1229,1402,369,212,3212,2992,210,8,2,0,129431,126734,110695,621,1395,1192,274,12557,2697,2567,121,5,3,1,129431,25346,104085,102468,99515,529,938,1124,253,109,1617,1521,90,4,2,0,69409,63604,5805
Caribou County,ID,50,4,8,16,29,4569116224,89170677,6963,3226,42.7862726,-111.5441715,6963,6857,6637,4,23,15,15,163,106,98,2,46,9,12,12,5,0,0,0,0,0,0,5,7,0,8,0,0,0,6963,336,6627,6537,6481,4,19,14,15,4,90,82,8,0,0,0,4947,4880,4726,2,20,11,8,113,67,64,3,0,0,0,4947,213,4734,4680,4640,2,17,11,8,2,54,51,3,0,0,0,3226,2606,620
Cassia County,ID,50,4,8,16,31,6643528786,39370982,22952,8372,42.2886346,-113.6054984,22952,22413,18781,64,178,108,16,3266,539,512,29,117,72,22,224,4,0,0,9,1,0,12,0,11,11,27,0,0,0,22952,5724,17228,17023,16742,38,106,104,15,18,205,195,10,0,0,0,15365,15115,12868,32,119,91,6,1999,250,244,6,0,0,0,15365,3311,12054,11952,11743,21,78,89,6,15,102,99,3,0,0,0,8372,7666,706
Clark County,ID,50,4,8,16,33,4569218695,2476848,982,531,44.2862512,-112.3611202,982,967,711,7,10,5,0,234,15,15,6,3,2,0,3,0,0,0,0,0,0,0,0,1,0,0,0,0,0,982,398,584,573,558,2,6,5,0,2,11,11,0,0,0,0,674,668,509,6,9,3,0,141,6,6,0,0,0,0,674,242,432,429,417,1,6,3,0,2,3,3,0,0,0,0,531,345,186
Clearwater County,ID,50,4,8,16,35,6364309391,79544779,8761,4453,46.67257,-115.6535003,8761,8580,8225,18,194,61,9,73,181,172,11,124,18,0,16,1,1,0,0,0,0,0,1,0,0,7,2,0,0,8761,268,8493,8338,8063,16,184,61,9,5,155,152,2,1,0,0,7205,7098,6847,15,141,41,4,50,107,103,3,1,0,0,7205,172,7033,6936,6736,14,137,41,4,4,97,94,2,1,0,0,4453,3660,793
Custer County,ID,50,4,8,16,37,12745176171,42386557,4368,3103,44.2733408,-114.2522508,4368,4324,4209,8,27,10,4,66,44,43,6,28,5,0,2,0,0,0,0,0,0,0,2,0,0,1,0,0,0,4368,176,4192,4153,4108,5,26,10,4,0,39,38,1,0,0,0,3510,3474,3388,5,24,6,2,49,36,35,1,0,0,0,3510,119,3391,3360,3325,3,24,6,2,0,31,30,1,0,0,0,3103,1936,1167
Elmore County,ID,50,4,8,16,39,7963533304,67384705,27038,12162,43.3948263,-115.4707508,27038,25919,22213,733,270,768,105,1830,1119,995,155,270,263,15,171,18,23,1,21,5,2,6,27,15,3,110,7,7,0,27038,4118,22920,22126,20305,696,224,748,101,52,794,719,67,6,2,0,19363,18844,16285,543,206,637,71,1102,519,473,42,1,3,0,19363,2358,17005,16605,15185,519,178,625,69,29,400,367,31,1,1,0,12162,10140,2022
Franklin County,ID,50,4,8,16,41,1718831658,12169099,12786,4528,42.1735886,-111.8229553,12786,12586,12064,28,53,15,7,419,200,190,11,85,19,10,61,1,0,0,0,0,0,1,1,1,0,10,0,0,0,12786,838,11948,11827,11743,28,33,15,7,1,121,121,0,0,0,0,8288,8201,7892,12,31,12,1,253,87,81,6,0,0,0,8288,474,7814,7764,7719,12,20,12,1,0,50,50,0,0,0,0,4528,4079,449
Fremont County,ID,50,4,8,16,43,4826508353,83291796,13242,8531,44.2180909,-111.484429,13242,13043,11855,46,93,29,13,1007,199,175,18,64,22,9,50,1,0,0,1,1,0,1,0,2,6,23,1,0,0,13242,1694,11548,11430,11273,24,86,27,11,9,118,108,10,0,0,0,9088,8981,8308,22,67,20,7,557,107,95,12,0,0,0,9088,929,8159,8091,7990,10,62,20,5,4,68,62,6,0,0,0,8531,4436,4095
Gem County,ID,50,4,8,16,45,1452724628,12445495,16719,7099,44.0614727,-116.3987839,16719,16346,15616,20,94,84,13,519,373,354,35,177,70,14,47,4,0,0,0,1,1,4,0,1,0,18,1,0,0,16719,1336,15383,15096,14898,20,77,78,10,13,287,279,8,0,0,0,12621,12422,11958,13,73,65,11,302,199,190,8,1,0,0,12621,778,11843,11682,11527,13,61,62,9,10,161,156,5,0,0,0,7099,6495,604
Gooding County,ID,50,4,8,16,47,1888031360,12289863,15464,6093,42.9731849,-114.8214203,15464,15096,12481,37,127,72,11,2368,368,361,23,105,50,8,145,0,1,0,5,1,0,11,6,3,3,7,0,0,0,15464,4344,11120,10938,10758,13,86,60,10,11,182,179,3,0,0,0,10901,10712,9118,21,81,44,9,1439,189,184,5,0,0,0,10901,2531,8370,8273,8163,7,57,35,8,3,97,95,2,0,0,0,6093,5531,562
Idaho County,ID,50,4,8,16,49,21956239945,67335736,16267,8744,45.8492367,-115.4673755,16267,15959,15259,42,480,68,7,103,308,289,20,189,19,11,35,1,0,0,0,6,1,3,3,1,0,18,1,0,0,16267,421,15846,15592,15028,38,446,65,6,9,254,240,14,0,0,0,12862,12670,12187,21,344,48,6,64,192,180,11,1,0,0,12862,252,12610,12441,12041,19,323,47,6,5,169,160,9,0,0,0,8744,6834,1910
Jefferson County,ID,50,4,8,16,51,2832154816,31267656,26140,8722,43.7969649,-112.3185879,26140,25739,23844,52,203,103,23,1514,401,377,44,95,96,32,95,1,1,1,0,3,0,4,1,3,1,23,1,0,0,26140,2641,23499,23241,22925,40,132,103,22,19,258,244,14,0,0,0,16853,16658,15549,15,129,74,11,880,195,176,18,1,0,0,16853,1454,15399,15262,15069,5,94,74,10,10,137,125,12,0,0,0,8722,8146,576
Jerome County,ID,50,4,8,16,53,1546700901,12864129,22374,8101,42.6911715,-114.2630091,22374,21893,17904,62,302,76,17,3532,481,457,27,113,43,10,227,2,0,0,9,2,0,12,0,2,10,19,3,2,0,22374,6929,15445,15248,14958,39,156,62,12,21,197,184,8,3,2,0,15426,15175,12769,36,184,61,11,2114,251,240,8,1,2,0,15426,3993,11433,11321,11127,24,99,54,8,9,112,106,3,1,2,0,8101,7540,561
Kootenai County,ID,50,4,8,16,55,3222267856,185180068,138494,63177,47.6771129,-116.6949184,138494,135172,130844,416,1781,961,129,1041,3322,3083,401,1456,636,121,324,17,17,2,7,13,6,31,23,20,9,228,6,5,0,138494,5268,133226,130564,127454,381,1570,925,117,117,2662,2508,147,3,4,0,104250,102436,99416,255,1247,698,95,725,1814,1696,111,3,4,0,104250,3121,101129,99632,97421,242,1120,676,87,86,1497,1417,75,2,3,0,63177,54200,8977
Latah County,ID,50,4,8,16,57,2786815890,2372731,37244,15988,46.8189202,-116.7309737,37244,36295,34557,293,237,781,52,375,949,876,134,334,259,20,97,4,4,3,1,2,0,7,7,2,2,65,7,1,0,37244,1326,35918,35116,33746,288,218,773,45,46,802,756,45,1,0,0,30275,29682,28218,238,198,681,39,308,593,550,38,4,1,0,30275,981,29294,28781,27622,233,185,677,34,30,513,484,28,1,0,0,15988,14708,1280
Lemhi County,ID,50,4,8,16,59,11819118494,13894478,7936,4729,44.9287886,-113.8878408,7936,7806,7654,18,57,30,3,44,130,115,17,73,6,6,10,0,0,1,0,0,1,1,0,0,0,15,0,0,0,7936,181,7755,7641,7543,16,49,29,3,1,114,104,10,0,0,0,6360,6276,6157,15,46,21,2,35,84,75,9,0,0,0,6360,117,6243,6167,6090,13,41,21,2,0,76,68,8,0,0,0,4729,3576,1153
Lewis County,ID,50,4,8,16,61,1240073685,2444478,3821,1880,46.2363277,-116.42376,3821,3729,3450,14,180,17,5,63,92,88,5,57,13,6,6,0,0,0,0,1,0,0,0,0,0,4,0,0,0,3821,128,3693,3606,3398,14,176,12,5,1,87,83,4,0,0,0,2973,2917,2722,8,132,15,3,37,56,53,3,0,0,0,2973,74,2899,2844,2692,8,129,11,3,1,55,52,3,0,0,0,1880,1657,223
Lincoln County,ID,50,4,8,16,63,3111625420,11608239,5208,1976,42.9861805,-114.1538989,5208,5095,4171,19,38,20,3,844,113,106,9,25,11,2,52,3,0,1,0,0,0,0,0,0,3,2,5,0,0,5208,1476,3732,3680,3607,18,30,18,3,4,52,48,2,2,0,0,3509,3443,2886,4,30,15,3,505,66,60,2,4,0,0,3509,857,2652,2623,2574,3,27,13,3,3,29,25,2,2,0,0,1976,1705,271
Madison County,ID,50,4,8,16,65,1215237613,10412190,37536,11280,43.7897087,-111.65655,37536,36985,35235,185,99,352,55,1059,551,494,40,121,162,44,100,2,1,1,0,1,0,0,13,6,3,57,0,0,0,37536,2218,35318,34919,34218,178,81,348,51,43,399,353,46,0,0,0,27788,27429,26182,113,73,285,49,727,359,321,38,0,0,0,27788,1475,26313,26051,25521,109,59,282,45,35,262,230,32,0,0,0,11280,10611,669
Minidoka County,ID,50,4,8,16,67,1962152486,13820933,20069,7665,42.8569373,-113.6400095,20069,19581,16091,77,248,88,1,3076,488,458,35,124,43,4,196,5,0,1,5,0,5,30,4,3,3,26,0,4,0,20069,6493,13576,13377,13095,44,146,70,1,21,199,185,14,0,0,0,14176,13907,11674,38,164,67,0,1964,269,255,12,0,2,0,14176,3898,10278,10166,9962,18,109,60,0,17,112,105,7,0,0,0,7665,7170,495
Nez Perce County,ID,50,4,8,16,69,2196547487,21212976,39265,17438,46.3337663,-116.7609025,39265,38290,35390,117,2206,279,37,261,975,915,86,503,131,21,81,42,2,1,3,4,5,13,20,2,1,55,4,1,0,39265,1109,38156,37346,34835,112,2074,277,35,13,810,757,48,4,1,0,30750,30232,28189,78,1525,224,29,187,518,491,24,2,1,0,30750,673,30077,29636,27849,77,1452,222,27,9,441,417,21,2,1,0,17438,16241,1197
Oneida County,ID,50,4,8,16,71,3108143349,3995379,4286,1906,42.1838897,-112.5204649,4286,4242,4144,9,22,20,1,46,44,43,3,23,9,3,3,0,0,0,0,0,0,0,0,1,1,1,0,0,0,4286,126,4160,4125,4073,9,21,20,1,1,35,34,1,0,0,0,3003,2982,2920,2,15,15,0,30,21,21,0,0,0,0,3003,69,2934,2916,2885,2,14,15,0,0,18,18,0,0,0,0,1906,1545,361
Owyhee County,ID,50,4,8,16,73,19853582270,81509222,11526,4781,42.593063,-116.1426554,11526,11254,8757,23,495,62,1,1916,272,265,10,118,26,4,75,0,0,0,0,1,1,3,1,9,17,7,0,0,0,11526,2979,8547,8388,7867,18,432,56,1,14,159,154,5,0,0,0,8157,8014,6459,15,334,53,1,1152,143,141,2,0,0,0,8157,1737,6420,6316,5949,11,297,49,1,9,104,102,2,0,0,0,4781,4076,705
Payette County,ID,50,4,8,16,75,1053780320,8827481,22623,8945,44.0027397,-116.7486549,22623,21984,20053,52,255,189,16,1419,639,606,47,266,128,14,119,0,4,0,2,2,1,6,7,6,4,33,0,0,0,22623,3363,19260,18831,18388,41,185,187,15,15,429,404,25,0,0,0,16139,15828,14587,37,182,170,11,841,311,298,13,0,0,0,16139,1886,14253,14018,13659,30,139,168,10,12,235,226,9,0,0,0,8945,8262,683
Power County,ID,50,4,8,16,77,3636974257,99512615,7817,2944,42.694126,-112.844407,7817,7630,5867,22,179,32,7,1523,187,176,11,71,22,2,65,1,0,0,1,0,0,2,1,0,0,11,0,0,0,7817,2328,5489,5383,5164,18,161,32,6,2,106,100,6,0,0,0,5403,5326,4231,11,117,23,5,939,77,70,7,0,0,0,5403,1352,4051,4012,3866,9,109,23,4,1,39,34,5,0,0,0,2944,2641,303
Shoshone County,ID,50,4,8,16,79,6810799882,14137045,12765,7061,47.3476935,-115.8850916,12765,12510,12174,26,183,47,12,68,255,248,14,162,19,12,31,1,0,0,3,0,0,2,1,0,3,7,0,0,0,12765,380,12385,12181,11929,20,177,44,5,6,204,199,5,0,0,0,10105,9940,9697,14,138,33,11,47,165,162,3,0,0,0,10105,232,9873,9729,9545,12,133,30,5,4,144,141,3,0,0,0,7061,5605,1456
Teton County,ID,50,4,8,16,81,1164084404,2859304,10170,5478,43.7609939,-111.2117653,10170,10022,8709,25,35,48,12,1193,148,146,6,36,24,1,71,0,0,0,0,0,0,8,0,0,0,2,0,0,0,10170,1721,8449,8388,8286,12,27,48,12,3,61,61,0,0,0,0,7147,7079,6270,17,22,36,7,727,68,68,0,0,0,0,7147,1009,6138,6101,6030,9,18,36,7,1,37,37,0,0,0,0,5478,3651,1827
Twin Falls County,ID,50,4,8,16,83,4975917336,18417854,77230,31072,42.352309,-114.6656386,77230,75475,68693,342,606,922,83,4829,1755,1697,155,522,299,56,508,7,2,1,17,13,5,43,5,39,25,57,1,0,0,77230,10570,66660,65615,63841,307,428,895,79,65,1045,1014,31,0,0,0,56086,55206,50779,192,457,682,61,3035,880,848,32,0,0,0,56086,6267,49819,49247,47962,173,351,667,59,35,572,555,17,0,0,0,31072,28760,2312
Valley County,ID,50,4,8,16,85,9491050481,177273029,9862,11789,44.7715315,-115.6378747,9862,9720,9445,11,68,41,1,154,142,138,10,69,26,3,26,0,1,0,0,0,0,0,1,1,1,4,0,0,0,9862,386,9476,9370,9277,9,38,41,1,4,106,104,2,0,0,0,7913,7811,7618,7,53,29,0,104,102,99,3,0,0,0,7913,256,7657,7573,7504,5,33,29,0,2,84,82,2,0,0,0,11789,4393,7396
Washington County,ID,50,4,8,16,87,3763204795,53213072,10198,4529,44.4482128,-116.7978299,10198,9978,8835,18,101,91,3,930,220,216,8,89,22,6,81,0,0,0,0,1,0,0,0,5,4,4,0,0,0,10198,1716,8482,8356,8166,10,75,90,3,12,126,123,3,0,0,0,7680,7544,6788,12,72,81,1,590,136,132,4,0,0,0,7680,1051,6629,6541,6391,8,55,81,1,5,88,85,3,0,0,0,4529,4034,495
Adams County,IL,50,2,3,17,1,2214963578,41793038,67103,29842,39.9860525,-91.1949607,67103,66006,62868,2331,111,441,12,243,1097,1027,618,185,106,17,58,16,10,2,9,1,0,0,1,4,0,66,4,0,0,67103,776,66327,65319,62414,2288,100,430,12,75,1008,945,59,4,0,0,51642,51194,49045,1577,84,336,9,143,448,418,30,0,0,0,51642,472,51170,50762,48764,1555,78,330,9,26,408,381,27,0,0,0,29842,27375,2467
Alexander County,IL,50,2,3,17,3,609965908,44268323,8238,4006,37.1836828,-89.3495061,8238,8095,5018,2915,26,16,6,114,143,136,92,29,3,1,2,3,3,0,2,0,0,1,0,0,0,7,0,0,0,8238,155,8083,7943,4983,2908,25,16,6,5,140,134,6,0,0,0,6353,6309,4100,2062,23,14,6,104,44,43,1,0,0,0,6353,130,6223,6179,4078,2058,22,14,6,1,44,43,1,0,0,0,4006,3329,677
Bond County,IL,50,2,3,17,5,984918676,6426360,17768,7089,38.885924,-89.4365916,17768,17444,16143,1080,92,68,3,58,324,315,90,52,23,9,97,5,2,0,29,2,0,3,1,1,1,8,1,0,0,17768,547,17221,17011,15797,1061,76,67,3,7,210,203,6,1,0,0,14118,13894,12743,978,80,48,3,42,224,215,8,1,0,0,14118,452,13666,13530,12448,963,66,47,3,3,136,129,6,1,0,0,7089,6427,662
Boone County,IL,50,2,3,17,7,727059777,3380831,54165,19970,42.3189831,-88.8242951,54165,52745,45724,1064,200,686,23,5048,1420,1340,268,370,183,15,413,7,3,1,22,0,3,18,2,25,10,74,6,0,0,54165,10967,43198,42532,40757,976,68,667,15,49,666,619,42,5,0,0,38481,37851,33596,646,138,478,12,2981,630,597,30,3,0,0,38481,6286,32195,31927,30761,606,56,470,8,26,268,250,16,2,0,0,19970,18505,1465
Brown County,IL,50,2,3,17,9,791518279,4139308,6937,2462,39.9620694,-90.7503095,6937,6894,5276,1280,14,16,2,306,43,39,9,14,4,1,8,1,0,0,1,0,0,1,0,0,0,4,0,0,0,6937,402,6535,6500,5191,1275,10,16,2,6,35,31,4,0,0,0,5823,5800,4204,1275,13,10,2,296,23,22,1,0,0,0,5823,384,5439,5424,4130,1270,9,10,2,3,15,14,1,0,0,0,2462,2099,363
Bureau County,IL,50,2,3,17,11,2250780454,11583679,34978,15720,41.4013043,-89.5283772,34978,34527,32937,212,98,228,6,1046,451,443,154,124,41,7,80,3,1,0,12,3,0,1,3,10,4,8,0,0,0,34978,2695,32283,31957,31473,191,63,220,6,4,326,320,6,0,0,0,26823,26616,25603,125,73,173,5,637,207,203,4,0,0,0,26823,1565,25258,25100,24757,115,49,171,5,3,158,154,4,0,0,0,15720,14262,1458
Calhoun County,IL,50,2,3,17,13,657402816,77057174,5089,2835,39.1642619,-90.6662949,5089,5070,5032,7,9,12,0,10,19,18,3,12,1,0,2,0,0,0,0,0,0,0,0,0,0,1,0,0,0,5089,40,5049,5031,5001,6,9,12,0,3,18,17,1,0,0,0,3976,3963,3940,3,6,8,0,6,13,12,1,0,0,0,3976,17,3959,3946,3926,3,6,8,0,3,13,12,1,0,0,0,2835,2085,750
Carroll County,IL,50,2,3,17,15,1152045333,55821513,15387,8437,42.0590844,-89.9264854,15387,15219,14906,123,47,53,3,87,168,158,51,52,29,0,14,1,0,0,6,0,0,0,4,1,0,10,0,0,0,15387,437,14950,14811,14596,122,35,53,2,3,139,133,6,0,0,0,12226,12149,11932,85,40,27,3,62,77,72,5,0,0,0,12226,269,11957,11897,11751,85,31,27,2,1,60,56,4,0,0,0,8437,6622,1815
Cass County,IL,50,2,3,17,17,973365036,20581547,13642,5836,39.9692024,-90.2457045,13642,13456,11769,419,38,44,1,1185,186,183,37,32,12,0,76,0,5,0,14,4,0,1,0,1,1,3,0,0,0,13642,2291,11351,11273,10830,379,15,43,1,5,78,78,0,0,0,0,10241,10150,9046,279,26,33,1,765,91,89,2,0,0,0,10241,1383,8858,8814,8521,247,11,33,1,1,44,44,0,0,0,0,5836,5270,566
Champaign County,IL,50,2,3,17,19,2580316235,5509218,201081,87569,40.1391496,-88.1972014,201081,195559,147600,24946,549,17969,134,4361,5522,5167,1976,569,1492,52,390,134,94,13,107,32,3,18,105,164,18,337,15,1,2,201081,10607,190474,185778,142470,24553,360,17879,129,387,4696,4413,272,10,1,0,162002,158986,122549,17120,426,15623,125,3143,3016,2817,186,10,1,2,162002,7595,154407,151886,118777,16904,288,15546,120,251,2521,2368,147,5,1,0,87569,80665,6904
Christian County,IL,50,2,3,17,21,1837278793,16221497,34800,15563,39.5455242,-89.2795925,34800,34478,33610,495,51,167,8,147,322,320,132,106,46,2,20,1,1,0,1,1,1,0,1,5,3,2,0,0,0,34800,471,34329,34045,33331,492,41,165,7,9,284,282,2,0,0,0,27024,26888,26180,425,43,121,7,112,136,134,2,0,0,0,27024,313,26711,26585,25994,424,36,120,6,5,126,124,2,0,0,0,15563,14055,1508
Clark County,IL,50,2,3,17,23,1298666494,8806915,16335,7772,39.3323642,-87.7916872,16335,16214,16027,48,25,55,3,56,121,118,19,57,20,4,15,1,0,0,1,1,0,0,0,0,0,3,0,0,0,16335,172,16163,16057,15925,48,24,54,3,3,106,103,3,0,0,0,12617,12544,12412,25,23,38,3,43,73,72,1,0,0,0,12617,111,12506,12442,12353,25,22,38,3,1,64,63,1,0,0,0,7772,6782,990
Clay County,IL,50,2,3,17,25,1212932408,3304659,13815,6404,38.7473124,-88.4837894,13815,13704,13499,47,32,63,0,63,111,107,24,52,8,2,14,0,1,0,2,0,0,1,0,3,0,4,0,0,0,13815,151,13664,13565,13429,43,30,63,0,0,99,95,4,0,0,0,10651,10590,10446,37,20,50,0,37,61,59,2,0,0,0,10651,93,10558,10499,10395,36,18,50,0,0,59,57,2,0,0,0,6404,5697,707
Clinton County,IL,50,2,3,17,27,1227874498,75592326,37762,15311,38.6064228,-89.4231363,37762,37338,35284,1338,94,167,13,442,424,412,148,97,84,2,57,2,1,0,4,1,1,1,7,1,6,12,0,0,0,37762,1058,36704,36364,34766,1323,80,167,11,17,340,331,9,0,0,0,29180,28997,27233,1237,66,132,7,322,183,179,4,0,0,0,29180,714,28466,28325,26896,1224,55,132,7,11,141,137,4,0,0,0,15311,14005,1306
Coles County,IL,50,2,3,17,29,1316466333,4624844,53873,23425,39.5136797,-88.220782,53873,53054,50029,2067,104,531,13,310,819,783,340,208,117,11,50,19,7,5,4,3,0,3,10,4,2,33,2,1,0,53873,1155,52718,52001,49330,2022,79,523,10,37,717,695,20,2,0,0,43931,43480,40967,1740,85,443,13,232,451,430,18,2,1,0,43931,838,43093,42697,40454,1706,67,437,10,23,396,380,14,2,0,0,23425,21463,1962
Cook County,IL,50,2,3,17,31,2448383588,1785882224,5194675,2180359,41.8942937,-87.6454546,5194675,5062905,2877212,1287767,21559,322672,1724,551971,131770,123253,21706,9552,26680,1104,38219,5137,2883,593,6338,1124,41,1982,875,5945,1074,7838,579,84,16,5194675,1244762,3949913,3878481,2278358,1265778,6682,318869,1043,7751,71432,66140,4870,366,51,5,3962395,3884927,2307424,936069,14795,259183,1356,366100,77468,72311,4704,374,66,13,3962395,822242,3140153,3097777,1906502,923363,5084,256892,879,5057,42376,38980,3105,243,43,5,2180359,1966356,214003
Crawford County,IL,50,2,3,17,33,1148994475,5670462,19817,8661,39.0037296,-87.7571722,19817,19636,18381,934,48,103,8,162,181,176,60,54,33,1,16,0,4,0,0,0,0,3,5,0,0,5,0,0,0,19817,362,19455,19295,18216,923,42,100,7,7,160,155,5,0,0,0,15764,15672,14535,882,38,81,2,134,92,90,2,0,0,0,15764,283,15481,15405,14416,871,35,78,2,3,76,74,2,0,0,0,8661,7763,898
Cumberland County,IL,50,2,3,17,35,896198602,2535805,11048,4874,39.273121,-88.2406193,11048,10962,10856,38,17,27,0,24,86,81,19,50,8,0,1,1,0,0,0,0,0,0,1,0,1,5,0,0,0,11048,75,10973,10896,10815,35,17,25,0,4,77,75,2,0,0,0,8450,8396,8332,15,17,21,0,11,54,53,1,0,0,0,8450,38,8412,8361,8308,15,17,20,0,1,51,50,1,0,0,0,4874,4377,497
DeKalb County,IL,50,2,3,17,37,1635077221,8684327,105160,41079,41.8946125,-88.768991,105160,103062,89453,6732,267,2438,23,4149,2098,1964,575,339,388,11,439,38,24,3,52,5,2,22,8,51,7,130,3,0,1,105160,10647,94513,93064,83825,6579,127,2400,19,114,1449,1355,92,1,0,1,81670,80610,70563,4970,186,2107,19,2765,1060,987,71,2,0,0,81670,6709,74961,74216,67081,4874,98,2080,16,67,745,694,50,1,0,0,41079,38484,2595
De Witt County,IL,50,2,3,17,39,1029554715,19608681,16561,7521,40.1814993,-88.9018526,16561,16368,16035,87,26,60,4,156,193,188,49,69,32,3,27,0,0,0,2,1,0,0,1,2,2,5,0,0,0,16561,354,16207,16048,15855,82,23,58,4,26,159,154,5,0,0,0,12739,12656,12443,65,19,45,4,80,83,82,1,0,0,0,12739,191,12548,12475,12340,64,17,43,4,7,73,72,1,0,0,0,7521,6811,710
Douglas County,IL,50,2,3,17,41,1079156495,1448702,19980,8390,39.766078,-88.2228656,19980,19749,19113,58,34,83,0,461,231,223,55,94,25,0,44,0,0,0,2,0,0,0,0,2,1,8,0,0,0,19980,1210,18770,18599,18427,53,31,82,0,6,171,166,5,0,0,0,14806,14698,14273,35,32,61,0,297,108,105,3,0,0,0,14806,720,14086,14002,13881,32,29,60,0,0,84,82,2,0,0,0,8390,7720,670
DuPage County,IL,50,2,3,17,43,848218379,23083362,916924,356179,41.8520581,-88.0860383,916924,896528,714140,42346,2415,92304,217,45106,20396,19341,3578,1975,6048,210,3919,276,357,25,405,341,8,135,260,1729,75,951,91,13,0,916924,121506,795418,781291,646130,41024,992,91793,171,1181,14127,13418,637,64,8,0,689494,679465,551022,28600,1531,68907,173,29232,10029,9497,474,46,12,0,689494,77214,612280,605474,507562,27854,677,68594,147,640,6806,6416,342,40,8,0,356179,337132,19047
Edgar County,IL,50,2,3,17,45,1614531997,1610636,18576,8803,39.679037,-87.7471102,18576,18446,18268,64,25,33,4,52,130,129,29,62,15,1,12,0,1,0,6,0,0,0,0,3,0,1,0,0,0,18576,187,18389,18266,18142,63,23,33,3,2,123,122,1,0,0,0,14455,14369,14243,42,20,25,4,35,86,85,1,0,0,0,14455,108,14347,14262,14171,42,19,25,3,2,85,84,1,0,0,0,8803,7839,964
Edwards County,IL,50,2,3,17,47,576054180,788767,6721,3187,38.4170954,-88.0479408,6721,6666,6584,30,9,22,0,21,55,53,15,18,11,2,5,0,0,0,0,0,0,2,0,0,0,2,0,0,0,6721,59,6662,6615,6555,30,8,21,0,1,47,45,2,0,0,0,5185,5162,5114,12,9,18,0,9,23,21,2,0,0,0,5185,28,5157,5136,5098,12,8,18,0,0,21,19,2,0,0,0,3187,2840,347
Effingham County,IL,50,2,3,17,49,1240027936,3183199,34242,14570,39.0476943,-88.5927862,34242,33963,33429,79,39,147,7,262,279,261,67,87,32,10,47,4,1,0,4,1,0,0,0,6,2,13,0,5,0,34242,597,33645,33422,33155,76,24,147,7,13,223,210,13,0,0,0,25800,25670,25306,54,37,107,5,161,130,122,6,0,2,0,25800,359,25441,25332,25141,52,22,107,5,5,109,103,6,0,0,0,14570,13515,1055
Fayette County,IL,50,2,3,17,51,1855679809,22950051,22140,9302,39.0011246,-89.0179232,22140,21914,20750,980,35,51,4,94,226,214,49,91,42,2,28,1,0,0,1,0,0,0,0,0,0,12,0,0,0,22140,304,21836,21644,20585,969,33,47,4,6,192,180,12,0,0,0,17164,17055,15946,953,30,40,3,83,109,105,4,0,0,0,17164,238,16926,16833,15820,942,28,36,3,4,93,89,4,0,0,0,9302,8311,991
Ford County,IL,50,2,3,17,53,1257738509,1621586,14081,6282,40.5944228,-88.2247456,14081,13922,13677,85,33,37,0,90,159,158,33,46,23,6,38,1,2,0,1,5,1,0,0,2,0,0,1,0,0,14081,294,13787,13677,13520,78,32,36,0,11,110,109,0,1,0,0,10734,10654,10496,61,18,26,0,53,80,79,0,1,0,0,10734,175,10559,10503,10403,54,17,25,0,4,56,55,0,1,0,0,6282,5676,606
Franklin County,IL,50,2,3,17,55,1059017642,58416872,39561,18525,37.9918483,-88.9262457,39561,39119,38641,123,104,124,3,124,442,429,117,195,52,7,37,1,1,0,4,0,0,14,1,0,0,9,0,4,0,39561,475,39086,38701,38353,118,92,122,3,13,385,374,7,0,4,0,30600,30354,30026,69,85,96,3,75,246,237,7,0,2,0,30600,260,30340,30115,29866,68,77,96,3,5,225,218,5,0,2,0,18525,16617,1908
Fulton County,IL,50,2,3,17,57,2241880276,43974299,37069,16195,40.4656878,-90.2067925,37069,36735,34625,1269,131,112,2,596,334,315,92,132,38,8,35,6,0,0,0,1,0,1,0,2,0,18,1,0,0,37069,896,36173,35874,34397,1268,82,111,2,14,299,282,16,1,0,0,29316,29147,27184,1207,105,94,2,555,169,164,4,1,0,0,29316,733,28583,28429,27059,1206,62,93,2,7,154,150,3,1,0,0,16195,14536,1659
Gallatin County,IL,50,2,3,17,59,836750424,13238548,5589,2746,37.7686768,-88.2279642,5589,5524,5473,12,14,5,0,20,65,61,10,43,5,0,2,0,0,0,0,0,0,0,1,0,0,4,0,0,0,5589,66,5523,5459,5427,12,14,5,0,1,64,60,4,0,0,0,4405,4367,4328,9,14,3,0,13,38,38,0,0,0,0,4405,36,4369,4331,4304,9,14,3,0,1,38,38,0,0,0,0,2746,2403,343
Greene County,IL,50,2,3,17,61,1406413796,8425403,13886,6389,39.3554444,-90.3877569,13886,13787,13588,119,23,16,2,39,99,98,28,50,8,1,9,0,0,0,0,1,0,1,0,0,0,1,0,0,0,13886,115,13771,13678,13517,119,20,16,2,4,93,93,0,0,0,0,10688,10637,10469,112,22,9,1,24,51,50,1,0,0,0,10688,79,10609,10562,10420,112,19,9,1,1,47,47,0,0,0,0,6389,5570,819
Grundy County,IL,50,2,3,17,63,1082725907,32126847,50063,19996,41.2924096,-88.4010545,50063,49330,46933,605,114,327,15,1336,733,695,161,129,139,6,219,5,1,0,18,0,0,3,1,11,2,35,3,0,0,50063,4096,45967,45526,44526,577,68,318,12,25,441,409,30,2,0,0,36406,36092,34573,363,87,225,11,833,314,302,11,1,0,0,36406,2366,34040,33845,33189,353,59,220,9,15,195,184,11,0,0,0,19996,18546,1450
Hamilton County,IL,50,2,3,17,65,1125777456,3174991,8457,4104,38.085226,-88.5390048,8457,8398,8305,31,20,19,1,22,59,58,12,27,16,2,0,0,0,0,0,0,0,0,1,0,0,1,0,0,0,8457,105,8352,8294,8234,31,10,19,0,0,58,57,1,0,0,0,6526,6492,6428,20,14,15,0,15,34,33,1,0,0,0,6526,70,6456,6423,6380,20,8,15,0,0,33,32,1,0,0,0,4104,3489,615
Hancock County,IL,50,2,3,17,67,2055740516,53535882,19104,9274,40.4057924,-91.1679875,19104,18928,18723,52,40,46,11,56,176,171,47,71,21,4,18,3,0,0,2,1,0,2,1,0,1,4,1,0,0,19104,185,18919,18764,18611,51,34,45,11,12,155,150,4,1,0,0,14907,14830,14697,27,24,34,11,37,77,74,2,1,0,0,14907,109,14798,14725,14628,27,21,33,11,5,73,70,2,1,0,0,9274,8040,1234
Hardin County,IL,50,2,3,17,69,459794312,10491249,4320,2488,37.5178517,-88.2661478,4320,4285,4205,13,26,22,5,14,35,33,9,14,3,1,6,0,0,0,0,0,0,0,0,0,0,1,0,1,0,4320,56,4264,4237,4171,13,26,22,5,0,27,27,0,0,0,0,3444,3421,3364,9,22,14,4,8,23,22,0,0,1,0,3444,32,3412,3393,3344,9,22,14,4,0,19,19,0,0,0,0,2488,1915,573
Henderson County,IL,50,2,3,17,71,981273730,42340541,7331,3827,40.8151413,-90.9384797,7331,7261,7198,15,15,15,5,13,70,68,21,29,8,3,4,0,0,0,0,0,0,3,0,0,0,2,0,0,0,7331,79,7252,7186,7133,15,15,15,5,3,66,64,2,0,0,0,5838,5805,5759,12,13,9,5,7,33,32,1,0,0,0,5838,48,5790,5760,5720,12,13,9,5,1,30,29,1,0,0,0,3827,3149,678
Henry County,IL,50,2,3,17,73,2131522072,6884367,50486,22161,41.3500209,-90.1308378,50486,49754,47846,796,93,191,14,814,732,700,264,195,82,5,138,3,2,1,7,1,0,0,0,2,0,27,5,0,0,50486,2402,48084,47523,46493,762,60,183,13,12,561,532,24,5,0,0,38391,38078,36903,492,67,125,9,482,313,297,14,2,0,0,38391,1345,37046,36788,36125,481,48,123,9,2,258,242,14,2,0,0,22161,20373,1788
Iroquois County,IL,50,2,3,17,75,2893835594,4172263,29718,13452,40.7488665,-87.833601,29718,29323,28155,233,51,103,2,779,395,387,120,111,38,8,92,2,0,0,0,0,0,5,0,6,5,7,1,0,0,29718,1584,28134,27849,27467,233,42,102,1,4,285,280,5,0,0,0,22703,22532,21800,135,37,72,1,487,171,169,1,1,0,0,22703,892,21811,21685,21445,135,32,71,1,1,126,125,1,0,0,0,13452,11956,1496
Jackson County,IL,50,2,3,17,77,1512763725,47391559,60218,28578,37.7860959,-89.3812119,60218,58625,46875,8589,227,1910,32,992,1593,1438,559,284,272,9,115,74,18,8,40,9,4,5,9,21,11,141,14,0,0,60218,2403,57815,56439,45746,8488,176,1890,28,111,1376,1247,117,12,0,0,49480,48530,39464,6586,179,1581,28,692,950,855,84,11,0,0,49480,1710,47770,46950,38638,6517,148,1564,26,57,820,741,69,10,0,0,28578,25538,3040
Jasper County,IL,50,2,3,17,79,1280774187,9348767,9698,4345,39.0048737,-88.1507629,9698,9640,9564,11,13,24,2,26,58,55,15,27,8,2,2,0,0,0,0,0,0,0,0,1,0,2,1,0,0,9698,79,9619,9566,9517,10,12,24,2,1,53,50,2,1,0,0,7494,7461,7409,4,9,20,2,17,33,33,0,0,0,0,7494,45,7449,7418,7385,3,8,20,2,0,31,31,0,0,0,0,4345,3940,405
Jefferson County,IL,50,2,3,17,81,1479320495,32673835,38827,16954,38.3007796,-88.92421,38827,38203,34315,3251,85,246,7,299,624,607,306,151,66,8,42,12,0,2,5,6,1,1,3,3,1,16,1,0,0,38827,799,38028,37479,33919,3194,69,246,7,44,549,532,16,1,0,0,30231,29974,27108,2389,67,190,6,214,257,245,11,1,0,0,30231,553,29678,29459,26842,2351,59,190,6,11,219,207,11,1,0,0,16954,15365,1589
Jersey County,IL,50,2,3,17,83,956408129,20348919,22985,9848,39.0801918,-90.3613647,22985,22713,22431,93,60,77,6,46,272,255,74,113,45,4,12,0,0,0,0,2,0,0,4,1,0,17,0,0,0,22985,222,22763,22515,22281,89,52,76,6,11,248,234,14,0,0,0,17746,17598,17405,65,46,48,5,29,148,141,7,0,0,0,17746,123,17623,17486,17321,64,40,47,5,9,137,131,6,0,0,0,9848,8828,1020
Jo Daviess County,IL,50,2,3,17,85,1556808594,45690178,22678,13574,42.3623905,-90.2114705,22678,22475,22046,107,45,72,11,194,203,193,60,68,26,1,29,6,2,0,0,0,0,0,1,0,0,9,1,0,0,22678,609,22069,21895,21681,100,29,72,7,6,174,164,9,1,0,0,17963,17868,17586,55,37,58,8,124,95,92,2,1,0,0,17963,362,17601,17518,17367,55,27,58,7,4,83,80,2,1,0,0,13574,9753,3821
Johnson County,IL,50,2,3,17,87,890735754,12816588,12582,5598,37.4608153,-88.8829622,12582,12456,11197,1006,29,22,1,201,126,118,15,66,16,0,16,0,0,0,0,2,0,0,0,2,1,8,0,0,0,12582,376,12206,12105,11056,1004,19,21,1,4,101,98,3,0,0,0,10141,10066,8860,990,20,16,1,179,75,70,5,0,0,0,10141,288,9853,9789,8769,988,14,15,1,2,64,63,1,0,0,0,5598,4584,1014
Kane County,IL,50,2,3,17,89,1346943286,10730649,515269,182047,41.9395938,-88.4280395,515269,501763,384548,29422,2887,17895,193,66818,13506,12938,2910,1352,2272,68,4591,184,121,18,549,53,2,240,58,453,67,523,34,10,1,515269,158390,356879,350618,304051,27819,591,17505,130,522,6261,5953,280,18,10,0,366079,359898,284117,19326,1832,12778,144,41701,6181,5948,207,15,10,1,366079,97029,269050,266504,234567,18562,446,12581,99,249,2546,2413,118,5,10,0,182047,170479,11568
Kankakee County,IL,50,2,3,17,91,1752271023,12452094,113449,45246,41.1394937,-87.8611252,113449,111047,87986,17187,286,1052,34,4502,2402,2241,995,386,207,16,411,55,25,6,79,5,1,18,7,25,5,148,11,2,0,113449,10167,103282,101568,83218,16998,187,1030,32,103,1714,1606,100,6,2,0,84695,83710,68316,11651,197,754,24,2768,985,906,71,6,2,0,84695,5996,78699,77995,65484,11561,137,740,24,49,704,642,57,3,2,0,45246,41511,3735
Kendall County,IL,50,2,3,17,93,829664827,5140545,114736,40321,41.5881403,-88.4306257,114736,112060,95891,6585,316,3467,33,5768,2676,2515,710,253,685,16,617,39,47,1,48,12,2,10,13,62,0,145,14,2,0,114736,17898,96838,95150,85156,6343,129,3403,28,91,1688,1595,84,7,2,0,78670,77672,67321,4154,201,2407,19,3570,998,937,57,4,0,0,78670,10341,68329,67725,61169,4045,91,2368,16,36,604,561,39,4,0,0,40321,38022,2299
Knox County,IL,50,2,3,17,95,1855453788,8849496,52919,24077,40.9309412,-90.2137611,52919,51613,46329,3810,104,338,9,1023,1306,1245,692,222,91,9,165,19,8,2,28,1,0,3,3,2,0,56,2,3,0,52919,2558,50361,49330,45132,3741,75,331,7,44,1031,996,31,1,3,0,42039,41509,37439,2907,83,277,8,795,530,501,24,2,3,0,42039,1692,40347,39921,36694,2870,59,271,7,20,426,406,16,1,3,0,24077,21535,2542
Lake County,IL,50,2,3,17,97,1149099822,2395243697,703462,260310,42.3264435,-87.4361178,703462,685176,528204,49033,3279,44358,294,60008,18286,17245,3504,1816,4521,199,4594,304,324,51,591,92,2,290,215,638,104,961,73,7,0,703462,139987,563475,552477,458701,46989,1058,43954,228,1547,10998,10380,572,41,5,0,510790,502048,395948,33747,2128,32098,228,37899,8742,8239,462,36,5,0,510790,86487,424303,419308,352835,32698,796,31854,186,939,4995,4689,283,18,5,0,260310,241712,18598
LaSalle County,IL,50,2,3,17,99,2939957539,33700941,113924,49978,41.3433407,-88.8859312,113924,112278,106187,2186,289,762,16,2838,1646,1561,513,366,216,19,385,9,8,1,13,3,1,6,2,16,3,81,4,0,0,113924,9135,104789,103661,100545,2104,200,755,13,44,1128,1072,54,2,0,0,87706,86950,82635,1711,195,568,15,1826,756,721,32,3,0,0,87706,5461,82245,81730,79317,1675,139,565,13,21,515,487,26,2,0,0,49978,45347,4631
Lawrence County,IL,50,2,3,17,101,963936870,5077778,16833,6936,38.7189542,-87.7302207,16833,16662,14696,1608,38,38,2,280,171,154,69,38,8,1,33,0,0,0,0,0,1,1,0,3,0,16,1,0,0,16833,553,16280,16151,14491,1583,30,38,1,8,129,112,16,1,0,0,13626,13532,11621,1585,32,32,2,260,94,82,11,1,0,0,13626,491,13135,13066,11442,1562,24,32,1,5,69,57,11,1,0,0,6936,6130,806
Lee County,IL,50,2,3,17,103,1877472815,10506478,36031,15049,41.7474419,-89.2993505,36031,35503,32745,1735,74,246,10,693,528,495,169,123,64,3,112,2,5,0,7,0,0,5,0,4,1,33,0,0,0,36031,1802,34229,33859,31824,1709,51,244,6,25,370,355,15,0,0,0,28297,28072,25724,1563,63,183,8,531,225,211,14,0,0,0,28297,1203,27094,26926,25140,1548,44,181,4,9,168,157,11,0,0,0,15049,13758,1291
Livingston County,IL,50,2,3,17,105,2704686611,4252873,38950,15895,40.8943761,-88.5528518,38950,38452,35752,1915,67,199,1,518,498,466,175,105,53,6,101,3,5,1,8,0,1,1,3,3,1,31,1,0,0,38950,1532,37418,37068,34903,1887,51,197,1,29,350,329,21,0,0,0,30192,29992,27664,1776,52,159,1,340,200,189,11,0,0,0,30192,977,29215,29069,27098,1763,39,157,1,11,146,137,9,0,0,0,15895,14613,1282
Logan County,IL,50,2,3,17,107,1600764560,2247126,30305,12107,40.1290697,-89.3653078,30305,29913,27008,2285,60,184,5,371,392,375,154,87,61,4,43,5,5,1,3,1,0,3,6,2,0,17,0,0,0,30305,893,29412,29084,26586,2243,54,184,5,12,328,317,11,0,0,0,24243,24075,21359,2187,46,139,4,340,168,159,9,0,0,0,24243,704,23539,23398,21060,2146,41,139,4,8,141,137,4,0,0,0,12107,11070,1037
McDonough County,IL,50,2,3,17,109,1526558259,2012556,32612,14419,40.455789,-90.6775788,32612,32012,29476,1642,75,580,2,237,600,566,194,142,130,7,55,11,9,3,5,0,0,2,3,3,2,33,1,0,0,32612,867,31745,31226,28979,1594,52,572,2,27,519,489,29,1,0,0,27369,26984,24880,1354,61,482,1,206,385,366,18,1,0,0,27369,692,26677,26340,24482,1323,45,474,1,15,337,322,14,1,0,0,14419,13057,1362
McHenry County,IL,50,2,3,17,111,1562206475,19791771,308760,116040,42.3242982,-88.452245,308760,303560,278257,3283,939,7807,80,13194,5200,4925,979,879,1375,60,1230,43,46,2,52,18,0,48,40,134,19,260,12,3,0,308760,35249,273511,270074,258584,3045,455,7712,68,210,3437,3252,175,10,0,0,224585,222386,205735,2105,613,5499,63,8371,2199,2088,101,7,3,0,224585,21190,203395,201975,194081,1983,320,5434,53,104,1420,1354,60,6,0,0,116040,109199,6841
McLean County,IL,50,2,3,17,113,3064933852,7490543,169572,69656,40.4945594,-88.8445391,169572,165634,142940,12426,383,7227,55,2603,3938,3701,1750,506,732,32,327,77,39,5,61,24,1,8,15,116,8,221,13,2,1,169572,7434,162138,158802,138835,12246,290,7180,48,203,3336,3176,151,8,0,1,131160,129462,113714,8477,265,5283,40,1683,1698,1574,113,8,2,1,131160,4667,126493,125063,111096,8384,200,5253,37,93,1430,1339,84,6,0,1,69656,65104,4552
Macon County,IL,50,2,3,17,115,1503976676,13406333,110768,50475,39.8602372,-88.9615288,110768,108014,87855,18027,226,1118,32,756,2754,2601,1660,364,207,25,142,82,20,4,42,0,4,2,33,15,1,139,11,3,0,110768,2072,108696,106215,86822,17916,199,1107,26,145,2481,2361,111,7,2,0,85484,84508,70646,12352,169,838,28,475,976,895,74,5,2,0,85484,1275,84209,83345,69983,12290,152,830,24,66,864,796,63,4,1,0,50475,45855,4620
Macoupin County,IL,50,2,3,17,117,2234917323,12287254,47765,21584,39.2659,-89.9263435,47765,47339,46596,359,126,129,11,118,426,406,122,189,62,4,20,7,0,0,1,0,0,0,1,0,0,20,0,0,0,47765,418,47347,46953,46315,359,110,129,8,32,394,379,15,0,0,0,36990,36738,36235,239,102,90,9,63,252,241,11,0,0,0,36990,258,36732,36493,36056,239,90,90,8,10,239,229,10,0,0,0,21584,19381,2203
Madison County,IL,50,2,3,17,119,1853347576,64697196,269282,117106,38.8270818,-89.9001954,269282,264323,237641,21235,659,2254,107,2427,4959,4651,2071,990,740,70,430,118,53,10,65,19,2,19,20,36,8,287,19,2,0,269282,7313,261969,257646,233515,21066,556,2211,92,206,4323,4056,255,10,2,0,208036,205908,187373,14719,529,1716,72,1499,2128,1992,126,9,1,0,208036,4586,203450,201608,184699,14617,456,1682,63,91,1842,1729,107,5,1,0,117106,108094,9012
Marion County,IL,50,2,3,17,121,1482413602,9512893,39437,18296,38.6483956,-88.9202214,39437,38811,36734,1557,122,224,9,165,626,604,360,107,46,14,54,11,3,1,6,0,0,0,1,0,1,22,0,0,0,39437,542,38895,38341,36456,1536,105,224,9,11,554,534,20,0,0,0,30199,29984,28571,1032,95,163,7,116,215,206,9,0,0,0,30199,321,29878,29680,28398,1022,85,163,7,5,198,190,8,0,0,0,18296,16148,2148
Marshall County,IL,50,2,3,17,123,1001778707,30368289,12640,5914,41.0311192,-89.3423714,12640,12521,12271,44,22,45,2,137,119,114,21,35,25,5,27,0,1,0,0,0,0,0,0,0,0,5,0,0,0,12640,314,12326,12237,12128,44,17,43,2,3,89,84,5,0,0,0,9898,9836,9693,24,16,32,2,69,62,60,2,0,0,0,9898,160,9738,9690,9620,24,12,30,2,2,48,46,2,0,0,0,5914,5161,753
Mason County,IL,50,2,3,17,125,1396619128,62745254,14666,7077,40.2369926,-89.9135746,14666,14531,14382,54,36,40,0,19,135,135,40,60,20,1,9,2,0,0,0,1,0,0,1,0,1,0,0,0,0,14666,117,14549,14423,14296,53,31,40,0,3,126,126,0,0,0,0,11439,11363,11253,41,27,26,0,16,76,76,0,0,0,0,11439,77,11362,11291,11198,40,24,26,0,3,71,71,0,0,0,0,7077,6079,998
Massac County,IL,50,2,3,17,127,614390561,11904547,15429,7113,37.216119,-88.7056578,15429,15113,14033,904,62,42,0,72,316,294,172,60,22,1,29,2,1,0,3,0,0,0,2,1,1,20,1,1,0,15429,290,15139,14863,13860,891,59,41,0,12,276,257,17,1,1,0,11911,11798,10986,692,51,37,0,32,113,103,10,0,0,0,11911,147,11764,11669,10895,686,51,36,0,1,95,86,9,0,0,0,7113,6362,751
Menard County,IL,50,2,3,17,129,814388302,2641608,12705,5654,40.0225693,-89.7941326,12705,12569,12383,76,32,30,2,46,136,126,37,61,18,0,4,0,0,0,0,0,0,0,1,5,0,10,0,0,0,12705,121,12584,12455,12320,74,27,29,1,4,129,119,10,0,0,0,9704,9638,9522,43,23,19,1,30,66,63,3,0,0,0,9704,70,9634,9570,9484,41,23,18,0,4,64,61,3,0,0,0,5654,5140,514
Mercer County,IL,50,2,3,17,131,1453506907,19403406,16434,7358,41.2047906,-90.7414333,16434,16312,16153,47,17,52,1,42,122,121,38,41,17,3,18,1,0,0,1,0,0,0,1,0,1,1,0,0,0,16434,307,16127,16031,15912,46,15,51,1,6,96,95,1,0,0,0,12714,12653,12545,34,14,34,1,25,61,60,1,0,0,0,12714,165,12549,12497,12416,33,12,33,1,2,52,51,1,0,0,0,7358,6734,624
Monroe County,IL,50,2,3,17,133,997173442,33734465,32957,13392,38.2779831,-90.1790777,32957,32685,32287,69,67,144,7,111,272,264,49,109,65,3,33,0,0,0,0,2,0,0,1,2,0,7,1,0,0,32957,450,32507,32268,31991,64,57,142,6,8,239,231,7,1,0,0,24886,24741,24485,40,47,98,3,68,145,141,4,0,0,0,24886,275,24611,24479,24304,35,39,96,3,2,132,128,4,0,0,0,13392,12589,803
Montgomery County,IL,50,2,3,17,135,1822539599,15512968,30104,13080,39.2280917,-89.4780068,30104,29898,28632,952,47,111,11,145,206,199,76,66,28,10,17,0,0,1,0,0,0,0,0,1,0,7,0,0,0,30104,459,29645,29460,28334,949,45,111,11,10,185,178,7,0,0,0,23718,23622,22514,882,43,86,5,92,96,94,2,0,0,0,23718,325,23393,23313,22296,881,41,86,5,4,80,78,2,0,0,0,13080,11652,1428
Morgan County,IL,50,2,3,17,137,1473161231,9079454,35547,15515,39.716806,-90.2022771,35547,34969,32321,2122,78,168,7,273,578,541,357,80,46,4,30,8,0,0,9,0,0,0,4,2,1,36,1,0,0,35547,712,34835,34319,31937,2104,67,163,6,42,516,487,29,0,0,0,27960,27733,25729,1616,55,128,6,199,227,208,18,1,0,0,27960,481,27479,27277,25482,1606,47,124,5,13,202,188,14,0,0,0,15515,14104,1411
Moultrie County,IL,50,2,3,17,139,870088946,22102477,14846,6260,39.6368956,-88.6257259,14846,14756,14622,41,28,31,0,34,90,90,34,37,11,0,3,0,0,0,2,0,0,1,1,1,0,0,0,0,0,14846,129,14717,14634,14524,40,28,29,0,13,83,83,0,0,0,0,11145,11102,11021,22,21,22,0,16,43,43,0,0,0,0,11145,70,11075,11034,10969,22,21,20,0,2,41,41,0,0,0,0,6260,5758,502
Ogle County,IL,50,2,3,17,141,1964698351,11425054,53497,22561,42.041884,-89.3201764,53497,52740,49867,483,111,250,14,2015,757,725,237,160,90,11,198,1,3,1,4,0,0,3,1,16,0,29,3,0,0,53497,4741,48756,48249,47425,468,91,241,5,19,507,486,18,3,0,0,40253,39945,38151,276,89,171,8,1250,308,296,10,2,0,0,40253,2770,37483,37284,36763,270,73,164,3,11,199,191,6,2,0,0,22561,20856,1705
Peoria County,IL,50,2,3,17,143,1603744994,29499157,186494,83034,40.7859987,-89.7673577,186494,181230,138800,33030,526,5856,62,2956,5264,4941,2829,532,628,53,392,165,53,10,137,22,1,22,26,62,9,294,25,4,0,186494,7102,179392,174905,135620,32720,373,5819,59,314,4487,4250,212,21,4,0,141601,139652,111520,21438,414,4405,46,1829,1949,1815,126,7,1,0,141601,4411,137190,135568,109424,21299,299,4381,44,121,1622,1520,96,5,1,0,83034,75793,7241
Perry County,IL,50,2,3,17,145,1144154902,13447403,22350,9426,38.0843845,-89.3684869,22350,22037,19656,1866,55,87,8,365,313,304,176,68,24,2,15,4,1,10,2,2,0,0,0,0,0,8,1,0,0,22350,599,21751,21473,19463,1856,43,87,8,16,278,272,6,0,0,0,17717,17600,15428,1713,39,67,7,346,117,109,7,1,0,0,17717,487,17230,17128,15310,1709,31,67,7,4,102,97,5,0,0,0,9426,8335,1091
Piatt County,IL,50,2,3,17,147,1137528578,672948,16729,7269,40.0090561,-88.5923282,16729,16572,16393,58,29,51,6,35,157,152,39,50,32,7,14,1,4,0,0,0,0,2,0,3,0,4,1,0,0,16729,167,16562,16427,16276,56,28,49,6,12,135,131,3,1,0,0,12722,12653,12541,32,22,36,4,18,69,65,3,1,0,0,12722,97,12625,12565,12470,30,22,35,4,4,60,56,3,1,0,0,7269,6782,487
Pike County,IL,50,2,3,17,149,2153268105,45333457,16430,7951,39.6251059,-90.8890344,16430,16314,15928,275,28,38,7,38,116,114,30,66,6,5,6,0,0,0,1,0,0,0,0,0,0,2,0,0,0,16430,172,16258,16146,15802,274,24,38,4,4,112,110,2,0,0,0,12718,12654,12312,260,23,29,5,25,64,63,1,0,0,0,12718,112,12606,12542,12228,259,21,29,3,2,64,63,1,0,0,0,7951,6639,1312
Pope County,IL,50,2,3,17,151,955110060,14328668,4470,2491,37.4171687,-88.5423737,4470,4431,4098,269,29,11,1,23,39,37,18,12,4,1,0,0,0,0,2,0,0,0,0,0,0,2,0,0,0,4470,64,4406,4367,4055,269,28,11,1,3,39,37,2,0,0,0,3656,3638,3363,222,24,11,1,17,18,18,0,0,0,0,3656,49,3607,3589,3332,222,23,11,1,0,18,18,0,0,0,0,2491,1829,662
Pulaski County,IL,50,2,3,17,153,515886434,10474968,6161,3155,37.2156152,-89.1277549,6161,6042,3965,1994,26,13,3,41,119,100,47,24,11,0,5,4,0,1,8,0,0,0,0,0,0,17,2,0,0,6161,97,6064,5968,3937,1976,25,13,3,14,96,77,17,2,0,0,4756,4700,3189,1473,14,9,2,13,56,44,11,1,0,0,4756,55,4701,4659,3168,1463,13,9,2,4,42,30,11,1,0,0,3155,2642,513
Putnam County,IL,50,2,3,17,155,414813807,31243045,6006,3074,41.1989402,-89.2983864,6006,5937,5803,32,6,13,1,82,69,66,16,13,10,7,16,1,0,2,0,0,0,0,1,0,0,3,0,0,0,6006,252,5754,5705,5654,31,5,13,1,1,49,48,1,0,0,0,4727,4701,4620,16,5,11,1,48,26,25,1,0,0,0,4727,155,4572,4553,4521,16,4,11,1,0,19,19,0,0,0,0,3074,2509,565
Randolph County,IL,50,2,3,17,157,1490537612,56215661,33476,13707,38.0565149,-89.8212096,33476,33165,29318,3263,62,104,15,403,311,290,111,98,30,5,33,5,2,1,4,0,0,0,0,1,0,21,0,0,0,33476,867,32609,32347,28933,3245,43,102,9,15,262,245,17,0,0,0,26845,26688,23288,2912,49,82,9,348,157,145,12,0,0,0,26845,699,26146,26011,22988,2898,37,81,5,2,135,125,10,0,0,0,13707,12314,1393
Richland County,IL,50,2,3,17,159,932370871,4937078,16233,7513,38.7115503,-88.0856978,16233,16082,15795,78,25,119,1,64,151,143,46,48,25,3,16,0,0,1,0,0,2,0,2,0,0,8,0,0,0,16233,205,16028,15898,15673,78,25,117,1,4,130,122,8,0,0,0,12625,12542,12332,46,21,96,1,46,83,79,4,0,0,0,12625,110,12515,12443,12280,46,21,94,1,1,72,68,4,0,0,0,7513,6726,787
Rock Island County,IL,50,2,3,17,161,1107573369,61257184,147546,65756,41.4684044,-90.5722031,147546,143088,120382,13289,395,2419,48,6555,4458,4209,1831,536,400,38,762,107,21,6,141,33,5,271,15,41,2,228,16,5,0,147546,17118,130428,127520,111764,12911,283,2383,44,135,2908,2747,149,7,5,0,114359,112416,97061,9041,310,1767,37,4200,1943,1849,85,6,3,0,114359,10469,103890,102643,91671,8889,237,1745,34,67,1247,1174,67,3,3,0,65756,61303,4453
St. Clair County,IL,50,2,3,17,163,1703588508,42149850,270056,116249,38.4701976,-89.9285459,270056,264048,174458,82302,652,3276,227,3133,6008,5527,2242,794,1185,95,375,260,211,51,154,21,8,20,43,57,11,435,36,10,0,270056,8785,261271,256044,169858,81860,539,3213,213,361,5227,4817,372,29,9,0,201468,198803,136985,56635,517,2605,169,1892,2665,2435,207,15,8,0,201468,5494,195974,193667,133997,56374,438,2563,157,138,2307,2102,183,14,8,0,116249,105045,11204
Saline County,IL,50,2,3,17,165,983725654,18029169,24913,11697,37.7516531,-88.545031,24913,24476,23178,995,88,101,17,97,437,407,197,124,31,4,19,12,0,0,13,2,1,2,2,0,0,26,3,1,0,24913,340,24573,24188,23011,974,84,100,9,10,385,359,23,3,0,0,19209,19004,18157,635,73,72,11,56,205,186,17,2,0,0,19209,191,19018,18831,18053,628,71,71,5,3,187,170,15,2,0,0,11697,10379,1318
Sangamon County,IL,50,2,3,17,167,2248892510,22577397,197465,89901,39.7563782,-89.662311,197465,193146,165103,23335,394,3220,47,1047,4319,4014,2296,600,538,45,190,146,49,10,67,9,3,10,12,39,0,284,16,5,0,197465,3480,193985,190026,162987,23146,343,3198,44,308,3959,3705,236,16,2,0,150649,148985,130394,15149,319,2471,34,618,1664,1505,145,9,5,0,150649,2205,148444,146938,129017,15046,281,2455,32,107,1506,1372,123,9,2,0,89901,82986,6915
Schuyler County,IL,50,2,3,17,169,1132531106,10511606,7544,3459,40.1569048,-90.6134641,7544,7505,7205,243,12,9,0,36,39,32,3,16,2,2,6,0,0,0,2,0,0,0,0,1,0,7,0,0,0,7544,90,7454,7426,7163,240,12,9,0,2,28,23,5,0,0,0,5964,5940,5682,211,11,8,0,28,24,22,2,0,0,0,5964,57,5907,5888,5658,209,11,8,0,2,19,17,2,0,0,0,3459,3040,419
Scott County,IL,50,2,3,17,171,649861251,4812703,5355,2459,39.6369795,-90.4777593,5355,5315,5279,9,9,12,0,6,40,40,10,18,4,3,2,0,0,0,0,3,0,0,0,0,0,0,0,0,0,5355,43,5312,5274,5246,5,9,12,0,2,38,38,0,0,0,0,4083,4064,4044,5,5,8,0,2,19,19,0,0,0,0,4083,28,4055,4038,4021,4,5,8,0,0,17,17,0,0,0,0,2459,2214,245
Shelby County,IL,50,2,3,17,173,1964565410,24725624,22363,10396,39.3849258,-88.7988615,22363,22237,22045,50,43,56,5,38,126,121,29,61,12,1,15,0,0,1,0,1,0,1,0,0,0,5,0,0,0,22363,180,22183,22074,21922,48,39,56,5,4,109,104,5,0,0,0,17311,17237,17103,26,35,44,4,25,74,69,5,0,0,0,17311,102,17209,17143,17036,25,32,44,4,2,66,61,5,0,0,0,10396,9216,1180
Stark County,IL,50,2,3,17,175,746121703,708705,5994,2674,41.0969077,-89.7974111,5994,5932,5855,28,10,19,0,20,62,59,16,15,12,2,12,1,1,0,0,0,0,0,0,0,0,3,0,0,0,5994,59,5935,5883,5826,28,9,19,0,1,52,49,3,0,0,0,4583,4556,4511,14,7,13,0,11,27,26,1,0,0,0,4583,33,4550,4527,4494,14,6,13,0,0,23,22,1,0,0,0,2674,2425,249
Stephenson County,IL,50,2,3,17,177,1462107736,1385932,47711,22081,42.3497262,-89.6659942,47711,46512,41291,4275,85,297,14,550,1199,1143,716,163,96,11,94,13,14,3,21,1,0,3,2,3,3,54,2,0,0,47711,1406,46305,45258,40612,4226,68,295,13,44,1047,1003,42,2,0,0,36900,36539,33039,2883,64,225,7,321,361,343,17,1,0,0,36900,795,36105,35790,32629,2863,54,224,7,13,315,298,16,1,0,0,22081,19845,2236
Tazewell County,IL,50,2,3,17,179,1680835450,23211163,135394,57516,40.5080739,-89.5162597,135394,133673,130225,1374,365,999,33,677,1721,1635,521,511,308,34,196,6,4,0,15,7,2,1,10,16,4,77,6,3,0,135394,2514,132880,131425,128625,1351,307,990,30,122,1455,1391,59,4,1,0,103558,102745,100255,1036,276,691,20,467,813,775,30,5,3,0,103558,1599,101959,101268,99252,1019,240,685,20,52,691,663,24,3,1,0,57516,54146,3370
Union County,IL,50,2,3,17,181,1070854490,22503527,17808,7924,37.4751042,-89.2528747,17808,17541,16880,156,97,54,6,348,267,246,84,90,27,2,29,5,3,0,1,0,0,1,4,0,0,13,7,1,0,17808,863,16945,16729,16454,151,59,52,5,8,216,200,13,3,0,0,13980,13841,13379,133,72,38,4,215,139,123,8,7,1,0,13980,498,13482,13359,13142,129,44,36,4,4,123,112,8,3,0,0,7924,7167,757
Vermilion County,IL,50,2,3,17,183,2326763569,7534481,81625,36318,40.1867398,-87.7267715,81625,79855,67323,10571,191,564,17,1189,1770,1680,870,324,115,13,217,49,15,0,53,5,0,1,8,9,1,84,3,2,1,81625,3441,78184,76745,65590,10394,138,559,12,52,1439,1379,57,2,1,0,61697,60999,52683,6979,134,461,12,730,698,666,28,3,1,0,61697,1988,59709,59137,51647,6903,102,458,9,18,572,548,21,2,1,0,36318,32655,3663
Wabash County,IL,50,2,3,17,185,578218989,11017614,11947,5585,38.4458209,-87.8391674,11947,11811,11576,77,21,70,5,62,136,134,37,55,16,2,9,8,0,0,2,2,2,0,1,0,0,2,0,0,0,11947,158,11789,11666,11498,73,17,63,5,10,123,122,1,0,0,0,9299,9223,9057,49,17,56,4,40,76,76,0,0,0,0,9299,92,9207,9134,9014,46,14,51,4,5,73,73,0,0,0,0,5585,5012,573
Warren County,IL,50,2,3,17,187,1404823508,1674135,17707,7682,40.8504412,-90.6202228,17707,17421,16165,303,42,94,13,804,286,282,115,59,21,4,69,10,0,0,2,0,0,0,0,1,1,4,0,0,0,17707,1490,16217,16012,15582,287,32,93,9,9,205,202,3,0,0,0,13788,13663,12856,212,26,78,8,483,125,124,1,0,0,0,13788,883,12905,12815,12505,204,20,77,6,3,90,89,1,0,0,0,7682,6918,764
Washington County,IL,50,2,3,17,189,1457055371,3454799,14716,6534,38.3531405,-89.4171873,14716,14602,14376,101,18,42,4,61,114,114,43,37,20,0,12,0,0,0,0,0,0,0,1,1,0,0,0,0,0,14716,197,14519,14415,14260,94,13,41,4,3,104,104,0,0,0,0,11458,11412,11281,49,14,24,3,41,46,46,0,0,0,0,11458,121,11337,11294,11207,48,11,23,3,2,43,43,0,0,0,0,6534,5926,608
Wayne County,IL,50,2,3,17,191,1848769796,4331019,16760,7975,38.4319482,-88.4321291,16760,16634,16427,42,35,71,1,58,126,124,20,57,22,1,18,1,0,0,0,0,0,3,1,1,0,2,0,0,0,16760,176,16584,16479,16340,40,26,70,1,2,105,103,2,0,0,0,12980,12909,12787,21,23,44,1,33,71,70,1,0,0,0,12980,106,12874,12812,12728,19,21,43,1,0,62,61,1,0,0,0,7975,7102,873
White County,IL,50,2,3,17,193,1281438823,18375223,14665,7181,38.087372,-88.1785848,14665,14560,14393,56,47,31,6,27,105,104,20,48,16,4,11,0,2,0,1,1,0,1,0,0,0,1,0,0,0,14665,158,14507,14423,14308,37,40,31,5,2,84,84,0,0,0,0,11600,11543,11413,48,38,24,5,15,57,57,0,0,0,0,11600,101,11499,11455,11361,29,34,24,5,2,44,44,0,0,0,0,7181,6313,868
Whiteside County,IL,50,2,3,17,195,1772198878,31796457,58498,25770,41.7505708,-89.9109567,58498,57203,53923,781,170,276,9,2044,1295,1238,399,221,86,14,416,21,4,0,48,5,0,10,4,8,2,51,2,4,0,58498,6455,52043,51364,50263,705,90,269,2,35,679,654,21,0,4,0,44758,44216,42050,498,128,210,5,1325,542,527,11,1,3,0,44758,3887,40871,40594,39818,475,74,208,2,17,277,267,7,0,3,0,25770,23740,2030
Will County,IL,50,2,3,17,197,2167580722,31904495,677560,237501,41.4484742,-87.9784564,677560,662104,514664,75743,1703,30833,136,39025,15456,14620,3782,1754,3150,94,3734,288,276,30,495,88,1,154,87,617,70,771,53,8,4,677560,105817,571743,562123,455577,74419,814,30458,104,751,9620,9055,528,34,3,0,480606,473968,375325,51714,1107,21301,103,24418,6638,6255,348,29,4,2,480606,63750,416856,412874,339649,51078,593,21108,81,365,3982,3714,247,19,2,0,237501,225256,12245
Williamson County,IL,50,2,3,17,199,1088181449,62684233,66357,30359,37.7303533,-88.9300182,66357,65259,61542,2540,246,561,8,362,1098,1038,466,291,133,20,80,13,4,2,13,0,0,1,0,14,1,55,3,2,0,66357,1301,65056,64060,60719,2514,206,557,8,56,996,942,51,1,2,0,51665,51196,48489,1835,199,420,7,246,469,442,22,3,2,0,51665,830,50835,50411,47973,1824,173,416,7,18,424,399,22,1,2,0,30359,27421,2938
Winnebago County,IL,50,2,3,17,201,1329601795,15250394,295266,125965,42.3373957,-89.1612053,295266,286943,228652,36108,963,6810,71,14339,8323,7858,3281,1201,1056,71,1452,188,123,9,242,28,1,44,36,102,24,418,35,12,0,295266,32177,263089,257219,214196,35358,563,6722,61,319,5870,5581,264,24,1,0,221686,218291,180046,23962,671,4901,54,8657,3395,3193,180,13,9,0,221686,18835,202851,200496,171436,23612,419,4855,48,126,2355,2217,129,8,1,0,125965,115501,10464
Woodford County,IL,50,2,3,17,203,1366993724,38442098,38664,15145,40.7895956,-89.2103006,38664,38241,37643,187,74,213,5,119,423,410,131,128,77,6,60,3,1,0,1,0,1,1,1,0,0,10,2,1,0,38664,527,38137,37771,37294,186,65,208,5,13,366,353,10,2,1,0,28674,28499,28119,100,56,138,5,81,175,170,4,0,1,0,28674,270,28404,28246,27948,99,52,137,5,5,158,153,4,0,1,0,15145,14276,869
Adams County,IN,50,2,3,18,1,878079128,2430463,34387,13014,40.7457327,-84.9361305,34387,34086,33349,107,71,78,7,474,301,288,69,79,35,6,91,0,0,0,4,0,0,2,1,1,0,13,0,0,0,34387,1412,32975,32783,32521,102,60,78,7,15,192,182,10,0,0,0,23673,23552,23090,52,52,47,6,305,121,118,3,0,0,0,23673,813,22860,22774,22621,50,43,47,6,7,86,84,2,0,0,0,13014,12011,1003
Allen County,IN,50,2,3,18,3,1702419942,7028819,355329,152184,41.0918553,-85.0722302,355329,344882,281653,41618,1246,9721,189,10455,10447,9755,4771,1283,1185,104,1415,253,123,25,304,39,1,65,29,128,30,636,49,7,0,355329,23093,332236,324161,271789,40998,987,9611,119,657,8075,7586,452,37,0,0,259371,255293,213838,27751,926,6338,138,6302,4078,3795,253,27,3,0,259371,13312,246059,242899,208062,27482,752,6275,97,231,3160,2946,195,19,0,0,152184,137851,14333
Bartholomew County,IN,50,2,3,18,5,1053886348,6778454,76794,33098,39.205843,-85.8979988,76794,75582,68824,1420,209,2632,48,2449,1212,1143,441,258,130,48,183,8,10,3,18,7,0,3,4,29,1,65,4,0,0,76794,4762,72032,71080,66817,1360,145,2622,37,99,952,901,48,3,0,0,57434,56903,52249,1026,148,1951,34,1495,531,495,35,1,0,0,57434,2846,54588,54172,51066,994,109,1947,24,32,416,390,25,1,0,0,33098,29860,3238
Benton County,IN,50,2,3,18,7,1052616479,236035,8854,3937,40.6082528,-87.3154792,8854,8753,8489,42,11,15,3,193,101,99,30,24,7,0,34,1,0,0,3,0,0,0,0,0,0,2,0,0,0,8854,431,8423,8365,8298,36,11,15,3,2,58,56,2,0,0,0,6570,6520,6372,25,7,6,3,107,50,48,2,0,0,0,6570,233,6337,6306,6267,23,7,6,3,0,31,29,2,0,0,0,3937,3479,458
Blackford County,IN,50,2,3,18,9,427554649,1303587,12766,6051,40.4726717,-85.3237297,12766,12605,12470,49,22,19,4,41,161,155,43,71,19,6,14,1,0,0,0,0,1,0,0,0,0,6,0,0,0,12766,117,12649,12505,12403,48,22,19,4,9,144,140,4,0,0,0,9852,9769,9677,37,18,15,2,20,83,78,5,0,0,0,9852,67,9785,9707,9634,36,18,15,2,2,78,75,3,0,0,0,6051,5236,815
Boone County,IN,50,2,3,18,11,1095338966,878039,56640,22754,40.0508916,-86.4690137,56640,55875,53953,495,103,942,11,371,765,724,208,171,230,8,74,1,2,0,6,5,1,0,2,15,1,38,3,0,0,56640,1270,55370,54712,53151,484,91,941,10,35,658,623,32,3,0,0,40723,40422,39148,341,68,633,9,223,301,281,20,0,0,0,40723,704,40019,39758,38707,336,61,632,9,13,261,244,17,0,0,0,22754,21149,1605
Brown County,IN,50,2,3,18,13,808026819,12043068,15242,8285,39.1925851,-86.2394102,15242,15069,14874,53,50,44,1,47,173,168,30,95,29,2,10,2,0,0,0,0,0,0,0,0,0,5,0,0,0,15242,178,15064,14918,14761,53,47,44,1,12,146,141,5,0,0,0,12070,11975,11845,31,41,29,0,29,95,91,4,0,0,0,12070,114,11956,11871,11766,31,38,29,0,7,85,81,4,0,0,0,8285,6199,2086
Carroll County,IN,50,2,3,18,15,964055949,7237884,20155,9472,40.5849801,-86.5651412,20155,19957,19500,48,38,21,1,349,198,192,59,65,26,4,27,0,0,0,3,0,0,5,2,1,0,6,0,0,0,20155,711,19444,19297,19188,42,33,20,1,13,147,145,2,0,0,0,15198,15105,14832,30,27,18,1,197,93,88,5,0,0,0,15198,421,14777,14708,14636,26,23,17,1,5,69,67,2,0,0,0,9472,7900,1572
Cass County,IN,50,2,3,18,17,1067475860,6974441,38966,16474,40.7537986,-86.3551685,38966,38356,34385,578,199,419,30,2745,610,589,178,129,42,7,180,2,5,0,9,0,0,9,3,22,3,21,0,0,0,38966,4897,34069,33701,32624,519,100,407,3,48,368,355,13,0,0,0,28873,28585,26165,382,138,290,16,1594,288,280,8,0,0,0,28873,2807,26066,25898,25177,348,74,283,3,13,168,164,4,0,0,0,16474,14858,1616
Clark County,IN,50,2,3,18,19,965691140,9312549,110232,47776,38.4762174,-85.7111221,110232,107770,95961,7661,303,875,53,2917,2462,2323,1228,383,248,47,241,44,22,16,45,5,1,11,13,18,1,117,19,3,0,110232,5350,104882,102782,93887,7541,255,858,43,198,2100,1991,93,13,3,0,84123,83184,74900,5504,238,682,37,1823,939,879,56,3,1,0,84123,3268,80855,80034,73646,5427,203,673,30,55,821,771,46,3,1,0,47776,44248,3528
Clay County,IN,50,2,3,18,21,926029234,7198947,26890,11703,39.3939513,-87.1158369,26890,26653,26303,87,59,60,8,136,237,233,92,93,24,6,17,0,0,0,0,0,0,0,1,0,0,4,0,0,0,26890,307,26583,26366,26146,85,57,60,8,10,217,213,4,0,0,0,20449,20324,20087,69,46,38,6,78,125,122,3,0,0,0,20449,188,20261,20144,19985,67,44,38,6,4,117,114,3,0,0,0,11703,10447,1256
Clinton County,IN,50,2,3,18,23,1049126443,461117,33224,13321,40.305944,-86.4775665,33224,32803,30232,142,83,72,3,2271,421,396,72,94,30,4,168,1,0,0,2,0,0,12,1,8,4,17,0,8,0,33224,4395,28829,28624,28349,138,44,65,3,25,205,194,11,0,0,0,24375,24180,22697,84,55,53,3,1288,195,182,10,0,3,0,24375,2454,21921,21806,21633,82,33,47,3,8,115,111,4,0,0,0,13321,12105,1216
Crawford County,IN,50,2,3,18,25,791610951,7965600,10713,5520,38.2894327,-86.4408711,10713,10593,10438,24,43,20,9,59,120,120,22,59,16,3,18,0,0,1,0,0,0,1,0,0,0,0,0,0,0,10713,126,10587,10484,10390,21,40,20,9,4,103,103,0,0,0,0,8218,8154,8062,15,32,16,7,22,64,64,0,0,0,0,8218,56,8162,8105,8037,14,31,16,7,0,57,57,0,0,0,0,5520,4303,1217
Daviess County,IN,50,2,3,18,27,1112366267,19132567,31648,12471,38.6961554,-87.0769883,31648,31307,30077,172,71,161,8,818,341,335,126,57,28,9,93,0,2,0,8,0,0,11,0,0,1,5,1,0,0,31648,1314,30334,30105,29696,165,62,161,6,15,229,225,3,1,0,0,22528,22395,21604,118,52,120,7,494,133,131,2,0,0,0,22528,722,21806,21716,21424,115,45,120,5,7,90,88,2,0,0,0,12471,11329,1142
Dearborn County,IN,50,2,3,18,29,790033471,6168701,50047,20171,39.1514914,-84.9734596,50047,49557,48780,300,87,189,26,175,490,473,177,143,70,7,53,3,7,0,0,2,0,1,4,5,1,15,2,0,0,50047,502,49545,49117,48486,291,79,187,24,50,428,415,12,1,0,0,37532,37306,36745,222,74,148,21,96,226,213,11,2,0,0,37532,290,37242,37044,36575,216,69,147,19,18,198,189,8,1,0,0,20171,18743,1428
Decatur County,IN,50,2,3,18,31,964946111,1955486,25740,11209,39.3059799,-85.499831,25740,25515,25053,82,39,186,7,148,225,213,48,85,37,8,27,3,0,0,0,0,0,3,0,2,0,12,0,0,0,25740,426,25314,25118,24796,76,36,178,7,25,196,189,7,0,0,0,19180,19068,18735,59,32,141,3,98,112,106,6,0,0,0,19180,241,18939,18839,18597,54,31,138,3,16,100,97,3,0,0,0,11209,9977,1232
DeKalb County,IN,50,2,3,18,33,939710824,2657410,42223,17558,41.4011894,-85.0001854,42223,41736,40931,148,99,192,17,349,487,461,123,135,54,8,116,0,3,0,9,0,3,2,2,3,3,21,5,0,0,42223,1031,41192,40853,40406,141,84,186,17,19,339,324,15,0,0,0,31087,30898,30393,97,70,110,15,213,189,177,10,2,0,0,31087,554,30533,30392,30111,92,58,107,15,9,141,132,9,0,0,0,17558,15951,1607
Delaware County,IN,50,2,3,18,35,1015596276,9803976,117671,52357,40.2271653,-85.3988555,117671,115198,104872,8146,302,1144,60,674,2473,2313,1142,464,299,46,179,43,15,16,32,1,1,3,40,31,1,151,7,2,0,117671,2088,115583,113400,103721,8051,255,1128,56,189,2183,2064,111,6,2,0,94098,92967,85415,5905,233,950,49,415,1131,1047,76,6,2,0,94098,1324,92774,91771,84658,5858,201,939,47,68,1003,936,60,5,2,0,52357,46516,5841
Dubois County,IN,50,2,3,18,37,1106622334,20886790,41889,17384,38.3733441,-86.8733845,41889,41520,39839,122,66,189,11,1293,369,355,70,73,47,8,125,2,2,0,14,1,0,2,0,5,6,14,0,0,0,41889,2521,39368,39164,38791,109,51,189,5,19,204,198,6,0,0,0,31220,31057,30009,78,46,134,4,786,163,155,8,0,0,0,31220,1410,29810,29716,29464,68,37,134,2,11,94,89,5,0,0,0,17384,16133,1251
Elkhart County,IN,50,2,3,18,39,1199605640,12432308,197559,77767,41.6006928,-85.8639864,197559,192634,163792,11307,747,1915,81,14792,4925,4652,1982,773,481,46,977,72,45,5,123,8,4,44,13,59,20,252,17,4,0,197559,27886,169673,166200,152555,10989,434,1879,60,283,3473,3279,182,12,0,0,141384,139568,121720,7384,497,1384,55,8528,1816,1706,106,2,2,0,141384,15667,125717,124505,115465,7231,323,1363,43,80,1212,1130,80,2,0,0,77767,70244,7523
Fayette County,IN,50,2,3,18,41,556883990,384034,24277,10898,39.6396552,-85.1850315,24277,24041,23532,322,32,81,0,74,236,227,97,84,19,6,18,1,0,0,1,0,0,1,0,0,0,9,0,0,0,24277,223,24054,23834,23392,318,30,79,0,15,220,211,9,0,0,0,18459,18343,17974,249,25,62,0,33,116,110,6,0,0,0,18459,124,18335,18225,17892,245,23,61,0,4,110,104,6,0,0,0,10898,9719,1179
Floyd County,IN,50,2,3,18,43,383149241,2649232,74578,31968,38.3179365,-85.9114742,74578,73035,67408,3873,168,704,16,866,1543,1449,728,257,185,15,156,32,18,5,17,0,1,5,7,21,2,85,9,0,0,74578,1972,72606,71285,66505,3822,146,694,16,102,1321,1245,68,8,0,0,56647,56057,52289,2594,127,486,13,548,590,552,35,3,0,0,56647,1145,55502,54984,51777,2570,109,480,13,35,518,486,30,2,0,0,31968,29479,2489
Fountain County,IN,50,2,3,18,45,1024743543,5759793,17240,7865,40.1212817,-87.2348063,17240,17065,16802,28,54,35,1,145,175,169,36,75,29,1,24,1,0,0,0,0,0,1,1,0,1,6,0,0,0,17240,373,16867,16715,16598,26,48,35,1,7,152,147,5,0,0,0,13066,12979,12795,16,41,30,1,96,87,84,3,0,0,0,13066,228,12838,12759,12672,14,39,30,1,3,79,77,2,0,0,0,7865,6935,930
Franklin County,IN,50,2,3,18,47,995668709,17145544,23087,9538,39.4097621,-85.0669641,23087,22906,22703,37,34,55,2,75,181,173,34,86,19,6,21,2,1,0,0,1,0,0,3,0,0,7,1,0,0,23087,210,22877,22723,22600,34,27,55,2,5,154,148,5,1,0,0,17054,16962,16825,20,29,42,1,45,92,88,3,1,0,0,17054,110,16944,16857,16769,18,24,42,1,3,87,84,2,1,0,0,9538,8579,959
Fulton County,IN,50,2,3,18,49,954121481,7451397,20836,9708,41.0503837,-86.265006,20836,20607,19800,150,96,101,5,455,229,217,80,72,20,1,34,4,1,0,1,0,0,1,1,2,0,12,0,0,0,20836,882,19954,19769,19438,144,73,101,5,8,185,175,10,0,0,0,15673,15567,15027,114,70,72,4,280,106,101,5,0,0,0,15673,515,15158,15074,14830,111,57,72,4,0,84,80,4,0,0,0,9708,8237,1471
Gibson County,IN,50,2,3,18,51,1262582226,30247794,33503,14645,38.3174127,-87.5805656,33503,32972,31986,597,72,156,3,158,531,496,269,126,48,3,33,12,1,1,1,0,0,0,1,1,0,35,0,0,0,33503,441,33062,32588,31752,589,59,155,2,31,474,441,33,0,0,0,25358,25144,24445,449,52,107,3,88,214,199,15,0,0,0,25358,267,25091,24903,24297,444,45,106,2,9,188,174,14,0,0,0,14645,13255,1390
Grant County,IN,50,2,3,18,53,1072446955,2133494,70061,30443,40.5157575,-85.6549455,70061,68360,61811,4888,234,411,17,999,1701,1621,889,256,145,15,203,28,10,1,38,1,0,5,9,13,8,76,3,1,0,70061,2517,67544,66166,60633,4805,218,408,14,88,1378,1321,54,2,1,0,54892,54250,49662,3469,189,317,17,596,642,610,30,1,1,0,54892,1505,53387,52876,48922,3430,176,314,14,20,511,487,22,1,1,0,30443,27245,3198
Greene County,IN,50,2,3,18,55,1405055007,8864679,33165,15211,39.0486004,-87.0052452,33165,32879,32548,49,93,96,4,89,286,280,55,131,42,7,30,1,0,0,2,2,0,0,1,6,3,5,1,0,0,33165,322,32843,32593,32343,49,82,96,4,19,250,248,2,0,0,0,25282,25113,24892,29,73,66,3,50,169,166,3,0,0,0,25282,183,25099,24946,24776,29,65,66,3,7,153,151,2,0,0,0,15211,13487,1724
Hamilton County,IN,50,2,3,18,57,1021147705,21158963,274569,106772,40.0498703,-86.0205856,274569,269659,242985,9603,529,13175,97,3270,4910,4672,1415,516,1715,70,488,63,72,5,56,41,3,5,47,167,9,203,33,2,0,274569,9426,265143,260934,237317,9395,437,13122,72,591,4209,4011,175,23,0,0,191631,189842,172416,6302,360,8821,69,1874,1789,1695,86,7,1,0,191631,5525,186106,184593,169051,6202,311,8791,56,182,1513,1437,73,3,0,0,106772,99835,6937
Hancock County,IN,50,2,3,18,59,792577692,2613781,70002,28125,39.8226041,-85.7729036,70002,69131,66644,1452,154,558,20,303,871,842,259,249,196,5,77,16,8,0,3,3,0,8,3,14,1,25,4,0,0,70002,1216,68786,68040,65859,1420,136,554,14,57,746,727,16,3,0,0,51664,51287,49629,949,117,403,12,177,377,361,14,2,0,0,51664,725,50939,50613,49141,936,105,400,10,21,326,315,10,1,0,0,28125,26304,1821
Harrison County,IN,50,2,3,18,61,1254889451,5193188,39364,16534,38.1864398,-86.1036808,39364,38980,38341,178,88,155,11,207,384,361,96,140,61,17,34,2,0,2,2,1,0,2,3,1,0,23,0,0,0,39364,581,38783,38426,37984,167,84,153,9,29,357,336,21,0,0,0,30057,29867,29433,130,77,109,4,114,190,177,13,0,0,0,30057,322,29735,29556,29241,122,73,107,4,9,179,168,11,0,0,0,16534,15192,1342
Hendricks County,IN,50,2,3,18,63,1053895149,4833743,145448,55454,39.7687487,-86.5102865,145448,143125,131117,7084,293,3028,59,1544,2323,2194,810,346,524,48,232,21,40,8,29,15,4,13,17,81,6,119,5,5,0,145448,4379,141069,139107,128664,6988,231,2984,47,193,1962,1850,106,4,2,0,105540,104654,96420,4897,217,2126,42,952,886,820,60,2,4,0,105540,2621,102919,102181,94943,4849,184,2101,38,66,738,678,57,1,2,0,55454,52368,3086
Henry County,IN,50,2,3,18,65,1014954691,7655239,49462,21288,39.929576,-85.3973378,49462,48872,47351,1070,72,156,5,218,590,534,203,188,70,4,48,9,1,0,0,0,1,0,5,5,0,55,1,0,0,49462,691,48771,48253,46933,1064,63,154,5,34,518,474,44,0,0,0,38418,38132,36853,956,62,118,4,139,286,261,24,1,0,0,38418,436,37982,37715,36583,950,53,116,4,9,267,246,21,0,0,0,21288,19077,2211
Howard County,IN,50,2,3,18,67,759012945,2240090,82752,38679,40.4835368,-86.1141178,82752,80709,73284,5680,286,740,20,699,2043,1946,1018,383,204,25,178,36,31,6,33,11,0,5,5,9,2,91,6,0,0,82752,2203,80549,78808,72091,5585,246,737,13,136,1741,1662,74,5,0,0,63167,62377,57288,3934,214,525,16,400,790,751,35,4,0,0,63167,1273,61894,61203,56563,3888,187,522,13,30,691,657,31,3,0,0,38679,34301,4378
Huntington County,IN,50,2,3,18,69,991061319,13134781,37124,15805,40.8263938,-85.4785975,37124,36705,36062,160,140,167,8,168,419,409,117,136,73,5,60,4,1,0,8,0,0,4,0,0,1,9,1,0,0,37124,631,36493,36157,35692,155,124,167,6,13,336,329,6,1,0,0,28329,28159,27726,108,97,108,5,115,170,166,3,1,0,0,28329,381,27948,27814,27506,104,85,108,4,7,134,131,2,1,0,0,15805,14218,1587
Jackson County,IN,50,2,3,18,71,1319112546,11917286,42376,18202,38.9119571,-86.0425161,42376,41820,40044,282,89,359,27,1019,556,542,142,181,54,6,132,4,0,0,5,2,0,9,2,2,3,11,1,1,1,42376,2410,39966,39572,38826,265,82,356,18,25,394,382,9,1,1,1,31960,31696,30461,198,72,249,19,697,264,256,6,0,1,1,31960,1532,30428,30236,29714,187,65,247,12,11,192,184,6,0,1,1,18202,16501,1701
Jasper County,IN,50,2,3,18,73,1449421191,4560879,33478,13168,41.0176883,-87.1188137,33478,33135,32056,212,68,133,11,655,343,333,87,109,46,4,63,1,0,1,6,0,1,8,6,1,0,9,1,0,0,33478,1823,31655,31397,30988,208,53,123,9,16,258,248,9,1,0,0,24884,24704,24030,146,47,87,7,387,180,173,6,1,0,0,24884,1053,23831,23687,23414,144,37,82,5,5,144,137,6,1,0,0,13168,12232,936
Jay County,IN,50,2,3,18,75,994310208,458542,21253,9221,40.4349719,-85.0033804,21253,21061,20619,60,23,78,0,281,192,179,32,65,34,5,36,2,0,0,0,0,0,0,1,3,1,13,0,0,0,21253,577,20676,20525,20356,58,21,77,0,13,151,140,11,0,0,0,15609,15505,15242,30,19,54,0,160,104,95,9,0,0,0,15609,305,15304,15211,15103,30,18,53,0,7,93,85,8,0,0,0,9221,8133,1088
Jefferson County,IN,50,2,3,18,77,934029272,5848057,32428,14311,38.7836039,-85.44009,32428,32009,30876,542,69,211,6,305,419,403,185,111,57,9,29,3,3,1,0,1,0,1,0,2,1,16,0,0,0,32428,755,31673,31297,30463,530,59,211,5,29,376,362,14,0,0,0,25094,24888,24074,407,59,161,5,182,206,195,11,0,0,0,25094,434,24660,24469,23830,400,55,161,4,19,191,182,9,0,0,0,14311,12635,1676
Jennings County,IN,50,2,3,18,79,975346383,4563811,28525,12069,38.9962339,-85.6281106,28525,28192,27611,216,30,62,0,273,333,327,99,130,35,2,46,3,0,0,5,1,0,0,1,4,1,6,0,0,0,28525,571,27954,27671,27361,206,30,62,0,12,283,278,5,0,0,0,20995,20830,20429,163,24,47,0,167,165,163,2,0,0,0,20995,307,20688,20531,20300,159,24,47,0,1,157,155,2,0,0,0,12069,10680,1389
Johnson County,IN,50,2,3,18,81,829903198,3528917,139654,56649,39.4959859,-86.0946003,139654,137515,131140,1578,315,2744,46,1692,2139,2036,676,456,446,36,253,9,8,5,18,24,2,1,12,82,8,88,5,9,1,139654,4270,135384,133603,128903,1536,252,2716,46,150,1781,1715,56,2,8,0,102754,101816,97439,1133,230,1939,30,1045,938,894,35,3,5,1,102754,2481,100273,99464,96133,1110,196,1927,30,68,809,776,27,2,4,0,56649,52242,4407
Knox County,IN,50,2,3,18,83,1336514262,20755159,38440,17038,38.6886629,-87.4201823,38440,37969,36475,1009,73,215,11,186,471,461,179,134,52,6,63,9,9,1,3,1,0,2,1,1,0,10,0,0,0,38440,590,37850,37456,36154,994,64,214,11,19,394,385,9,0,0,0,30248,30012,28765,895,58,166,8,120,236,233,3,0,0,0,30248,335,29913,29705,28585,882,55,165,8,10,208,206,2,0,0,0,17038,15249,1789
Kosciusko County,IN,50,2,3,18,85,1376269814,59601470,77358,37038,41.2442928,-85.8615754,77358,76292,72188,572,232,650,19,2631,1066,1043,268,264,154,19,286,8,1,1,10,2,1,7,2,14,6,22,1,0,0,77358,5634,71724,70984,69531,542,178,642,19,72,740,725,15,0,0,0,57541,57088,54471,381,170,498,18,1550,453,443,10,0,0,0,57541,3200,54341,54012,52970,366,126,495,18,37,329,322,7,0,0,0,37038,29197,7841
LaGrange County,IN,50,2,3,18,87,983222388,18332797,37128,14094,41.6424683,-85.4263018,37128,36818,35874,117,71,118,2,636,310,297,50,91,68,7,66,3,1,0,5,0,0,2,0,3,1,13,0,0,0,37128,1317,35811,35591,35290,109,65,118,1,8,220,208,12,0,0,0,24322,24171,23627,46,50,75,1,372,151,141,10,0,0,0,24322,710,23612,23497,23328,44,44,75,1,5,115,106,9,0,0,0,14094,11598,2496
Lake County,IN,50,2,3,18,89,1292303671,330480308,496005,208750,41.4722388,-87.3743368,496005,484345,319412,128263,1628,6142,108,28792,11660,10889,3019,1370,1120,83,3331,527,203,39,768,24,2,122,49,184,48,684,81,5,1,496005,82663,413342,407088,274162,125506,913,5981,63,463,6254,5770,434,49,0,1,368732,363145,249797,88470,1155,4689,83,18951,5587,5204,337,41,4,1,368732,52741,315991,312916,220029,87304,670,4609,53,251,3075,2814,234,26,0,1,208750,188157,20593
LaPorte County,IN,50,2,3,18,91,1549587772,38747148,111467,48448,41.5490111,-86.7447293,111467,108924,93787,12001,306,583,21,2226,2543,2419,1140,416,219,31,414,60,26,4,70,2,1,8,5,23,0,115,4,5,0,111467,6093,105374,103456,90695,11835,246,570,13,97,1918,1837,73,3,5,0,86085,85057,74056,8844,230,460,13,1454,1028,974,50,2,2,0,86085,3714,82371,81618,72150,8779,191,450,10,38,753,717,32,2,2,0,48448,42331,6117
Lawrence County,IN,50,2,3,18,93,1163339936,7150614,46134,21074,38.8398148,-86.4878198,46134,45624,44905,186,158,224,14,137,510,488,105,245,74,13,42,0,1,0,1,2,1,0,2,2,0,21,1,0,0,46134,545,45589,45141,44562,181,148,224,9,17,448,437,11,0,0,0,35262,34967,34454,140,117,160,7,89,295,284,10,1,0,0,35262,309,34953,34687,34266,137,109,160,5,10,266,258,8,0,0,0,21074,18811,2263
Madison County,IN,50,2,3,18,95,1170454727,2562276,131636,59068,40.166203,-85.7224543,131636,129306,115452,10963,320,553,45,1973,2330,2199,1146,438,213,32,223,52,18,1,43,6,0,12,1,10,4,109,22,0,0,131636,4189,127447,125483,113577,10887,253,547,41,178,1964,1859,85,20,0,0,101247,100335,90352,8161,249,428,34,1111,912,853,49,10,0,0,101247,2427,98820,98060,89230,8124,208,427,32,39,760,714,38,8,0,0,59068,51927,7141
Marion County,IN,50,2,3,18,97,1026408097,17377675,903393,417862,39.7829759,-86.1357939,903393,877936,566853,240975,2901,18314,458,48435,25457,23545,11011,2648,2823,174,3318,1093,592,152,956,82,12,125,84,356,119,1745,131,30,6,903393,84466,818927,799085,537905,238454,1954,18119,333,2320,19842,18334,1398,86,20,4,676888,665635,451640,167605,2178,14036,353,29823,11253,10273,884,70,23,3,676888,51735,625153,616484,433712,166184,1568,13894,258,868,8669,7860,741,51,16,1,417862,366176,51686
Marshall County,IN,50,2,3,18,99,1148992521,15836354,47051,19845,41.3250032,-86.2690363,47051,46331,44000,220,116,215,7,1773,720,682,174,201,76,4,203,7,0,0,12,0,0,0,0,5,0,38,0,0,0,47051,3971,43080,42602,42098,196,80,210,2,16,478,450,28,0,0,0,34402,34083,32644,132,79,155,5,1068,319,308,11,0,0,0,34402,2292,32110,31883,31552,116,57,152,1,5,227,218,9,0,0,0,19845,17406,2439
Martin County,IN,50,2,3,18,101,869555038,12093384,10334,4786,38.705322,-86.8018468,10334,10257,10164,10,30,29,0,24,77,76,28,30,11,0,3,0,0,2,0,0,0,2,0,0,0,1,0,0,0,10334,70,10264,10194,10125,10,26,29,0,4,70,69,1,0,0,0,7853,7809,7743,9,19,26,0,12,44,43,1,0,0,0,7853,44,7809,7767,7716,9,16,26,0,0,42,41,1,0,0,0,4786,4216,570
Miami County,IN,50,2,3,18,103,968246709,9184679,36903,15479,40.7728813,-86.0442585,36903,36246,33876,1673,335,129,8,225,657,624,240,238,67,7,53,1,2,0,5,0,0,0,4,5,2,33,0,0,0,36903,906,35997,35425,33307,1649,309,128,8,24,572,550,22,0,0,0,28510,28203,26163,1544,266,92,7,131,307,299,8,0,0,0,28510,562,27948,27668,25786,1531,249,91,7,4,280,274,6,0,0,0,15479,13456,2023
Monroe County,IN,50,2,3,18,105,1021773228,43542811,137974,59107,39.1607509,-86.5233253,137974,134554,121109,4491,353,7214,62,1325,3420,3194,1061,576,1024,40,254,40,54,5,33,13,1,6,17,57,13,197,24,4,1,137974,4029,133945,130966,118837,4363,288,7190,56,232,2979,2806,146,24,3,0,115503,113449,102045,3642,282,6464,49,967,2054,1908,132,11,2,1,115503,2960,112543,110730,100310,3559,235,6442,43,141,1813,1702,99,11,1,0,59107,54864,4243
Montgomery County,IN,50,2,3,18,107,1306941391,2155351,38124,16535,40.0402962,-86.8927145,38124,37653,36309,327,98,213,6,700,471,460,162,149,65,8,60,0,1,0,2,0,3,3,1,2,4,11,0,0,0,38124,1739,36385,35997,35374,307,72,209,6,29,388,378,10,0,0,0,28985,28773,27857,225,74,161,6,450,212,204,8,0,0,0,28985,1080,27905,27732,27287,213,56,159,6,11,173,166,7,0,0,0,16535,14979,1556
Morgan County,IN,50,2,3,18,109,1046274750,14136592,68894,27754,39.4826458,-86.4474573,68894,68182,67307,176,200,248,19,232,712,687,194,286,113,18,62,0,0,1,2,4,0,0,2,4,1,23,2,0,0,68894,820,68074,67424,66782,175,177,241,19,30,650,627,21,2,0,0,51566,51217,50633,104,149,169,9,153,349,342,5,2,0,0,51566,501,51065,50739,50314,104,134,165,9,13,326,320,4,2,0,0,27754,25765,1989
Newton County,IN,50,2,3,18,111,1040550429,4349521,14244,6030,40.9623985,-87.4021716,14244,14094,13700,56,42,38,2,256,150,147,30,60,13,1,39,0,0,0,2,0,0,0,0,0,2,3,0,0,0,14244,717,13527,13430,13296,53,33,38,2,8,97,97,0,0,0,0,10965,10884,10606,43,32,29,2,172,81,80,1,0,0,0,10965,442,10523,10467,10368,41,26,29,2,1,56,56,0,0,0,0,6030,5503,527
Noble County,IN,50,2,3,18,113,1064077860,17068252,47536,20109,41.4007941,-85.4178497,47536,46911,43970,185,102,176,6,2472,625,615,137,168,83,9,188,1,0,1,7,0,1,13,2,0,5,8,2,0,0,47536,4567,42969,42570,42104,170,90,174,5,27,399,389,8,2,0,0,34686,34397,32643,124,76,122,6,1426,289,284,4,1,0,0,34686,2555,32131,31930,31611,115,66,120,5,13,201,196,4,1,0,0,20109,17355,2754
Ohio County,IN,50,2,3,18,115,223101869,3352222,6128,2784,38.940527,-84.9642994,6128,6084,6012,22,12,19,0,19,44,44,9,22,6,0,7,0,0,0,0,0,0,0,0,0,0,0,0,0,0,6128,69,6059,6021,5967,21,11,19,0,3,38,38,0,0,0,0,4828,4802,4750,17,11,14,0,10,26,26,0,0,0,0,4828,42,4786,4762,4722,16,10,14,0,0,24,24,0,0,0,0,2784,2477,307
Orange County,IN,50,2,3,18,117,1031818152,25394104,19840,9176,38.5473812,-86.489257,19840,19606,19245,170,62,62,2,65,234,222,61,114,21,5,18,1,0,0,1,0,0,0,0,1,0,12,0,0,0,19840,194,19646,19434,19144,168,52,61,2,7,212,201,11,0,0,0,14953,14827,14585,111,51,43,2,35,126,123,3,0,0,0,14953,114,14839,14720,14521,109,43,43,2,2,119,117,2,0,0,0,9176,7872,1304
Owen County,IN,50,2,3,18,119,997892586,6570749,21575,10091,39.3173394,-86.8388453,21575,21385,21129,65,75,66,1,49,190,174,38,85,34,0,13,1,0,0,0,0,0,1,2,0,0,16,0,0,0,21575,198,21377,21200,20983,65,72,65,1,14,177,161,16,0,0,0,16564,16457,16284,45,47,48,1,32,107,101,6,0,0,0,16564,128,16436,16335,16190,45,45,47,1,7,101,95,6,0,0,0,10091,8486,1605
Parke County,IN,50,2,3,18,121,1151671026,13769482,17339,8085,39.7742496,-87.1969502,17339,17240,16671,397,64,34,4,70,99,98,36,42,9,1,7,1,0,0,1,0,0,0,0,1,0,1,0,0,0,17339,215,17124,17032,16545,391,53,33,4,6,92,91,1,0,0,0,13626,13571,13073,390,38,24,2,44,55,55,0,0,0,0,13626,140,13486,13434,12983,386,34,24,2,5,52,52,0,0,0,0,8085,6222,1863
Perry County,IN,50,2,3,18,123,988668708,11817628,19338,8495,38.0814361,-86.6265397,19338,19188,18557,471,36,69,4,51,150,150,43,58,20,1,21,0,0,0,1,0,0,0,1,5,0,0,0,0,0,19338,192,19146,19015,18428,469,34,69,4,11,131,131,0,0,0,0,15195,15122,14547,459,29,51,4,32,73,73,0,0,0,0,15195,117,15078,15012,14468,457,27,51,4,5,66,66,0,0,0,0,8495,7476,1019
Pike County,IN,50,2,3,18,125,865673554,17756536,12845,5735,38.3978982,-87.232532,12845,12743,12610,39,27,25,4,38,102,97,19,34,14,3,23,0,0,0,0,3,0,0,0,1,0,5,0,0,0,12845,120,12725,12643,12544,38,25,25,3,8,82,77,5,0,0,0,9965,9911,9822,26,20,21,4,18,54,51,3,0,0,0,9965,58,9907,9858,9787,26,18,21,3,3,49,46,3,0,0,0,5735,5186,549
Porter County,IN,50,2,3,18,127,1083011401,268394743,164343,66179,41.509922,-87.0713082,164343,161231,149995,4894,494,1994,36,3818,3112,2936,744,682,542,33,728,34,39,5,62,7,1,13,7,33,6,161,9,6,0,164343,13933,150410,148402,141243,4649,349,1960,31,170,2008,1892,106,5,5,0,124422,123013,115419,3179,371,1554,27,2463,1409,1319,81,6,3,0,124422,8422,116000,115035,110051,3077,266,1536,23,82,965,899,59,5,2,0,66179,61998,4181
Posey County,IN,50,2,3,18,129,1060783261,25263904,25910,11207,38.0276138,-87.8686526,25910,25633,25185,233,48,70,4,93,277,253,127,68,26,3,22,4,0,0,1,0,0,0,0,2,0,24,0,0,0,25910,248,25662,25409,25046,230,42,70,4,17,253,229,24,0,0,0,19772,19666,19371,158,39,49,2,47,106,95,11,0,0,0,19772,141,19631,19536,19284,157,34,49,2,10,95,84,11,0,0,0,11207,10171,1036
Pulaski County,IN,50,2,3,18,131,1123145988,2291536,13402,6060,41.0452718,-86.6925383,13402,13265,13025,88,40,29,3,80,137,133,14,64,20,0,33,0,0,0,1,0,0,1,0,0,0,4,0,0,0,13402,325,13077,12978,12823,87,38,27,3,0,99,98,1,0,0,0,10204,10131,9972,56,31,24,3,45,73,70,3,0,0,0,10204,168,10036,9975,9863,55,30,24,3,0,61,60,1,0,0,0,6060,5282,778
Putnam County,IN,50,2,3,18,133,1244562066,5604743,37963,14706,39.6655445,-86.853325,37963,37549,35449,1505,98,279,14,204,414,394,132,125,70,14,34,2,1,1,3,3,0,4,2,2,1,20,0,0,0,37963,587,37376,37020,35128,1485,90,273,10,34,356,343,13,0,0,0,29967,29743,27846,1436,77,217,9,158,224,213,11,0,0,0,29967,429,29538,29345,27620,1421,74,212,5,13,193,186,7,0,0,0,14706,12917,1789
Randolph County,IN,50,2,3,18,135,1171656456,2420394,26171,11743,40.1644141,-85.005004,26171,25895,25158,117,89,61,8,462,276,253,81,79,32,2,48,1,2,1,2,1,0,0,2,2,0,18,5,0,0,26171,790,25381,25166,24895,114,83,57,8,9,215,201,13,1,0,0,19788,19665,19210,63,66,42,5,279,123,116,6,1,0,0,19788,450,19338,19231,19059,62,63,38,5,4,107,102,4,1,0,0,11743,10451,1292
Ripley County,IN,50,2,3,18,137,1156236700,4237505,28818,11952,39.1002301,-85.2605409,28818,28560,28132,69,51,146,4,158,258,244,47,141,34,1,17,0,1,0,1,0,0,1,1,0,0,13,0,1,0,28818,445,28373,28151,27879,67,37,146,3,19,222,213,9,0,0,0,21228,21088,20811,44,32,103,3,95,140,134,5,0,1,0,21228,252,20976,20847,20664,42,27,103,3,8,129,124,5,0,0,0,11952,10789,1163
Rush County,IN,50,2,3,18,139,1057035473,872309,17392,7508,39.6223123,-85.4665265,17392,17256,16945,132,32,57,4,86,136,127,63,41,6,1,9,3,2,0,1,0,1,0,0,0,0,8,1,0,0,17392,190,17202,17080,16839,129,32,57,3,20,122,113,8,1,0,0,13085,13020,12828,81,23,37,2,49,65,60,5,0,0,0,13085,111,12974,12916,12767,79,23,37,2,8,58,53,5,0,0,0,7508,6767,741
St. Joseph County,IN,50,2,3,18,141,1185826798,9156284,266931,114849,41.6176989,-86.2881592,266931,259221,209972,33958,1030,5036,194,9031,7710,7192,3201,1130,931,102,979,244,108,39,281,13,5,34,21,86,18,490,25,2,1,266931,19395,247536,241481,201701,33407,791,4985,180,417,6055,5682,352,18,2,1,201080,197908,165275,22616,737,3859,132,5289,3172,2942,212,15,2,1,201080,11224,189856,187325,160256,22361,590,3820,125,173,2531,2348,168,12,2,1,114849,103069,11780
Scott County,IN,50,2,3,18,143,493127224,6089000,24181,10440,38.6794309,-85.7518981,24181,24003,23667,57,46,108,14,111,178,170,41,62,24,4,32,0,0,0,2,0,0,0,2,3,0,8,0,0,0,24181,354,23827,23692,23471,52,43,104,14,8,135,128,7,0,0,0,18369,18280,18038,32,34,83,11,82,89,84,5,0,0,0,18369,228,18141,18071,17916,29,31,80,11,4,70,65,5,0,0,0,10440,9397,1043
Shelby County,IN,50,2,3,18,145,1064866098,4167863,44436,19080,39.5241345,-85.7921742,44436,43923,42402,455,95,244,13,714,513,487,167,128,76,14,87,0,1,0,5,0,0,0,0,6,3,24,2,0,0,44436,1647,42789,42404,41622,428,85,242,7,20,385,366,17,2,0,0,33591,33355,32357,316,75,168,9,430,236,220,15,1,0,0,33591,964,32627,32451,31902,302,69,166,5,7,176,165,10,1,0,0,19080,17302,1778
Spencer County,IN,50,2,3,18,147,1027562733,12126717,20952,8872,38.0097889,-87.0106449,20952,20786,20295,96,41,72,0,282,166,162,59,49,16,2,27,0,0,0,8,0,0,0,0,1,0,3,1,0,0,20952,517,20435,20314,20101,96,38,69,0,10,121,119,2,0,0,0,15889,15817,15496,72,38,48,0,163,72,71,1,0,0,0,15889,275,15614,15554,15397,72,35,47,0,3,60,60,0,0,0,0,8872,8082,790
Starke County,IN,50,2,3,18,149,800653661,7955177,23363,10962,41.2832203,-86.6475698,23363,23070,22683,66,76,41,0,204,293,285,58,125,29,1,66,0,0,0,5,0,0,0,0,1,0,8,0,0,0,23363,766,22597,22379,22212,63,61,41,0,2,218,214,4,0,0,0,17667,17500,17228,46,51,33,0,142,167,162,5,0,0,0,17667,472,17195,17065,16942,44,45,33,0,1,130,128,2,0,0,0,10962,9038,1924
Steuben County,IN,50,2,3,18,151,800149001,35034127,34185,19377,41.6434372,-85.0024667,34185,33868,33098,179,93,167,11,320,317,303,74,104,70,3,37,4,1,0,5,0,0,1,2,2,0,14,0,0,0,34185,982,33203,32929,32513,155,81,162,6,12,274,262,12,0,0,0,26350,26206,25682,127,78,118,3,198,144,136,8,0,0,0,26350,583,25767,25639,25333,116,69,114,3,4,128,121,7,0,0,0,19377,13310,6067
Sullivan County,IN,50,2,3,18,153,1158091682,18063039,21475,8939,39.0892251,-87.4158429,21475,21256,20132,961,58,40,1,64,219,214,57,107,35,0,11,1,0,0,2,0,0,0,0,1,0,5,0,0,0,21475,294,21181,20980,19930,946,53,39,1,11,201,196,5,0,0,0,16885,16766,15740,908,42,30,1,45,119,116,3,0,0,0,16885,203,16682,16573,15601,894,40,30,1,7,109,106,3,0,0,0,8939,7823,1116
Switzerland County,IN,50,2,3,18,155,571436429,7267108,10613,4969,38.8258455,-85.0296787,10613,10530,10381,32,18,18,2,79,83,83,24,42,5,1,7,0,0,0,0,0,0,2,0,0,2,0,0,0,0,10613,147,10466,10397,10318,31,16,18,2,12,69,69,0,0,0,0,7891,7849,7755,27,14,13,2,38,42,42,0,0,0,0,7891,70,7821,7784,7726,26,13,13,2,4,37,37,0,0,0,0,4969,4034,935
Tippecanoe County,IN,50,2,3,18,157,1294491529,8902814,172780,71096,40.3892597,-86.8939426,172780,169008,145190,6913,453,10730,50,5672,3772,3548,1186,579,875,49,541,53,41,4,45,20,2,8,44,91,10,209,14,0,1,172780,12947,159833,156892,138855,6731,349,10679,41,237,2941,2782,151,8,0,0,137063,135076,117136,4688,343,9407,37,3465,1987,1861,114,11,0,1,137063,7991,129072,127488,113116,4579,280,9367,32,114,1584,1489,89,6,0,0,71096,65532,5564
Tipton County,IN,50,2,3,18,159,674797764,68029,15936,6998,40.3102294,-86.0562066,15936,15780,15551,29,23,65,5,107,156,154,46,40,22,10,34,0,0,0,0,0,0,2,0,0,0,2,0,0,0,15936,346,15590,15476,15355,28,20,64,5,4,114,114,0,0,0,0,12233,12165,12011,15,14,44,5,76,68,67,1,0,0,0,12233,190,12043,11990,11915,14,13,43,5,0,53,53,0,0,0,0,6998,6376,622
Union County,IN,50,2,3,18,161,417568462,10238544,7516,3239,39.6231109,-84.9251523,7516,7437,7331,33,23,19,6,25,79,77,11,33,20,7,4,1,0,0,0,0,0,1,0,0,0,2,0,0,0,7516,82,7434,7361,7280,33,19,19,6,4,73,71,2,0,0,0,5631,5589,5523,23,12,15,2,14,42,41,1,0,0,0,5631,49,5582,5545,5492,23,11,15,2,2,37,36,1,0,0,0,3239,2938,301
Vanderburgh County,IN,50,2,3,18,163,604697995,7393314,179703,83003,38.0200703,-87.5861659,179703,175602,154882,16347,399,2003,104,1867,4101,3885,2313,558,493,44,234,58,41,9,61,11,4,7,18,20,14,187,17,11,1,179703,3873,175830,172116,153080,16228,345,1986,89,388,3714,3551,155,6,2,0,139807,138305,124045,11336,325,1483,69,1047,1502,1395,86,15,5,1,139807,2416,137391,136068,122856,11282,291,1470,58,111,1323,1242,75,4,2,0,83003,74454,8549
Vermillion County,IN,50,2,3,18,165,665311750,7904759,16212,7488,39.8540452,-87.4620713,16212,16077,15932,24,37,31,5,48,135,130,39,49,23,9,7,0,0,0,0,1,0,0,2,0,0,5,0,0,0,16212,130,16082,15956,15862,21,29,31,5,8,126,121,5,0,0,0,12468,12397,12297,18,26,23,5,28,71,71,0,0,0,0,12468,76,12392,12323,12255,18,21,23,5,1,69,69,0,0,0,0,7488,6619,869
Vigo County,IN,50,2,3,18,167,1044574633,18486867,107848,46006,39.4291426,-87.3903754,107848,105462,95207,7437,364,1781,36,637,2386,2236,1223,403,293,36,127,59,18,5,25,6,0,2,13,24,2,139,10,1,0,107848,2469,105379,103199,93550,7371,321,1777,32,148,2180,2049,122,8,1,0,84799,83793,75648,5978,297,1445,26,399,1006,928,72,6,0,0,84799,1771,83028,82111,74380,5930,271,1441,25,64,917,846,66,5,0,0,46006,41361,4645
Wabash County,IN,50,2,3,18,169,1068200229,22122011,32888,14171,40.8437166,-85.7951745,32888,32521,31764,163,217,138,6,233,367,357,94,159,35,5,45,4,0,0,3,2,2,3,1,3,1,10,0,0,0,32888,697,32191,31884,31369,155,211,134,6,9,307,298,9,0,0,0,25429,25231,24706,114,161,101,5,144,198,193,5,0,0,0,25429,425,25004,24832,24462,107,156,99,5,3,172,167,5,0,0,0,14171,12777,1394
Warren County,IN,50,2,3,18,171,944520687,4466123,8508,3680,40.3526584,-87.3758466,8508,8449,8363,11,13,36,6,20,59,57,14,20,10,0,11,0,0,0,0,0,0,0,1,1,0,2,0,0,0,8508,70,8438,8389,8321,10,13,36,6,3,49,47,2,0,0,0,6512,6487,6425,7,12,26,4,13,25,25,0,0,0,0,6512,33,6479,6456,6407,6,12,26,4,1,23,23,0,0,0,0,3680,3337,343
Warrick County,IN,50,2,3,18,173,996667397,16155828,59689,24203,38.0977639,-87.2720225,59689,58896,56700,803,124,960,18,291,793,749,294,193,181,6,37,8,2,0,3,2,0,1,4,17,1,41,3,0,0,59689,946,58743,58005,56095,780,98,957,18,57,738,699,36,3,0,0,44258,43958,42538,543,88,622,14,153,300,283,16,1,0,0,44258,509,43749,43463,42214,531,71,620,14,13,286,269,16,1,0,0,24203,22505,1698
Washington County,IN,50,2,3,18,175,1330542331,7444213,28262,12220,38.6006125,-86.1047514,28262,28021,27714,64,62,86,2,93,241,236,45,122,38,3,27,0,1,0,0,0,0,0,0,0,0,5,0,0,0,28262,304,27958,27760,27539,63,45,86,2,25,198,194,4,0,0,0,21136,21011,20826,41,44,57,2,41,125,122,3,0,0,0,21136,151,20985,20869,20723,40,39,57,2,8,116,114,2,0,0,0,12220,10850,1370
Wayne County,IN,50,2,3,18,177,1040502885,6736566,68917,31242,39.8630908,-85.0067352,68917,67090,62140,3418,171,527,49,785,1827,1736,978,304,120,14,152,64,6,3,15,4,1,9,58,6,2,88,3,0,0,68917,1804,67113,65479,61322,3349,140,522,44,102,1634,1551,81,2,0,0,53034,52274,48660,2598,127,385,38,466,760,706,52,2,0,0,53034,1023,52011,51328,48204,2560,110,380,37,37,683,634,48,1,0,0,31242,27551,3691
Wells County,IN,50,2,3,18,179,953341217,5596420,27636,11659,40.7352727,-85.2129742,27636,27392,26902,96,76,107,3,208,244,234,75,94,25,4,22,0,0,0,7,0,0,1,0,6,0,8,0,2,0,27636,564,27072,26873,26604,89,71,102,3,4,199,194,3,0,2,0,20737,20625,20301,54,60,64,3,143,112,108,2,0,2,0,20737,336,20401,20304,20129,50,56,63,3,3,97,94,1,0,2,0,11659,10780,879
White County,IN,50,2,3,18,181,1308266686,9206237,24643,12970,40.7509496,-86.8642934,24643,24289,23132,68,71,89,5,924,354,343,50,125,44,8,101,0,0,0,3,0,0,11,1,0,0,10,1,0,0,24643,1746,22897,22670,22470,51,52,83,4,10,227,217,9,1,0,0,18683,18498,17817,44,51,64,4,518,185,179,5,1,0,0,18683,950,17733,17603,17464,31,39,61,4,4,130,125,4,1,0,0,12970,9741,3229
Whitley County,IN,50,2,3,18,183,869120901,6073420,33292,14281,41.1364261,-85.5018918,33292,32914,32479,99,92,105,7,132,378,361,89,150,69,9,39,0,0,0,0,0,0,1,4,0,0,11,0,6,0,33292,515,32777,32453,32147,96,76,105,7,22,324,313,6,0,5,0,25109,24921,24649,61,58,70,5,78,188,177,7,0,4,0,25109,288,24821,24651,24461,58,51,70,5,6,170,162,5,0,3,0,14281,13001,1280
Adair County,IA,50,2,4,19,1,1474404167,2597997,7682,3698,41.3285283,-94.4781643,7682,7630,7558,11,4,22,1,34,52,47,9,17,6,5,9,0,0,0,0,0,0,0,0,1,0,4,1,0,0,7682,101,7581,7547,7507,11,4,22,1,2,34,33,1,0,0,0,5957,5934,5890,5,3,18,1,17,23,22,1,0,0,0,5957,53,5904,5888,5860,5,3,18,1,1,16,16,0,0,0,0,3698,3292,406
Adams County,IA,50,2,4,19,3,1096700733,5353423,4029,2010,41.0216555,-94.6969059,4029,4007,3953,8,19,24,0,3,22,22,7,12,2,0,0,0,1,0,0,0,0,0,0,0,0,0,0,0,0,4029,37,3992,3971,3922,8,18,23,0,0,21,21,0,0,0,0,3180,3168,3127,6,18,15,0,2,12,12,0,0,0,0,3180,22,3158,3147,3109,6,17,15,0,0,11,11,0,0,0,0,2010,1715,295
Allamakee County,IA,50,2,4,19,5,1655214493,50995230,14330,7617,43.2749637,-91.382751,14330,14242,13750,113,36,34,17,292,88,80,17,24,8,4,21,1,0,0,0,1,0,1,0,3,0,7,0,1,0,14330,757,13573,13512,13325,109,31,33,11,3,61,54,7,0,0,0,11020,10991,10654,84,29,29,13,182,29,28,0,0,1,0,11020,425,10595,10575,10430,82,25,28,9,1,20,20,0,0,0,0,7617,5845,1772
Appanoose County,IA,50,2,4,19,7,1287981483,49083877,12887,6633,40.7446826,-92.870345,12887,12752,12586,63,32,36,1,34,135,132,35,52,21,2,18,4,0,0,0,0,0,0,0,0,0,3,0,0,0,12887,181,12706,12592,12470,55,30,35,0,2,114,111,3,0,0,0,9993,9922,9805,43,22,28,1,23,71,70,1,0,0,0,9993,99,9894,9833,9745,40,20,27,0,1,61,60,1,0,0,0,6633,5627,1006
Audubon County,IA,50,2,4,19,9,1147264459,1152260,6119,2972,41.679178,-94.9043119,6119,6082,6032,10,8,25,1,6,37,32,10,7,7,1,5,0,0,0,0,1,0,1,0,0,0,5,0,0,0,6119,37,6082,6050,6007,9,7,25,1,1,32,27,5,0,0,0,4780,4762,4733,6,5,13,1,4,18,15,3,0,0,0,4780,27,4753,4737,4714,5,4,13,1,0,16,13,3,0,0,0,2972,2617,355
Benton County,IA,50,2,4,19,11,1855117342,5760770,26076,11095,42.0925474,-92.05763,26076,25837,25569,102,45,66,2,53,239,228,99,69,29,4,22,1,1,0,1,0,0,2,0,0,0,10,1,0,0,26076,275,25801,25594,25387,93,41,66,2,5,207,203,3,1,0,0,19430,19346,19174,52,38,46,2,34,84,77,6,1,0,0,19430,155,19275,19203,19068,49,34,46,2,4,72,69,2,1,0,0,11095,10302,793
Black Hawk County,IA,50,2,4,19,13,1465333940,17900114,131090,55887,42.4728884,-92.306059,131090,128105,112215,11640,297,1707,201,2045,2985,2794,1431,357,448,50,304,77,23,2,45,5,0,17,11,21,3,176,8,7,0,131090,4907,126183,123654,109968,11493,209,1685,175,124,2529,2368,147,7,7,0,102594,101469,90808,7753,217,1292,110,1289,1125,1035,82,4,4,0,102594,2865,99729,98807,89541,7677,167,1278,89,55,922,845,69,4,4,0,55887,52470,3417
Boone County,IA,50,2,4,19,15,1480356844,5364798,26306,11756,42.0386005,-93.9391375,26306,26040,25509,206,81,88,3,153,266,252,77,68,62,7,27,7,1,0,0,0,0,1,0,2,0,14,0,0,0,26306,505,25801,25575,25194,202,72,87,3,17,226,213,13,0,0,0,20027,19907,19603,106,49,61,3,85,120,112,8,0,0,0,20027,260,19767,19665,19448,103,40,61,3,10,102,94,8,0,0,0,11756,10728,1028
Bremer County,IA,50,2,4,19,17,1127880105,10171939,24276,9915,42.7808902,-92.3275863,24276,24045,23601,191,16,174,2,61,231,222,92,47,46,7,18,4,2,0,2,1,0,1,0,2,0,8,1,0,0,24276,239,24037,23835,23459,186,11,173,2,4,202,197,5,0,0,0,18763,18680,18330,158,14,142,2,34,83,81,1,1,0,0,18763,137,18626,18553,18242,155,10,141,2,3,73,72,1,0,0,0,9915,9385,530
Buchanan County,IA,50,2,4,19,19,1478934897,5427652,20958,8968,42.4703284,-91.8386658,20958,20731,20505,67,32,90,1,36,227,208,78,71,20,5,31,0,0,1,0,0,1,0,0,0,1,17,2,0,0,20958,243,20715,20520,20344,59,22,90,1,4,195,176,17,2,0,0,15282,15195,15068,33,17,51,1,25,87,80,7,0,0,0,15282,128,15154,15079,14979,32,13,51,1,3,75,68,7,0,0,0,8968,8161,807
Buena Vista County,IA,50,2,4,19,21,1489022575,13758158,20260,8237,42.741522,-95.1414325,20260,19901,16341,540,51,1141,100,1728,359,350,34,34,44,3,169,4,6,2,24,8,0,3,7,8,4,8,1,0,0,20260,4608,15652,15495,13756,497,18,1119,95,10,157,149,7,1,0,0,15204,15005,12686,329,33,822,68,1067,199,192,6,1,0,0,15204,2743,12461,12377,11174,306,13,812,64,8,84,77,6,1,0,0,8237,7522,715
Butler County,IA,50,2,4,19,23,1502533262,4209738,14867,6682,42.7347076,-92.7800664,14867,14756,14636,26,21,35,2,36,111,105,36,34,18,9,4,1,0,0,0,0,0,0,3,0,0,6,0,0,0,14867,133,14734,14628,14552,25,14,35,2,0,106,101,5,0,0,0,11364,11325,11254,11,14,25,2,19,39,36,3,0,0,0,11364,59,11305,11266,11217,10,12,25,2,0,39,36,3,0,0,0,6682,6120,562
Calhoun County,IA,50,2,4,19,25,1476209027,5560503,9670,5108,42.3861699,-94.6436829,9670,9610,9526,22,19,21,1,21,60,54,20,14,11,1,6,0,0,0,0,0,0,0,0,2,0,4,0,2,0,9670,90,9580,9530,9470,19,18,20,1,2,50,44,4,0,2,0,7618,7594,7546,9,14,12,1,12,24,20,2,0,2,0,7618,45,7573,7553,7518,7,14,11,1,2,20,16,2,0,2,0,5108,4242,866
Carroll County,IA,50,2,4,19,27,1474835105,2145362,20816,9376,42.039492,-94.8676471,20816,20630,20250,83,25,92,1,179,186,169,71,48,23,4,16,4,0,0,1,0,0,0,0,2,0,17,0,0,0,20816,333,20483,20318,20119,82,20,92,0,5,165,148,17,0,0,0,15640,15572,15343,41,17,62,1,108,68,62,6,0,0,0,15640,188,15452,15395,15274,41,15,62,0,3,57,51,6,0,0,0,9376,8683,693
Cass County,IA,50,2,4,19,29,1461450856,1758815,13956,6591,41.3338235,-94.9333023,13956,13870,13636,35,28,30,45,96,86,85,24,32,4,2,19,2,0,0,1,0,0,1,0,0,0,1,0,0,0,13956,253,13703,13642,13502,33,23,30,45,9,61,61,0,0,0,0,10768,10735,10575,24,19,22,25,70,33,32,1,0,0,0,10768,146,10622,10598,10503,24,16,22,25,8,24,24,0,0,0,0,6591,5980,611
Cedar County,IA,50,2,4,19,31,1500731293,6385840,18499,8064,41.7723547,-91.13219,18499,18302,18090,52,29,85,3,43,197,182,49,58,33,1,32,1,2,0,1,0,0,0,1,4,0,15,0,0,0,18499,284,18215,18053,17897,52,23,78,2,1,162,150,12,0,0,0,13962,13878,13736,27,22,58,2,33,84,81,3,0,0,0,13962,164,13798,13729,13630,27,18,53,1,0,69,67,2,0,0,0,8064,7511,553
Cerro Gordo County,IA,50,2,4,19,33,1471923432,17626527,44151,22163,43.0751708,-93.251266,44151,43435,41964,578,91,377,9,416,716,681,286,129,113,15,113,4,3,2,8,3,0,1,2,2,0,28,4,3,0,44151,1694,42457,41893,40876,555,68,368,8,18,564,534,25,4,1,0,34660,34370,33381,353,64,271,8,293,290,276,13,0,1,0,34660,1021,33639,33410,32727,346,48,268,7,14,229,217,11,0,1,0,22163,19350,2813
Cherokee County,IA,50,2,4,19,35,1494180371,423187,12072,5777,42.7427375,-95.6332616,12072,11967,11667,66,32,62,9,131,105,96,32,29,14,2,13,2,1,0,2,1,0,0,0,0,0,9,0,0,0,12072,274,11798,11709,11553,64,29,62,1,0,89,80,9,0,0,0,9517,9485,9297,44,19,43,6,76,32,29,3,0,0,0,9517,148,9369,9340,9237,43,16,43,1,0,29,26,3,0,0,0,5777,5207,570
Chickasaw County,IA,50,2,4,19,37,1306338733,3309332,12439,5679,43.0597409,-92.3172101,12439,12379,12119,41,10,40,0,169,60,59,16,19,8,1,13,0,1,0,0,0,0,1,0,0,0,1,0,0,0,12439,269,12170,12122,12048,29,5,40,0,0,48,47,1,0,0,0,9404,9373,9234,15,5,24,0,95,31,31,0,0,0,0,9404,141,9263,9237,9199,11,3,24,0,0,26,26,0,0,0,0,5679,5204,475
Clarke County,IA,50,2,4,19,39,1116716080,1524746,9286,4086,41.0291908,-93.7840961,9286,9197,8758,39,29,37,4,330,89,80,6,30,22,3,12,1,0,0,1,0,0,5,0,0,0,8,1,0,0,9286,927,8359,8298,8208,38,15,32,4,1,61,57,4,0,0,0,6940,6896,6623,27,19,27,3,197,44,42,2,0,0,0,6940,541,6399,6369,6304,26,11,25,3,0,30,29,1,0,0,0,4086,3701,385
Clay County,IA,50,2,4,19,41,1469139214,13866941,16667,8062,43.079822,-95.1497261,16667,16480,16077,69,38,99,1,196,187,183,61,38,34,1,41,0,0,1,1,3,0,0,2,1,0,3,1,0,0,16667,477,16190,16046,15843,68,36,98,0,1,144,140,3,1,0,0,12837,12776,12504,40,26,68,1,137,61,60,1,0,0,0,12837,265,12572,12517,12386,39,25,67,0,0,55,54,1,0,0,0,8062,7282,780
Clayton County,IA,50,2,4,19,43,2016405612,36586071,18129,8999,42.8409979,-91.3235108,18129,17981,17731,61,20,42,17,110,148,142,35,28,23,25,25,1,0,0,0,5,0,0,0,0,0,6,0,0,0,18129,306,17823,17697,17563,60,13,42,17,2,126,120,6,0,0,0,13925,13844,13698,29,17,27,15,58,81,77,4,0,0,0,13925,163,13762,13692,13610,28,12,27,15,0,70,66,4,0,0,0,8999,7599,1400
Clinton County,IA,50,2,4,19,45,1799821282,39523759,49116,21733,41.8980732,-90.5342431,49116,48217,46152,1291,121,280,12,361,899,849,419,193,90,9,107,10,4,1,3,0,0,5,1,7,0,46,4,0,0,49116,1243,47873,47122,45454,1258,101,277,9,23,751,715,35,1,0,0,37526,37193,35807,874,94,188,7,223,333,311,21,1,0,0,37526,695,36831,36548,35416,848,83,185,6,10,283,263,19,1,0,0,21733,20223,1510
Crawford County,IA,50,2,4,19,47,1849742893,2194275,17096,6943,42.0431192,-95.3890903,17096,16817,14168,208,59,104,16,2262,279,274,36,28,14,8,149,6,0,1,7,0,0,19,0,6,0,5,0,0,0,17096,4131,12965,12880,12541,195,26,97,8,13,85,81,4,0,0,0,12580,12450,10824,129,34,78,15,1370,130,130,0,0,0,0,12580,2347,10233,10195,9969,122,17,77,8,2,38,38,0,0,0,0,6943,6413,530
Dallas County,IA,50,2,4,19,49,1524070766,8421379,66135,27260,41.6853206,-94.0407065,66135,65126,60971,918,127,1662,39,1409,1009,953,265,153,229,18,197,13,4,0,15,1,0,18,9,27,4,51,5,0,0,66135,4059,62076,61350,58630,890,94,1652,37,47,726,691,33,2,0,0,46914,46510,43915,554,81,1119,28,813,404,384,17,3,0,0,46914,2303,44611,44349,42593,538,60,1114,27,17,262,251,9,2,0,0,27260,25240,2020
Davis County,IA,50,2,4,19,51,1300661956,6904100,8753,3600,40.7480892,-92.4103453,8753,8685,8614,7,19,24,0,21,68,60,11,33,14,0,2,0,0,0,0,0,0,0,0,0,0,6,0,2,0,8753,85,8668,8604,8556,7,17,24,0,0,64,56,6,0,2,0,6203,6171,6122,3,15,17,0,14,32,30,0,0,2,0,6203,42,6161,6130,6097,3,13,17,0,0,31,29,0,0,2,0,3600,3201,399
Decatur County,IA,50,2,4,19,53,1377566066,4142102,8457,3834,40.7363787,-93.7845799,8457,8369,8068,152,33,59,16,41,88,77,13,38,12,4,3,3,0,0,0,0,0,1,2,0,1,10,1,0,0,8457,181,8276,8201,7946,149,28,53,16,9,75,67,7,1,0,0,6539,6482,6233,129,27,43,16,34,57,49,7,1,0,0,6539,122,6417,6367,6153,126,23,40,16,9,50,42,7,1,0,0,3834,3223,611
Delaware County,IA,50,2,4,19,55,1496381153,3082496,17764,8028,42.4730031,-91.3594425,17764,17649,17507,48,18,49,2,25,115,107,49,25,18,2,8,5,0,0,0,0,0,0,0,0,0,8,0,0,0,17764,139,17625,17522,17408,45,17,44,0,8,103,96,7,0,0,0,13281,13241,13151,30,14,31,0,15,40,37,3,0,0,0,13281,76,13205,13168,13094,29,13,29,0,3,37,34,3,0,0,0,8028,7062,966
Des Moines County,IA,50,2,4,19,57,1077754850,35294123,40325,18535,40.9153392,-91.1869253,40325,39394,36704,2048,99,290,21,232,931,891,528,163,90,14,63,14,10,1,1,3,0,0,1,3,0,33,7,0,0,40325,1042,39283,38480,36059,2005,88,285,18,25,803,776,20,7,0,0,30982,30672,28978,1243,77,209,12,153,310,299,9,2,0,0,30982,584,30398,30126,28604,1227,67,206,12,10,272,261,9,2,0,0,18535,17003,1532
Dickinson County,IA,50,2,4,19,59,985764366,60490800,16667,12849,43.3896107,-95.1960572,16667,16542,16386,29,13,72,5,37,125,118,31,41,32,0,11,1,0,0,0,0,0,0,0,2,0,7,0,0,0,16667,178,16489,16378,16255,29,12,72,5,5,111,104,7,0,0,0,13440,13383,13287,13,11,44,2,26,57,54,3,0,0,0,13440,110,13330,13282,13208,13,10,44,2,5,48,45,3,0,0,0,12849,7554,5295
Dubuque County,IA,50,2,4,19,61,1575501687,21569071,93653,38951,42.4634808,-90.8787708,93653,92436,88092,2486,178,878,288,514,1217,1135,513,226,210,14,92,21,16,4,11,1,1,2,4,19,1,76,4,2,0,93653,1807,91846,90763,86981,2436,144,871,282,49,1083,1014,66,2,1,0,71401,70955,68189,1470,130,664,164,338,446,416,28,1,1,0,71401,1102,70299,69899,67499,1442,112,659,159,28,400,375,24,0,1,0,38951,36815,2136
Emmet County,IA,50,2,4,19,63,1025333118,17196398,10302,4758,43.3779844,-94.6693702,10302,10144,9591,65,69,44,1,374,158,150,27,28,16,5,63,0,1,1,1,3,0,3,0,0,2,8,0,0,0,10302,763,9539,9464,9319,61,35,44,1,4,75,68,7,0,0,0,7932,7875,7537,49,40,30,0,219,57,56,1,0,0,0,7932,411,7521,7493,7392,47,23,30,0,1,28,28,0,0,0,0,4758,4236,522
Fayette County,IA,50,2,4,19,65,1892791345,1334074,20880,9558,42.8644496,-91.8393728,20880,20687,20253,198,21,107,15,93,193,183,84,50,16,11,18,0,2,0,0,1,0,0,0,1,0,10,0,0,0,20880,380,20500,20330,19987,196,21,105,15,6,170,166,4,0,0,0,16189,16115,15773,167,18,76,10,71,74,72,2,0,0,0,16189,236,15953,15889,15619,165,18,74,10,3,64,64,0,0,0,0,9558,8634,924
Floyd County,IA,50,2,4,19,67,1296631086,1942569,16303,7526,43.052741,-92.7873669,16303,16178,15620,203,23,216,5,111,125,117,50,19,19,2,21,1,0,0,0,0,0,0,0,4,1,8,0,0,0,16303,331,15972,15875,15443,200,13,213,4,2,97,93,4,0,0,0,12412,12370,12025,111,14,154,3,63,42,40,2,0,0,0,12412,161,12251,12214,11939,108,10,152,3,2,37,35,2,0,0,0,7526,6886,640
Franklin County,IA,50,2,4,19,69,1507301318,1428932,10680,4894,42.7365489,-93.2714247,10680,10511,10001,38,20,28,4,420,169,160,25,35,12,1,80,2,0,0,1,0,0,0,0,3,1,9,0,0,0,10680,1209,9471,9398,9334,19,12,28,1,4,73,66,7,0,0,0,8133,8063,7714,23,16,23,4,283,70,67,3,0,0,0,8133,701,7432,7399,7352,11,9,23,1,3,33,30,3,0,0,0,4894,4332,562
Fremont County,IA,50,2,4,19,71,1323872918,14214133,7441,3431,40.7437257,-95.5995159,7441,7374,7212,39,23,20,1,79,67,65,17,28,6,5,7,0,1,0,0,0,1,0,0,0,0,2,0,0,0,7441,187,7254,7199,7123,32,22,18,1,3,55,54,1,0,0,0,5742,5704,5606,21,12,15,1,49,38,38,0,0,0,0,5742,107,5635,5604,5559,17,12,14,1,1,31,31,0,0,0,0,3431,3064,367
Greene County,IA,50,2,4,19,73,1475188829,4249897,9336,4546,42.042494,-94.3887028,9336,9274,9108,26,25,30,3,82,62,59,15,26,9,4,4,1,0,0,0,0,0,0,0,0,0,3,0,0,0,9336,171,9165,9105,9017,22,25,30,3,8,60,57,3,0,0,0,7180,7148,7048,7,15,20,2,56,32,32,0,0,0,0,7180,103,7077,7047,7001,6,15,20,2,3,30,30,0,0,0,0,4546,3996,550
Grundy County,IA,50,2,4,19,75,1299805924,94406,12453,5530,42.4033232,-92.7902613,12453,12366,12269,28,4,27,7,31,87,85,33,24,15,1,10,1,0,0,1,0,0,0,0,0,0,2,0,0,0,12453,122,12331,12255,12190,26,4,27,7,1,76,74,2,0,0,0,9488,9457,9413,11,2,14,1,16,31,30,1,0,0,0,9488,50,9438,9409,9382,10,2,14,1,0,29,28,1,0,0,0,5530,5131,399
Guthrie County,IA,50,2,4,19,77,1529699184,6355537,10954,5756,41.6835728,-94.5012723,10954,10851,10687,16,22,37,4,85,103,98,27,33,15,1,19,0,0,0,0,0,0,0,0,2,1,5,0,0,0,10954,202,10752,10673,10595,16,21,37,4,0,79,74,5,0,0,0,8333,8294,8189,11,12,26,4,52,39,38,1,0,0,0,8333,114,8219,8182,8130,11,11,26,4,0,37,36,1,0,0,0,5756,4544,1212
Hamilton County,IA,50,2,4,19,79,1493777716,1965344,15673,7219,42.3907681,-93.709198,15673,15459,14703,50,33,311,0,362,214,198,47,62,39,2,38,0,2,0,2,1,0,3,0,2,0,14,0,2,0,15673,782,14891,14729,14344,40,26,311,0,8,162,147,13,0,2,0,11904,11823,11329,36,22,211,0,225,81,76,4,0,1,0,11904,447,11457,11401,11140,29,16,211,0,5,56,52,3,0,1,0,7219,6540,679
Hancock County,IA,50,2,4,19,81,1478894985,5265572,11341,5330,43.0754105,-93.7436965,11341,11235,10957,56,16,47,1,158,106,104,25,30,25,1,18,0,2,1,0,0,0,0,0,0,2,1,1,0,0,11341,398,10943,10859,10744,50,10,47,1,7,84,83,0,1,0,0,8683,8641,8485,23,10,34,1,88,42,41,1,0,0,0,8683,203,8480,8448,8385,18,6,34,1,4,32,32,0,0,0,0,5330,4741,589
Hardin County,IA,50,2,4,19,83,1474498672,1773894,17534,8224,42.3899554,-93.241081,17534,17343,16799,217,42,79,1,205,191,178,46,49,28,3,36,2,6,1,3,0,0,2,0,0,2,13,0,0,0,17534,651,16883,16741,16430,208,31,68,1,3,142,132,10,0,0,0,13486,13407,13057,150,19,49,1,131,79,75,4,0,0,0,13486,378,13108,13047,12842,145,16,42,1,1,61,58,3,0,0,0,8224,7296,928
Harrison County,IA,50,2,4,19,85,1804827800,12417759,14928,6731,41.6885844,-95.8271491,14928,14802,14658,25,43,42,0,34,126,116,18,67,12,3,16,0,0,0,0,0,0,0,0,0,0,9,1,0,0,14928,183,14745,14637,14532,25,39,41,0,0,108,102,5,1,0,0,11333,11270,11191,10,25,27,0,17,63,57,5,1,0,0,11333,87,11246,11189,11132,10,21,26,0,0,57,53,3,1,0,0,6731,5987,744
Henry County,IA,50,2,4,19,87,1124904348,5780284,20145,8280,40.985864,-91.5442697,20145,19822,18557,447,61,461,22,274,323,314,105,79,78,5,33,0,5,1,4,1,0,2,0,0,1,9,0,0,0,20145,764,19381,19100,18141,435,46,450,20,8,281,277,4,0,0,0,15476,15335,14426,321,49,327,20,192,141,134,7,0,0,0,15476,490,14986,14865,14169,312,37,323,18,6,121,117,4,0,0,0,8280,7666,614
Howard County,IA,50,2,4,19,89,1225706425,927963,9566,4367,43.3653125,-92.3219084,9566,9485,9380,25,10,24,7,39,81,77,29,19,15,3,7,1,0,0,0,0,0,3,0,0,0,4,0,0,0,9566,118,9448,9380,9314,25,9,24,7,1,68,64,4,0,0,0,7154,7126,7069,13,7,15,3,19,28,27,1,0,0,0,7154,59,7095,7071,7033,13,6,15,3,1,24,23,1,0,0,0,4367,3944,423
Humboldt County,IA,50,2,4,19,91,1124967281,3406139,9815,4684,42.7822212,-94.2027754,9815,9713,9418,44,15,32,1,203,102,100,27,30,18,2,20,0,1,0,1,0,0,0,1,0,0,2,0,0,0,9815,357,9458,9376,9288,39,14,31,0,4,82,81,1,0,0,0,7557,7523,7343,26,10,19,1,124,34,33,1,0,0,0,7557,202,7355,7324,7275,22,9,18,0,0,31,30,1,0,0,0,4684,4209,475
Ida County,IA,50,2,4,19,93,1117599646,1406468,7089,3426,42.3918601,-95.5074206,7089,7048,6957,17,12,19,1,42,41,41,6,19,10,0,4,1,0,0,0,0,0,0,0,0,1,0,0,0,0,7089,100,6989,6954,6907,17,9,19,1,1,35,35,0,0,0,0,5391,5376,5323,9,8,11,1,24,15,15,0,0,0,0,5391,53,5338,5327,5298,9,7,11,1,1,11,11,0,0,0,0,3426,3052,374
Iowa County,IA,50,2,4,19,95,1518916014,2686847,16355,7258,41.6839184,-92.0591226,16355,16232,16002,57,27,56,2,88,123,118,44,35,15,2,15,3,0,1,0,0,0,1,0,2,0,5,0,0,0,16355,307,16048,15950,15818,53,14,54,2,9,98,94,4,0,0,0,12338,12286,12134,36,16,43,2,55,52,51,1,0,0,0,12338,167,12171,12129,12037,35,9,41,2,5,42,41,1,0,0,0,7258,6677,581
Jackson County,IA,50,2,4,19,97,1647332960,35141529,19848,9415,42.1642812,-90.5745965,19848,19643,19339,61,40,47,89,67,205,195,64,61,20,7,24,3,0,0,2,1,2,1,10,0,0,10,0,0,0,19848,220,19628,19455,19223,58,37,47,88,2,173,167,6,0,0,0,15243,15158,14980,31,25,32,52,38,85,85,0,0,0,0,15243,113,15130,15053,14915,29,23,32,52,2,77,77,0,0,0,0,9415,8289,1126
Jasper County,IA,50,2,4,19,99,1891779160,6565706,36842,16181,41.6856863,-93.0529712,36842,36516,35639,470,103,163,8,133,326,311,99,88,76,5,33,1,2,0,0,2,0,2,2,1,0,15,0,0,0,36842,537,36305,36022,35284,464,101,163,8,2,283,270,13,0,0,0,28425,28298,27618,412,73,111,7,77,127,121,6,0,0,0,28425,316,28109,27997,27396,408,73,111,7,2,112,107,5,0,0,0,16181,14806,1375
Jefferson County,IA,50,2,4,19,101,1127964789,3538407,16843,7594,41.0068799,-91.9671367,16843,16575,14759,214,31,1425,2,144,268,249,48,89,57,2,25,2,7,0,2,0,0,1,0,14,2,18,1,0,0,16843,410,16433,16209,14539,199,28,1420,2,21,224,207,16,1,0,0,13777,13617,11962,178,25,1353,1,98,160,149,10,1,0,0,13777,279,13498,13362,11813,166,23,1349,1,10,136,127,8,1,0,0,7594,6846,748
Johnson County,IA,50,2,4,19,103,1590355537,23595204,130882,55967,41.6687365,-91.5888122,130882,127917,112083,6305,287,6819,51,2372,2965,2768,914,409,836,41,278,65,52,4,54,17,11,9,9,62,7,183,11,2,1,130882,6200,124682,122207,108767,6163,226,6774,47,230,2475,2326,139,9,1,0,104964,103457,91997,4074,225,5532,42,1587,1507,1403,93,8,2,1,104964,4207,100757,99507,89676,3996,175,5502,38,120,1250,1172,71,6,1,0,55967,52715,3252
Jones County,IA,50,2,4,19,105,1490851138,3582593,20638,8911,42.1251175,-91.1169141,20638,20515,19901,408,49,90,2,65,123,116,42,35,24,0,12,1,0,0,0,0,0,1,1,0,0,7,0,0,0,20638,270,20368,20261,19716,405,42,90,2,6,107,104,3,0,0,0,16012,15965,15448,375,34,59,2,47,47,45,2,0,0,0,16012,193,15819,15782,15316,373,31,59,2,1,37,37,0,0,0,0,8911,8181,730
Keokuk County,IA,50,2,4,19,107,1500067240,1929331,10511,4931,41.3311823,-92.1677213,10511,10449,10339,50,14,18,0,28,62,58,19,17,8,2,7,0,0,0,0,0,0,3,1,1,0,2,2,0,0,10511,90,10421,10367,10286,50,14,16,0,1,54,50,2,2,0,0,8069,8032,7966,20,13,15,0,18,37,36,0,1,0,0,8069,61,8008,7976,7930,20,13,13,0,0,32,31,0,1,0,0,4931,4408,523
Kossuth County,IA,50,2,4,19,109,2519332852,4154729,15543,7486,43.2124777,-94.213983,15543,15423,15223,44,20,59,4,73,120,112,43,15,26,2,21,0,0,0,0,2,0,3,0,0,0,8,0,0,0,15543,215,15328,15237,15121,43,8,59,0,6,91,87,4,0,0,0,11988,11953,11831,23,12,37,1,49,35,33,2,0,0,0,11988,115,11873,11846,11777,23,5,37,0,4,27,26,1,0,0,0,7486,6697,789
Lee County,IA,50,2,4,19,111,1340366450,55293745,35862,16205,40.6475875,-91.4771574,35862,35168,33537,1118,68,183,11,251,694,651,322,165,59,22,56,12,0,0,8,1,1,1,2,1,1,43,0,0,0,35862,1092,34770,34187,32833,1094,61,181,7,11,583,548,35,0,0,0,27901,27611,26354,869,59,141,7,181,290,275,15,0,0,0,27901,686,27215,26962,25897,860,54,139,6,6,253,238,15,0,0,0,16205,14610,1595
Linn County,IA,50,2,4,19,113,1856710588,19748575,211226,92251,42.0779506,-91.5976735,211226,206293,191884,8346,565,3806,180,1512,4933,4632,2430,694,850,60,290,120,36,11,39,18,0,10,20,42,12,274,15,12,0,211226,5534,205692,201333,188592,8160,479,3783,162,157,4359,4113,228,11,7,0,159379,157627,148176,5171,392,2787,108,993,1752,1624,117,7,4,0,159379,3347,156032,154476,146120,5085,334,2766,98,73,1556,1449,98,6,3,0,92251,86134,6117
Louisa County,IA,50,2,4,19,115,1040569636,40798459,11387,5002,41.2182111,-91.2569936,11387,11214,10272,60,33,102,8,739,173,162,27,26,15,4,66,1,0,0,5,1,0,1,0,16,0,7,4,0,0,11387,1797,9590,9502,9309,52,26,101,7,7,88,83,1,4,0,0,8444,8360,7755,47,23,87,5,443,84,82,1,1,0,0,8444,1052,7392,7348,7194,43,17,86,4,4,44,43,0,1,0,0,5002,4346,656
Lucas County,IA,50,2,4,19,117,1115231642,9852849,8898,4238,41.033344,-93.3314666,8898,8844,8769,17,16,15,3,24,54,51,9,18,11,2,9,0,0,0,2,0,0,0,0,0,0,3,0,0,0,8898,89,8809,8763,8720,15,9,15,3,1,46,43,3,0,0,0,6723,6692,6643,10,9,10,3,17,31,31,0,0,0,0,6723,57,6666,6640,6610,9,7,10,3,1,26,26,0,0,0,0,4238,3689,549
Lyon County,IA,50,2,4,19,119,1522007130,334472,11581,4848,43.3835796,-96.2072011,11581,11511,11340,10,9,25,0,127,70,56,9,30,5,1,10,0,0,0,1,0,0,0,0,0,0,14,0,0,0,11581,212,11369,11312,11267,9,8,25,0,3,57,43,14,0,0,0,8376,8344,8243,5,8,18,0,70,32,27,5,0,0,0,8376,120,8256,8229,8198,5,7,18,0,1,27,22,5,0,0,0,4848,4442,406
Madison County,IA,50,2,4,19,121,1452999410,2983842,15679,6554,41.3306216,-94.0151842,15679,15541,15376,46,28,51,1,39,138,128,26,42,34,1,14,0,0,0,7,0,0,0,4,0,0,7,3,0,0,15679,197,15482,15361,15233,45,26,51,1,5,121,111,7,3,0,0,11411,11358,11264,19,18,32,1,24,53,50,2,1,0,0,11411,109,11302,11253,11183,19,17,32,1,1,49,46,2,1,0,0,6554,6025,529
Mahaska County,IA,50,2,4,19,123,1478527687,6564800,22381,9766,41.3307969,-92.6363663,22381,22135,21428,254,60,255,4,134,246,241,93,54,58,6,15,1,1,0,0,1,0,5,3,4,0,4,1,0,0,22381,360,22021,21802,21242,251,47,250,4,8,219,215,3,1,0,0,16940,16835,16292,209,46,187,3,98,105,104,1,0,0,0,16940,228,16712,16624,16188,208,37,184,3,4,88,87,1,0,0,0,9766,8975,791
Marion County,IA,50,2,4,19,125,1436237259,41374638,33309,13914,41.3314552,-93.093849,33309,32964,32203,225,60,379,6,91,345,331,95,113,58,14,27,1,3,0,0,1,0,0,0,18,1,14,0,0,0,33309,531,32778,32479,31834,211,44,379,6,5,299,285,14,0,0,0,24947,24787,24291,134,45,257,5,55,160,151,9,0,0,0,24947,301,24646,24502,24075,126,36,257,5,3,144,135,9,0,0,0,13914,12723,1191
Marshall County,IA,50,2,4,19,127,1482770678,1803086,40648,16831,42.041691,-92.9814523,40648,39818,36071,679,186,536,50,2296,830,793,211,108,108,11,263,6,3,1,42,4,0,11,6,18,1,37,0,0,0,40648,7017,33631,33138,31807,629,104,526,39,33,493,472,21,0,0,0,30344,29981,27675,443,100,410,31,1322,363,344,19,0,0,0,30344,3762,26582,26357,25417,421,67,406,26,20,225,215,10,0,0,0,16831,15538,1293
Mills County,IA,50,2,4,19,129,1132956394,8306523,15059,6109,41.0337028,-95.619101,15059,14894,14639,57,49,55,10,84,165,151,38,54,23,14,16,2,0,0,0,0,0,3,1,0,0,9,3,2,0,15059,359,14700,14559,14390,57,41,55,10,6,141,128,8,3,2,0,11240,11156,10995,40,35,30,7,49,84,77,5,1,1,0,11240,191,11049,10974,10865,40,30,30,7,2,75,68,5,1,1,0,6109,5605,504
Mitchell County,IA,50,2,4,19,131,1215049026,1118418,10776,4850,43.3485643,-92.7844663,10776,10722,10621,21,10,28,2,40,54,49,10,15,10,2,8,1,0,0,0,1,0,0,2,0,0,5,0,0,0,10776,110,10666,10623,10564,20,9,28,2,0,43,38,5,0,0,0,8112,8082,8016,14,9,19,2,22,30,28,2,0,0,0,8112,63,8049,8027,7985,13,8,19,2,0,22,20,2,0,0,0,4850,4395,455
Monona County,IA,50,2,4,19,133,1797638295,12591879,9243,4697,42.0494317,-95.9565661,9243,9153,8972,33,97,20,4,27,90,86,41,24,13,2,0,1,0,0,0,2,0,2,1,0,0,2,2,0,0,9243,107,9136,9051,8904,33,90,20,4,0,85,83,2,0,0,0,7195,7164,7066,17,49,16,2,14,31,27,2,2,0,0,7195,54,7141,7113,7030,17,48,16,2,0,28,26,2,0,0,0,4697,4050,647
Monroe County,IA,50,2,4,19,135,1123316981,1522806,7970,3884,41.0288473,-92.8696415,7970,7868,7764,22,11,31,0,40,102,96,26,20,14,1,28,1,1,0,4,1,0,0,0,0,0,6,0,0,0,7970,169,7801,7739,7677,22,10,29,0,1,62,62,0,0,0,0,6045,6003,5936,9,9,23,0,26,42,40,2,0,0,0,6045,91,5954,5932,5892,9,8,22,0,1,22,22,0,0,0,0,3884,3213,671
Montgomery County,IA,50,2,4,19,137,1098405666,2410460,10740,5239,41.0217348,-95.1577896,10740,10641,10460,25,38,23,5,90,99,96,26,39,10,4,16,0,0,0,0,1,0,0,0,0,0,3,0,0,0,10740,305,10435,10354,10265,25,35,23,5,1,81,79,2,0,0,0,8229,8179,8069,15,24,14,5,52,50,48,2,0,0,0,8229,168,8061,8022,7964,15,23,14,5,1,39,38,1,0,0,0,5239,4558,681
Muscatine County,IA,50,2,4,19,139,1133040484,30198875,42745,17910,41.483776,-91.1186992,42745,41932,38061,606,133,350,13,2769,813,762,168,136,79,5,327,6,2,0,10,8,2,6,1,8,4,48,2,1,0,42745,6803,35942,35527,34518,545,76,334,13,41,415,389,25,1,0,0,31581,31212,28780,346,90,253,9,1734,369,342,25,2,0,0,31581,3965,27616,27425,26778,320,57,243,9,18,191,177,13,1,0,0,17910,16412,1498
O'Brien County,IA,50,2,4,19,141,1484154091,447448,14398,6649,43.0837455,-95.6256244,14398,14284,13829,67,18,82,1,287,114,101,23,27,13,3,29,0,0,0,1,0,0,1,0,4,0,13,0,0,0,14398,545,13853,13766,13605,56,16,82,1,6,87,74,13,0,0,0,11005,10962,10694,41,15,48,1,163,43,38,5,0,0,0,11005,304,10701,10663,10566,33,14,48,1,1,38,33,5,0,0,0,6649,6069,580
Osceola County,IA,50,2,4,19,143,1032587437,1835265,6462,2990,43.3785421,-95.6337878,6462,6412,6149,18,21,19,5,200,50,49,10,15,10,3,6,0,0,0,4,0,0,0,1,0,0,1,0,0,0,6462,430,6032,5994,5937,15,19,19,1,3,38,38,0,0,0,0,4972,4948,4794,7,17,14,1,115,24,24,0,0,0,0,4972,249,4723,4705,4666,5,16,14,1,3,18,18,0,0,0,0,2990,2682,308
Page County,IA,50,2,4,19,145,1385494422,1359125,15932,7181,40.7390902,-95.1442898,15932,15713,15039,352,86,116,6,114,219,208,64,61,45,2,18,4,0,1,4,5,1,0,0,3,0,9,2,0,0,15932,438,15494,15305,14767,344,69,116,4,5,189,180,8,1,0,0,12426,12316,11842,244,64,78,6,82,110,103,6,1,0,0,12426,253,12173,12074,11694,240,54,78,4,4,99,92,6,1,0,0,7181,6393,788
Palo Alto County,IA,50,2,4,19,147,1460349241,14480046,9421,4628,43.0758537,-94.6672965,9421,9342,9211,44,21,31,6,29,79,72,11,28,17,0,9,3,0,0,4,0,0,0,0,0,0,4,1,2,0,9421,152,9269,9209,9108,44,21,31,4,1,60,53,4,1,2,0,7353,7311,7216,34,15,22,2,22,42,38,2,0,2,0,7353,89,7264,7231,7158,34,15,22,1,1,33,29,2,0,2,0,4628,3994,634
Plymouth County,IA,50,2,4,19,149,2234881736,2177308,24986,10550,42.7375854,-96.2158638,24986,24736,24086,76,71,117,16,370,250,246,75,59,43,19,39,4,0,1,2,1,0,0,0,3,0,4,0,0,0,24986,742,24244,24042,23782,73,51,115,16,5,202,200,2,0,0,0,18502,18421,18042,43,44,71,10,211,81,81,0,0,0,0,18502,390,18112,18039,17880,41,34,71,10,3,73,73,0,0,0,0,10550,9875,675
Pocahontas County,IA,50,2,4,19,151,1495047042,3666526,7310,3794,42.7340333,-94.6782789,7310,7231,7126,26,12,12,10,45,79,76,20,12,9,3,25,1,0,0,0,1,0,5,0,0,0,3,0,0,0,7310,166,7144,7098,7043,26,9,12,8,0,46,43,3,0,0,0,5741,5715,5643,17,8,9,8,30,26,25,1,0,0,0,5741,85,5656,5636,5598,17,6,9,6,0,20,19,1,0,0,0,3794,3233,561
Polk County,IA,50,2,4,19,153,1486121332,45945876,430640,182262,41.6842807,-93.5697204,430640,420235,364895,25853,1384,15220,254,12629,10405,9749,3780,1253,1938,135,1462,267,161,16,323,62,12,74,53,166,47,607,43,6,0,430640,32647,397993,389899,347710,25344,894,15118,228,605,8094,7616,441,32,5,0,320715,316504,280063,16744,928,10975,184,7610,4211,3939,247,21,4,0,320715,19054,301661,298494,269979,16507,654,10912,169,273,3167,2960,186,18,3,0,182262,170197,12065
Pottawattamie County,IA,50,2,4,19,155,2461213949,22925740,93158,39330,41.3401835,-95.5449053,93158,91388,86558,1267,441,570,27,2525,1770,1672,494,407,223,29,397,47,2,3,20,8,0,15,5,21,1,86,8,4,0,93158,6151,87007,85769,83609,1216,334,549,25,36,1238,1176,61,1,0,0,70679,69839,66636,875,320,421,21,1566,840,790,41,5,4,0,70679,3559,67120,66522,64968,848,251,411,21,23,598,571,26,1,0,0,39330,36775,2555
Poweshiek County,IA,50,2,4,19,157,1514967877,2939136,18914,8949,41.6845262,-92.5228819,18914,18655,17957,220,50,260,21,147,259,227,60,44,81,3,23,4,6,0,1,0,0,0,1,4,0,32,0,0,0,18914,456,18458,18241,17705,213,41,255,21,6,217,189,28,0,0,0,14962,14804,14258,160,37,220,21,108,158,138,20,0,0,0,14962,323,14639,14507,14079,154,30,218,21,5,132,115,17,0,0,0,8949,7555,1394
Ringgold County,IA,50,2,4,19,159,1386933932,8721518,5131,2613,40.7353342,-94.2442514,5131,5093,5004,17,14,16,0,42,38,30,5,11,7,1,4,0,0,0,0,0,0,0,0,0,2,8,0,0,0,5131,91,5040,5014,4966,17,13,16,0,2,26,25,1,0,0,0,3888,3869,3819,7,8,15,0,20,19,18,1,0,0,0,3888,47,3841,3827,3796,7,7,15,0,2,14,14,0,0,0,0,2613,2047,566
Sac County,IA,50,2,4,19,161,1489272900,8596902,10350,5429,42.3875259,-95.1052244,10350,10263,10125,31,7,16,5,79,87,85,23,32,9,0,12,0,0,0,0,1,0,0,3,5,0,2,0,0,0,10350,195,10155,10087,10031,31,6,15,3,1,68,68,0,0,0,0,8025,7986,7903,14,7,13,5,44,39,39,0,0,0,0,8025,105,7920,7889,7853,14,6,12,3,1,31,31,0,0,0,0,5429,4482,947
Scott County,IA,50,2,4,19,163,1186444226,26215864,165224,71835,41.6416793,-90.6222899,165224,160319,142267,11728,496,3332,68,2428,4905,4511,2266,716,475,60,570,130,73,2,105,14,3,21,12,63,1,357,36,1,0,165224,9197,156027,152181,136884,11413,369,3295,53,167,3846,3586,242,18,0,0,124658,122825,110879,7597,361,2335,46,1607,1833,1692,125,15,1,0,124658,5382,119276,117865,107690,7467,275,2315,38,80,1411,1310,93,8,0,0,71835,66765,5070
Shelby County,IA,50,2,4,19,165,1530110414,1486135,12167,5542,41.6790143,-95.3089173,12167,12085,11909,32,28,46,2,68,82,78,18,39,15,3,3,0,0,0,0,0,0,0,0,0,0,4,0,0,0,12167,219,11948,11871,11763,31,24,46,0,7,77,74,3,0,0,0,9301,9252,9141,20,17,26,2,46,49,48,1,0,0,0,9301,133,9168,9122,9056,19,16,26,0,5,46,45,1,0,0,0,5542,5085,457
Sioux County,IA,50,2,4,19,167,1989969635,1707495,33704,12279,43.0828542,-96.1779289,33704,33390,31441,129,96,272,4,1448,314,301,81,37,46,10,102,1,1,1,3,4,0,1,0,7,7,12,1,0,0,33704,3001,30703,30513,30090,104,48,264,3,4,190,183,6,1,0,0,24657,24527,23329,73,51,179,4,891,130,124,6,0,0,0,24657,1742,22915,22840,22577,52,28,177,3,3,75,71,4,0,0,0,12279,11584,695
Story County,IA,50,2,4,19,169,1483592867,2152172,89542,36789,42.0375379,-93.4660934,89542,88024,79344,2196,163,5383,20,918,1518,1402,429,233,468,11,121,23,11,5,32,16,0,3,8,39,3,101,12,3,0,89542,2695,86847,85569,77812,2125,134,5369,17,112,1278,1200,69,6,3,0,73589,72694,65695,1538,117,4660,18,666,895,834,55,5,1,0,73589,1912,71677,70926,64617,1493,95,4647,15,59,751,705,42,3,1,0,36789,34736,2053
Tama County,IA,50,2,4,19,171,1867411117,2769451,17767,7766,42.0748481,-92.5294115,17767,17316,15373,60,1327,46,4,506,451,429,36,215,36,3,65,16,0,0,7,0,5,33,5,1,7,22,0,0,0,17767,1320,16447,16172,14874,59,1183,45,3,8,275,258,17,0,0,0,13227,13050,11858,25,838,32,4,293,177,172,5,0,0,0,13227,665,12562,12458,11599,24,796,32,3,4,104,101,3,0,0,0,7766,6947,819
Taylor County,IA,50,2,4,19,173,1377618597,7133648,6317,3107,40.7379489,-94.6971082,6317,6258,6068,14,9,17,3,147,59,57,12,20,6,0,16,0,0,0,0,0,0,0,0,0,3,2,0,0,0,6317,364,5953,5910,5872,12,9,17,0,0,43,41,2,0,0,0,4841,4809,4694,9,6,12,1,87,32,32,0,0,0,0,4841,214,4627,4600,4575,7,6,12,0,0,27,27,0,0,0,0,3107,2679,428
Union County,IA,50,2,4,19,175,1097235730,5575916,12534,5937,41.0285502,-94.2450907,12534,12409,12144,89,39,60,3,74,125,115,32,41,22,4,10,1,0,0,1,0,3,0,0,1,0,6,4,0,0,12534,225,12309,12211,12029,88,30,59,3,2,98,98,0,0,0,0,9598,9546,9379,58,21,37,3,48,52,50,1,1,0,0,9598,124,9474,9434,9316,57,20,36,3,2,40,40,0,0,0,0,5937,5271,666
Van Buren County,IA,50,2,4,19,177,1255597645,14839903,7570,3670,40.7541168,-91.952943,7570,7517,7439,15,10,40,1,12,53,45,10,18,6,1,9,0,0,0,0,0,0,0,1,0,0,8,0,0,0,7570,88,7482,7440,7373,15,10,40,1,1,42,34,8,0,0,0,5748,5715,5667,5,6,28,1,8,33,29,4,0,0,0,5748,48,5700,5676,5635,5,6,28,1,1,24,20,4,0,0,0,3670,3108,562
Wapello County,IA,50,2,4,19,179,1118443326,10846138,35625,16098,41.0312631,-92.4094822,35625,35074,32802,482,176,254,48,1312,551,524,173,128,59,6,115,1,10,0,7,2,1,5,6,3,8,27,0,0,0,35625,3234,32391,31996,31157,447,90,250,43,9,395,373,22,0,0,0,27506,27258,25779,333,117,188,23,818,248,235,13,0,0,0,27506,1869,25637,25449,24847,314,73,187,22,6,188,175,13,0,0,0,16098,14552,1546
Warren County,IA,50,2,4,19,181,1475844938,9125380,46225,18371,41.3367685,-93.5643662,46225,45663,44887,216,109,250,11,190,562,524,170,120,118,22,74,5,4,1,1,2,0,7,0,0,0,38,0,0,0,46225,899,45326,44870,44266,213,96,249,10,36,456,424,32,0,0,0,34207,33966,33483,143,60,156,10,114,241,221,20,0,0,0,34207,492,33715,33523,33146,141,53,155,9,19,192,176,16,0,0,0,18371,17262,1109
Washington County,IA,50,2,4,19,183,1473276393,5399692,21704,9516,41.3294011,-91.7250523,21704,21386,20796,146,56,72,13,303,318,304,77,72,42,1,102,1,0,0,4,1,0,0,1,1,2,12,0,2,0,21704,1138,20566,20381,20114,140,40,72,13,2,185,176,8,0,1,0,16245,16120,15748,93,40,54,8,177,125,118,5,0,2,0,16245,637,15608,15533,15350,88,32,54,8,1,75,71,3,0,1,0,9516,8741,775
Wayne County,IA,50,2,4,19,185,1360874542,4441137,6403,3212,40.7399827,-93.3326126,6403,6355,6275,18,12,18,1,31,48,48,17,18,8,2,2,0,0,0,0,0,0,1,0,0,0,0,0,0,0,6403,69,6334,6289,6244,17,12,15,1,0,45,45,0,0,0,0,4903,4877,4834,8,8,13,0,14,26,26,0,0,0,0,4903,37,4866,4843,4816,7,8,12,0,0,23,23,0,0,0,0,3212,2652,560
Webster County,IA,50,2,4,19,187,1853443769,7277623,38013,17035,42.434397,-94.1791565,38013,37332,35095,1462,112,246,9,408,681,650,354,104,64,18,86,9,7,0,5,0,1,1,0,0,1,26,5,0,0,38013,1446,36567,36018,34210,1435,90,241,7,35,549,528,16,5,0,0,29594,29365,27689,1132,95,182,6,261,229,215,13,1,0,0,29594,858,28736,28552,27167,1111,78,178,5,13,184,174,9,1,0,0,17035,15580,1455
Winnebago County,IA,50,2,4,19,189,1037261544,3182052,10866,5194,43.3781243,-93.7434883,10866,10755,10441,85,22,88,1,118,111,109,31,13,26,0,32,0,0,0,2,0,1,0,1,3,0,2,0,0,0,10866,360,10506,10432,10247,78,18,85,1,3,74,72,2,0,0,0,8512,8462,8224,69,17,65,1,86,50,48,2,0,0,0,8512,218,8294,8256,8110,65,14,63,1,3,38,36,2,0,0,0,5194,4597,597
Winneshiek County,IA,50,2,4,19,191,1786750121,698598,21056,8721,43.2929889,-91.850788,21056,20896,20347,133,13,226,4,173,160,155,39,31,39,3,27,1,4,1,2,1,1,2,1,3,0,4,1,0,0,21056,418,20638,20522,20153,130,10,224,2,3,116,113,3,0,0,0,16759,16682,16258,108,12,184,2,118,77,74,2,1,0,0,16759,253,16506,16442,16139,105,10,183,2,3,64,63,1,0,0,0,8721,7997,724
Woodbury County,IA,50,2,4,19,193,2260629616,12793293,102172,41484,42.3932198,-96.0532956,102172,98866,85387,2456,2254,2423,106,6240,3306,3094,934,641,345,35,773,106,36,10,28,25,3,93,12,28,25,202,7,2,1,102172,13993,88179,86012,79282,2384,1789,2395,102,60,2167,2021,138,5,2,1,74958,73575,65008,1631,1365,1723,59,3789,1383,1329,47,4,2,1,74958,7836,67122,66226,61664,1605,1167,1705,55,30,896,859,31,3,2,1,41484,39052,2432
Worth County,IA,50,2,4,19,195,1036314948,4709127,7598,3548,43.373491,-93.2485332,7598,7531,7435,27,14,24,0,31,67,64,12,26,10,1,5,1,2,0,2,0,0,0,1,4,0,3,0,0,0,7598,147,7451,7392,7335,21,10,24,0,2,59,56,3,0,0,0,5841,5806,5748,7,9,19,0,23,35,33,2,0,0,0,5841,88,5753,5722,5688,6,8,19,0,1,31,29,2,0,0,0,3548,3172,376
Wright County,IA,50,2,4,19,197,1503286817,4703964,13229,6529,42.7330073,-93.7347352,13229,13020,12545,57,20,33,6,359,209,206,32,52,36,2,75,0,0,0,2,0,0,3,0,0,4,3,0,0,0,13229,1274,11955,11839,11738,40,20,33,3,5,116,115,1,0,0,0,10143,10060,9759,30,12,23,6,230,83,81,2,0,0,0,10143,748,9395,9351,9294,15,12,23,3,4,44,43,1,0,0,0,6529,5625,904
Allen County,KS,50,2,4,20,1,1295779123,13007076,13371,6226,37.8842285,-95.3009448,13371,13036,12478,249,108,68,2,131,335,305,88,154,24,1,20,7,1,0,2,1,0,5,1,1,0,27,3,0,0,13371,392,12979,12700,12285,243,99,67,2,4,279,260,19,0,0,0,10223,10043,9622,194,86,49,2,90,180,170,9,1,0,0,10223,247,9976,9822,9504,189,78,48,2,1,154,148,6,0,0,0,6226,5475,751
Anderson County,KS,50,2,4,20,3,1501276302,10586961,8102,3720,38.2151139,-95.2920464,8102,8002,7843,40,39,37,1,42,100,93,15,61,2,3,12,0,0,0,0,0,0,0,0,0,0,7,0,0,0,8102,123,7979,7892,7774,40,38,36,1,3,87,81,6,0,0,0,6045,5994,5894,22,27,24,1,26,51,45,6,0,0,0,6045,70,5975,5927,5854,22,26,23,1,1,48,43,5,0,0,0,3720,3260,460
Atchison County,KS,50,2,4,20,5,1116729659,6857598,16924,6990,39.5325441,-95.3133975,16924,16508,15395,853,93,70,8,89,416,392,187,116,27,9,38,10,0,0,3,0,1,1,0,0,0,24,0,0,0,16924,383,16541,16176,15152,844,86,70,8,16,365,341,24,0,0,0,12831,12658,11869,596,73,47,8,65,173,160,13,0,0,0,12831,234,12597,12443,11720,593,69,47,8,6,154,141,13,0,0,0,6990,6241,749
Barber County,KS,50,2,4,20,7,2937235546,5420045,4861,2765,37.2229059,-98.685052,4861,4794,4673,22,27,20,0,52,67,67,17,33,9,0,7,0,0,0,0,0,0,1,0,0,0,0,0,0,0,4861,119,4742,4685,4608,20,24,20,0,13,57,57,0,0,0,0,3769,3732,3652,15,23,13,0,29,37,37,0,0,0,0,3769,68,3701,3670,3620,14,20,13,0,3,31,31,0,0,0,0,2765,2139,626
Barton County,KS,50,2,4,20,9,2319075093,13557185,27674,12696,38.4812394,-98.7678374,27674,27129,24567,399,148,54,16,1945,545,520,127,160,30,5,149,5,6,1,13,1,0,16,0,7,0,18,5,2,0,27674,3683,23991,23653,23092,367,111,53,8,22,338,322,14,2,0,0,20890,20639,19030,305,116,43,6,1139,251,241,7,2,1,0,20890,2073,18817,18653,18210,290,94,42,5,12,164,157,6,1,0,0,12696,11283,1413
Bourbon County,KS,50,2,4,20,11,1645861744,9377657,15173,7167,37.8560997,-94.8509284,15173,14819,14115,427,114,69,5,89,354,338,102,160,24,12,17,8,0,0,6,1,0,3,1,4,0,16,0,0,0,15173,309,14864,14543,13953,409,101,69,5,6,321,311,10,0,0,0,11287,11115,10612,335,74,45,4,45,172,170,2,0,0,0,11287,146,11141,10982,10532,327,70,45,4,4,159,157,2,0,0,0,7167,5986,1181
Brown County,KS,50,2,4,20,13,1478551884,3196161,9984,4779,39.8259308,-95.5699047,9984,9663,8494,123,924,31,1,90,321,305,67,181,12,4,28,2,0,0,1,0,2,6,2,0,0,15,1,0,0,9984,306,9678,9413,8391,116,869,31,1,5,265,258,7,0,0,0,7450,7296,6520,94,597,26,1,58,154,149,5,0,0,0,7450,163,7287,7150,6464,89,567,26,1,3,137,135,2,0,0,0,4779,4094,685
Butler County,KS,50,2,4,20,15,3703329246,43160444,65880,26058,37.7736811,-96.8387616,65880,64419,61576,1096,636,467,45,599,1461,1398,295,671,189,27,166,12,4,0,7,7,3,10,3,3,1,62,1,0,0,65880,2602,63278,62091,59920,1054,586,452,31,48,1187,1140,46,1,0,0,48129,47461,45303,939,461,319,30,409,668,646,22,0,0,0,48129,1569,46560,45996,44301,906,433,309,21,26,564,546,18,0,0,0,26058,23992,2066
Chase County,KS,50,2,4,20,17,2002216830,12088093,2790,1503,38.2985525,-96.5940642,2790,2740,2661,34,12,9,0,24,50,48,10,18,5,1,13,0,0,1,0,0,0,0,0,0,0,2,0,0,0,2790,100,2690,2652,2597,34,12,8,0,1,38,37,1,0,0,0,2175,2146,2085,34,4,8,0,15,29,29,0,0,0,0,2175,77,2098,2077,2031,34,4,7,0,1,21,21,0,0,0,0,1503,1150,353
Chautauqua County,KS,50,2,4,20,19,1654693205,15244179,3669,2150,37.1542592,-96.2453962,3669,3531,3331,16,150,3,2,29,138,137,16,109,4,1,5,1,0,0,0,0,1,0,0,0,0,1,0,0,0,3669,87,3582,3456,3291,13,148,3,1,0,126,126,0,0,0,0,2911,2816,2671,13,100,3,2,27,95,94,1,0,0,0,2911,65,2846,2758,2646,10,98,3,1,0,88,88,0,0,0,0,2150,1612,538
Cherokee County,KS,50,2,4,20,21,1521793550,8948884,21603,9890,37.1693922,-94.8456975,21603,20750,19513,118,876,64,65,114,853,832,101,635,43,8,25,9,0,0,0,3,3,3,0,2,0,21,0,0,0,21603,424,21179,20381,19280,116,855,64,65,1,798,780,18,0,0,0,16214,15720,14928,79,575,45,32,61,494,489,5,0,0,0,16214,219,15995,15522,14800,78,567,45,32,0,473,469,4,0,0,0,9890,8625,1265
Cheyenne County,KS,50,2,4,20,23,2641495949,2738022,2726,1518,39.7892558,-101.7273018,2726,2707,2664,2,6,19,0,16,19,19,3,7,3,0,6,0,0,0,0,0,0,0,0,0,0,0,0,0,0,2726,142,2584,2570,2543,2,6,19,0,0,14,14,0,0,0,0,2145,2135,2101,2,5,16,0,11,10,10,0,0,0,0,2145,79,2066,2058,2035,2,5,16,0,0,8,8,0,0,0,0,1518,1260,258
Clark County,KS,50,2,4,20,25,2524286181,6604959,2215,1135,37.2338311,-99.8138686,2215,2149,2047,1,14,17,2,68,66,66,13,34,4,2,12,0,0,0,0,0,1,0,0,0,0,0,0,0,0,2215,163,2052,1999,1967,0,11,17,2,2,53,53,0,0,0,0,1656,1629,1567,0,10,11,2,39,27,27,0,0,0,0,1656,82,1574,1554,1532,0,8,11,2,1,20,20,0,0,0,0,1135,923,212
Clay County,KS,50,2,4,20,27,1671322093,26674040,8535,4042,39.3449643,-97.1688527,8535,8430,8301,34,38,26,2,29,105,98,14,53,17,1,7,2,0,0,0,3,0,1,0,0,0,7,0,0,0,8535,162,8373,8280,8184,34,32,26,2,2,93,89,4,0,0,0,6514,6462,6370,24,25,24,2,17,52,50,2,0,0,0,6514,83,6431,6386,6311,24,24,24,2,1,45,43,2,0,0,0,4042,3559,483
Cloud County,KS,50,2,4,20,29,1852726587,6859864,9533,4659,39.4873286,-97.6413898,9533,9396,9189,51,30,20,1,105,137,125,30,62,13,1,17,1,0,0,0,0,0,0,0,1,0,12,0,0,0,9533,283,9250,9143,9035,49,24,20,1,14,107,98,9,0,0,0,7396,7319,7175,40,19,14,1,70,77,71,6,0,0,0,7396,166,7230,7165,7087,38,16,14,1,9,65,59,6,0,0,0,4659,3910,749
Coffey County,KS,50,2,4,20,31,1623784229,70310651,8601,3964,38.2364502,-95.7291373,8601,8469,8298,47,59,36,0,29,132,126,22,83,11,1,9,0,0,0,0,0,0,0,0,0,0,6,0,0,0,8601,176,8425,8314,8176,47,57,34,0,0,111,106,5,0,0,0,6514,6444,6325,31,41,26,0,21,70,67,3,0,0,0,6514,96,6418,6356,6261,31,39,25,0,0,62,60,2,0,0,0,3964,3497,467
Comanche County,KS,50,2,4,20,33,2041681413,3604153,1891,1044,37.1890712,-99.2540887,1891,1867,1825,6,4,5,2,25,24,24,3,17,0,0,4,0,0,0,0,0,0,0,0,0,0,0,0,0,0,1891,73,1818,1797,1783,6,2,5,1,0,21,21,0,0,0,0,1456,1445,1424,1,1,1,2,16,11,11,0,0,0,0,1456,40,1416,1405,1401,1,1,1,1,0,11,11,0,0,0,0,1044,824,220
Cowley County,KS,50,2,4,20,35,2915679697,17291321,36311,16030,37.2345068,-96.8372468,36311,35061,31317,1004,724,586,17,1413,1250,1196,319,553,75,9,166,17,8,0,11,10,0,12,2,9,5,53,1,0,0,36311,3292,33019,32050,29832,971,644,578,13,12,969,937,31,1,0,0,27441,26861,24237,791,499,427,13,894,580,558,21,1,0,0,27441,1900,25541,25070,23410,773,448,422,9,8,471,453,17,1,0,0,16030,13940,2090
Crawford County,KS,50,2,4,20,37,1527461827,13611094,39134,17801,37.5056283,-94.8539407,39134,38109,35685,785,354,476,79,730,1025,981,314,380,129,21,80,22,5,3,4,0,5,3,0,7,8,41,0,3,0,39134,1762,37372,36493,34842,757,331,468,71,24,879,850,26,0,3,0,30409,29899,28152,552,266,421,54,454,510,493,16,0,1,0,30409,1051,29358,28910,27641,541,251,413,49,15,448,436,11,0,1,0,17801,15729,2072
Decatur County,KS,50,2,4,20,39,2314199313,1631670,2961,1818,39.783542,-100.4597084,2961,2933,2883,17,13,7,0,13,28,28,5,13,3,0,3,4,0,0,0,0,0,0,0,0,0,0,0,0,0,2961,30,2931,2906,2869,17,13,7,0,0,25,25,0,0,0,0,2406,2394,2362,7,12,4,0,9,12,12,0,0,0,0,2406,20,2386,2375,2352,7,12,4,0,0,11,11,0,0,0,0,1818,1378,440
Dickinson County,KS,50,2,4,20,41,2193906542,12634524,19754,8972,38.8677353,-97.1579434,19754,19310,18780,153,99,61,11,206,444,421,146,162,55,1,49,3,1,0,1,1,0,0,1,0,1,20,3,0,0,19754,769,18985,18620,18312,139,82,59,11,17,365,347,18,0,0,0,14859,14673,14310,90,81,44,7,141,186,176,10,0,0,0,14859,447,14412,14260,14052,82,67,43,7,9,152,144,8,0,0,0,8972,8073,899
Doniphan County,KS,50,2,4,20,43,1018914848,12615016,7945,3576,39.7885021,-95.1472253,7945,7765,7396,243,82,16,0,28,180,168,52,85,8,0,10,3,0,0,4,0,0,2,0,4,0,12,0,0,0,7945,165,7780,7622,7282,242,78,16,0,4,158,146,12,0,0,0,6170,6072,5785,189,65,13,0,20,98,93,5,0,0,0,6170,93,6077,5990,5722,188,64,13,0,3,87,82,5,0,0,0,3576,3136,440
Douglas County,KS,50,2,4,20,45,1180699859,48602935,110826,46731,38.8965726,-95.2905294,110826,106675,93667,4357,2951,4146,65,1489,4151,3799,1146,1135,791,38,307,163,49,6,43,24,5,27,34,27,4,335,14,3,0,110826,5651,105175,101696,90532,4204,2636,4112,59,153,3479,3214,251,13,1,0,89695,87424,77147,3336,2255,3513,57,1116,2271,2098,164,6,3,0,89695,3925,85770,83847,74938,3251,2039,3487,52,80,1923,1780,136,6,1,0,46731,43576,3155
Edwards County,KS,50,2,4,20,47,1610697086,208568,3037,1636,37.8835945,-99.3047457,3037,3005,2758,21,21,12,0,193,32,32,9,18,4,0,1,0,0,0,0,0,0,0,0,0,0,0,0,0,0,3037,534,2503,2475,2446,5,11,12,0,1,28,28,0,0,0,0,2316,2301,2132,10,17,11,0,131,15,15,0,0,0,0,2316,322,1994,1981,1956,3,11,11,0,0,13,13,0,0,0,0,1636,1302,334
Elk County,KS,50,2,4,20,49,1668637984,16061465,2882,1760,37.4560259,-96.2446421,2882,2816,2742,0,42,12,1,19,66,62,17,34,6,3,2,0,0,0,0,0,0,0,0,0,0,4,0,0,0,2882,79,2803,2741,2694,0,33,12,1,1,62,58,4,0,0,0,2267,2224,2176,0,27,6,1,14,43,42,1,0,0,0,2267,42,2225,2183,2152,0,23,6,1,1,42,41,1,0,0,0,1760,1284,476
Ellis County,KS,50,2,4,20,51,2330762469,1197085,28452,12872,38.9145957,-99.3173291,28452,27998,26682,242,74,391,5,604,454,431,151,120,51,1,82,7,3,0,1,0,5,4,2,1,3,22,1,0,0,28452,1299,27153,26814,26103,232,63,390,4,22,339,320,19,0,0,0,22471,22267,21308,183,52,334,4,386,204,195,8,1,0,0,22471,823,21648,21498,20931,175,44,333,3,12,150,142,8,0,0,0,12872,11908,964
Ellsworth County,KS,50,2,4,20,53,1854034693,19270084,6497,3239,38.7008451,-98.2053552,6497,6387,5991,299,36,24,0,37,110,104,27,43,9,1,16,4,0,0,0,1,0,0,0,3,0,6,0,0,0,6497,322,6175,6092,5733,299,32,24,0,4,83,77,6,0,0,0,5280,5222,4855,292,28,17,0,30,58,54,4,0,0,0,5280,241,5039,4994,4657,292,24,17,0,4,45,41,4,0,0,0,3239,2463,776
Finney County,KS,50,2,4,20,55,3372079580,1825540,36776,13276,38.0498552,-100.7399289,36776,35727,28304,841,336,1237,14,4995,1049,1026,218,149,69,16,467,10,2,0,33,10,4,24,3,11,10,23,0,0,0,36776,17182,19594,19187,17049,707,151,1207,12,61,407,397,10,0,0,0,25000,24478,19675,603,234,844,9,3113,522,515,7,0,0,0,25000,10054,14946,14761,13241,548,110,827,7,28,185,181,4,0,0,0,13276,12359,917
Ford County,KS,50,2,4,20,57,2844508251,2097359,33848,12005,37.6883653,-99.884734,33848,32936,25494,719,348,489,55,5831,912,842,119,155,83,11,382,10,2,6,20,8,4,19,3,15,5,68,2,0,0,33848,17321,16527,16172,14897,605,127,470,37,36,355,326,28,1,0,0,23378,22924,18195,515,214,364,46,3590,454,430,22,2,0,0,23378,10207,13171,13004,12051,455,93,354,31,20,167,156,10,1,0,0,12005,11145,860
Franklin County,KS,50,2,4,20,59,1480840246,13936113,25992,11147,38.5580187,-95.2789618,25992,25277,24362,329,214,100,2,270,715,681,197,310,52,4,87,15,1,0,3,2,0,5,2,3,0,28,0,6,0,25992,937,25055,24496,23880,320,180,99,2,15,559,548,11,0,0,0,19242,18933,18271,251,150,78,1,182,309,295,8,0,6,0,19242,527,18715,18462,18004,245,128,78,1,6,253,249,4,0,0,0,11147,10104,1043
Geary County,KS,50,2,4,20,61,996156662,51455057,34362,14517,39.0021553,-96.7680381,34362,31982,22738,6319,339,1101,264,1221,2380,2098,814,249,463,52,186,58,101,29,65,10,1,5,25,18,22,254,26,2,0,34362,4252,30110,28269,20587,6015,277,1069,253,68,1841,1640,185,14,2,0,23745,22786,16363,4335,228,889,173,798,959,867,87,4,1,0,23745,2393,21352,20574,15126,4180,192,871,170,35,778,704,70,3,1,0,14517,12690,1827
Gove County,KS,50,2,4,20,63,2775599078,245361,2695,1373,38.9172385,-100.4873598,2695,2679,2646,8,2,11,1,11,16,14,3,4,1,1,1,0,3,0,1,0,0,0,0,0,0,2,0,0,0,2695,42,2653,2639,2618,7,2,11,1,0,14,12,2,0,0,0,2093,2084,2061,6,2,7,1,7,9,9,0,0,0,0,2093,24,2069,2062,2047,5,2,7,1,0,7,7,0,0,0,0,1373,1154,219
Graham County,KS,50,2,4,20,65,2327160854,599432,2597,1484,39.3494451,-99.8809524,2597,2522,2385,99,17,9,0,12,75,61,22,23,4,4,1,3,0,0,0,1,1,0,2,0,0,13,1,0,0,2597,59,2538,2473,2357,96,13,6,0,1,65,56,9,0,0,0,2100,2057,1947,81,12,7,0,10,43,33,9,1,0,0,2100,29,2071,2034,1936,81,10,6,0,1,37,31,6,0,0,0,1484,1196,288
Grant County,KS,50,2,4,20,67,1488724794,892455,7829,2945,37.547537,-101.2993622,7829,7647,6368,47,96,27,0,1109,182,180,12,63,8,0,80,0,0,0,2,0,0,15,0,0,0,2,0,0,0,7829,3439,4390,4330,4240,31,31,26,0,2,60,58,2,0,0,0,5374,5275,4491,19,62,19,0,684,99,98,1,0,0,0,5374,2021,3353,3319,3260,13,26,19,0,1,34,33,1,0,0,0,2945,2716,229
Gray County,KS,50,2,4,20,69,2250356182,1113338,6006,2340,37.7445134,-100.4517163,6006,5931,5610,26,28,13,0,254,75,73,8,21,11,0,27,0,2,0,1,1,0,1,0,1,0,2,0,0,0,6006,855,5151,5108,5050,22,20,13,0,3,43,41,2,0,0,0,4183,4150,3965,11,16,10,0,148,33,31,2,0,0,0,4183,476,3707,3688,3657,9,11,10,0,1,19,17,2,0,0,0,2340,2153,187
Greeley County,KS,50,2,4,20,71,2016176814,0,1247,629,38.4804076,-101.8059837,1247,1229,1143,6,7,4,0,69,18,18,2,4,2,0,9,0,0,0,1,0,0,0,0,0,0,0,0,0,0,1247,171,1076,1068,1056,3,4,4,0,1,8,8,0,0,0,0,981,973,915,3,6,4,0,45,8,8,0,0,0,0,981,96,885,881,871,2,4,4,0,0,4,4,0,0,0,0,629,525,104
Greenwood County,KS,50,2,4,20,73,2961132699,24155799,6689,4068,37.8786589,-96.2422317,6689,6542,6394,23,66,18,0,41,147,139,16,85,15,1,17,3,0,0,1,0,0,1,0,0,0,8,0,0,0,6689,220,6469,6360,6257,23,61,18,0,1,109,109,0,0,0,0,5212,5136,5029,13,46,16,0,32,76,76,0,0,0,0,5212,119,5093,5029,4957,13,43,16,0,0,64,64,0,0,0,0,4068,2988,1080
Hamilton County,KS,50,2,4,20,75,2580942885,2904549,2690,1236,37.9952438,-101.7936887,2690,2652,2134,8,33,7,3,467,38,34,2,18,4,0,8,1,0,0,0,0,0,0,0,0,1,4,0,0,0,2690,827,1863,1838,1801,8,18,7,3,1,25,25,0,0,0,0,1927,1905,1594,2,20,4,3,282,22,21,1,0,0,0,1927,488,1439,1423,1402,2,11,4,3,1,16,16,0,0,0,0,1236,1060,176
Harper County,KS,50,2,4,20,77,2075276375,3913474,6034,3116,37.188184,-98.06659,6034,5948,5711,22,69,5,13,128,86,81,15,40,10,2,9,0,0,0,0,0,0,2,0,1,2,4,1,0,0,6034,298,5736,5669,5582,21,59,5,1,1,67,65,2,0,0,0,4606,4565,4422,14,40,5,5,79,41,40,0,1,0,0,4606,171,4435,4402,4346,13,38,5,0,0,33,33,0,0,0,0,3116,2545,571
Harvey County,KS,50,2,4,20,79,1397957172,2507542,34684,14527,38.0501436,-97.4367065,34684,33874,31693,564,251,256,10,1100,810,761,251,272,85,6,112,14,1,1,7,1,1,4,1,1,4,45,4,0,0,34684,3747,30937,30330,29332,530,181,253,10,24,607,568,36,3,0,0,25831,25471,24010,392,172,199,9,689,360,342,16,2,0,0,25831,2213,23618,23341,22609,376,136,197,9,14,277,260,15,2,0,0,14527,13411,1116
Haskell County,KS,50,2,4,20,81,1495773065,910409,4256,1666,37.5585504,-100.8768686,4256,4170,3641,12,28,10,0,479,86,84,9,29,3,1,36,0,0,0,0,0,0,0,0,4,2,2,0,0,0,4256,1149,3107,3067,3036,4,16,10,0,1,40,40,0,0,0,0,2930,2899,2561,4,21,10,0,303,31,31,0,0,0,0,2930,691,2239,2222,2199,1,12,10,0,0,17,17,0,0,0,0,1666,1510,156
Hodgeman County,KS,50,2,4,20,83,2227369168,826344,1916,973,38.0874927,-99.8984067,1916,1885,1806,20,3,8,0,48,31,31,6,9,3,1,12,0,0,0,0,0,0,0,0,0,0,0,0,0,0,1916,118,1798,1779,1748,20,3,8,0,0,19,19,0,0,0,0,1456,1441,1394,12,2,6,0,27,15,15,0,0,0,0,1456,61,1395,1385,1365,12,2,6,0,0,10,10,0,0,0,0,973,803,170
Jackson County,KS,50,2,4,20,85,1699594134,4666496,13462,5779,39.4109892,-95.7945092,13462,13038,11743,73,1076,48,1,97,424,415,47,295,17,0,29,15,2,0,1,1,0,8,0,0,0,9,0,0,0,13462,438,13024,12657,11559,69,974,48,1,6,367,361,6,0,0,0,9888,9691,8809,48,736,29,1,68,197,193,4,0,0,0,9888,241,9647,9477,8711,45,689,29,1,2,170,167,3,0,0,0,5779,5228,551
Jefferson County,KS,50,2,4,20,87,1379359803,62427436,19126,8160,39.239644,-95.375314,19126,18799,18419,104,171,39,6,60,327,313,51,201,32,7,19,1,0,1,0,0,1,0,0,0,0,14,0,0,0,19126,339,18787,18495,18170,100,166,38,6,15,292,282,10,0,0,0,14401,14216,13948,69,128,25,6,40,185,178,7,0,0,0,14401,191,14210,14041,13814,66,124,24,6,7,169,164,5,0,0,0,8160,7366,794
Jewell County,KS,50,2,4,20,89,2356321996,11859548,3077,2032,39.7770098,-98.2225842,3077,3038,2994,5,20,6,0,13,39,38,11,14,0,0,12,1,0,0,0,0,0,0,0,0,0,1,0,0,0,3077,63,3014,2988,2959,4,17,6,0,2,26,25,1,0,0,0,2500,2483,2458,3,13,3,0,6,17,17,0,0,0,0,2500,31,2469,2457,2439,2,12,3,0,1,12,12,0,0,0,0,2032,1450,582
Johnson County,KS,50,2,4,20,91,1226034453,16890687,544179,226571,38.8839065,-94.8223295,544179,530541,468052,23636,2014,22743,299,13797,13638,12715,3696,2565,3207,168,1683,296,183,38,254,51,11,72,104,349,38,834,76,7,6,544179,38949,505230,494432,446044,23028,1639,22598,259,864,10798,10105,631,50,6,6,400823,394872,351377,16448,1439,16278,206,9124,5951,5587,316,36,7,5,400823,23999,376824,372139,337950,16130,1214,16185,175,485,4685,4403,247,24,6,5,226571,212882,13689
Kearny County,KS,50,2,4,20,93,2254697108,1133601,3977,1556,37.9944614,-101.3081363,3977,3892,3472,23,39,12,1,345,85,80,15,30,2,2,23,0,0,0,1,0,0,1,0,6,0,3,0,2,0,3977,1135,2842,2790,2726,16,37,10,1,0,52,47,3,0,2,0,2790,2754,2487,15,21,9,1,221,36,35,0,0,1,0,2790,685,2105,2085,2044,12,19,9,1,0,20,19,0,0,1,0,1556,1400,156
Kingman County,KS,50,2,4,20,95,2236099115,8536481,7858,3818,37.5529509,-98.1445285,7858,7759,7611,14,47,36,2,49,99,96,8,63,13,0,10,0,0,0,0,0,0,1,0,1,0,3,0,0,0,7858,199,7659,7575,7486,13,38,36,2,0,84,82,2,0,0,0,5958,5907,5816,6,34,21,2,28,51,49,2,0,0,0,5958,102,5856,5807,5750,6,28,21,2,0,49,47,2,0,0,0,3818,3227,591
Kiowa County,KS,50,2,4,20,97,1871626797,596764,2553,1220,37.5612311,-99.2865389,2553,2527,2441,17,24,16,1,28,26,25,7,14,1,0,1,0,0,0,0,0,0,0,0,2,0,1,0,0,0,2553,99,2454,2429,2378,12,22,16,1,0,25,24,1,0,0,0,2003,1984,1934,12,15,9,1,13,19,18,1,0,0,0,2003,51,1952,1934,1901,10,13,9,1,0,18,17,1,0,0,0,1220,1014,206
Labette County,KS,50,2,4,20,99,1671305414,20261495,21607,10092,37.1914676,-95.2974732,21607,20734,19024,1008,467,77,5,153,873,804,246,452,27,8,38,20,3,0,6,1,2,1,0,0,0,64,2,3,0,21607,875,20732,19947,18467,987,401,76,5,11,785,725,57,0,3,0,16345,15929,14701,708,339,63,5,113,416,393,21,1,1,0,16345,495,15850,15467,14389,699,305,62,5,7,383,363,19,0,1,0,10092,8822,1270
Lane County,KS,50,2,4,20,101,1858200248,551220,1750,990,38.4812863,-100.4661853,1750,1721,1666,8,14,4,1,28,29,29,4,18,2,1,0,4,0,0,0,0,0,0,0,0,0,0,0,0,0,1750,74,1676,1651,1628,8,9,4,1,1,25,25,0,0,0,0,1356,1342,1309,3,11,4,1,14,14,14,0,0,0,0,1356,36,1320,1307,1290,3,8,4,1,1,13,13,0,0,0,0,990,799,191
Leavenworth County,KS,50,2,4,20,103,1198726879,15905519,76227,28697,39.1895108,-95.038977,76227,73715,63879,7171,584,965,101,1015,2512,2315,726,580,452,47,218,64,45,26,69,10,2,9,42,13,12,184,9,4,0,76227,4308,71919,69878,61226,7007,526,950,97,72,2041,1896,140,3,2,0,57080,56050,48317,5665,473,788,71,736,1030,957,65,6,2,0,57080,2808,54272,53417,46546,5561,425,777,71,37,855,801,50,2,2,0,28697,26447,2250
Lincoln County,KS,50,2,4,20,105,1863226611,2748359,3241,1864,39.0472763,-98.214265,3241,3214,3158,9,17,6,0,24,27,27,6,9,8,0,4,0,0,0,0,0,0,0,0,0,0,0,0,0,0,3241,72,3169,3146,3116,8,15,6,0,1,23,23,0,0,0,0,2461,2448,2418,5,13,3,0,9,13,13,0,0,0,0,2461,44,2417,2407,2386,4,13,3,0,1,10,10,0,0,0,0,1864,1423,441
Linn County,KS,50,2,4,20,107,1538604962,31951412,9656,5446,38.2165494,-94.8449321,9656,9508,9307,43,63,30,6,59,148,144,15,100,15,1,10,2,0,0,0,0,0,1,0,0,0,4,0,0,0,9656,186,9470,9333,9184,41,60,30,6,12,137,134,3,0,0,0,7416,7313,7168,32,51,22,4,36,103,102,1,0,0,0,7416,112,7304,7202,7093,30,48,22,4,5,102,101,1,0,0,0,5446,4020,1426
Logan County,KS,50,2,4,20,109,2779042457,274632,2756,1441,38.9132695,-101.1574069,2756,2721,2647,21,13,10,0,30,35,29,14,6,6,0,3,0,0,0,0,0,0,0,0,0,0,1,5,0,0,2756,80,2676,2647,2609,16,12,10,0,0,29,23,1,5,0,0,2127,2113,2057,11,12,10,0,23,14,11,1,2,0,0,2127,50,2077,2066,2036,9,11,10,0,0,11,8,1,2,0,0,1441,1219,222
Lyon County,KS,50,2,4,20,111,2194947808,20572299,33690,15237,38.4554978,-96.1615888,33690,32779,28140,819,234,781,17,2788,911,862,252,218,116,10,206,7,2,1,15,4,0,16,0,9,6,47,2,0,0,33690,6755,26935,26374,24704,731,144,759,11,25,561,526,35,0,0,0,25750,25324,22095,643,171,660,10,1745,426,401,23,2,0,0,25750,4000,21750,21467,20079,601,118,649,6,14,283,265,18,0,0,0,15237,13303,1934
McPherson County,KS,50,2,4,20,113,2326520077,6030285,29180,12721,38.395812,-97.6474893,29180,28681,27763,294,110,147,21,346,499,480,179,180,47,6,55,3,4,0,0,1,0,0,4,1,0,18,0,1,0,29180,1025,28155,27726,27176,279,91,144,19,17,429,415,14,0,0,0,22322,22108,21462,221,81,107,13,224,214,204,9,0,1,0,22322,599,21723,21536,21131,209,68,106,12,10,187,180,7,0,0,0,12721,11748,973
Marion County,KS,50,2,4,20,115,2445700985,24448971,12660,5946,38.3596474,-97.1027707,12660,12453,12154,104,70,27,7,91,207,202,33,107,26,9,21,3,1,0,0,0,0,1,0,0,1,5,0,0,0,12660,296,12364,12191,11992,95,63,25,7,9,173,168,5,0,0,0,9794,9687,9480,73,52,21,6,55,107,105,2,0,0,0,9794,177,9617,9523,9376,67,49,21,6,4,94,92,2,0,0,0,5946,5005,941
Marshall County,KS,50,2,4,20,117,2331463499,12753940,10117,4866,39.7827091,-96.5212426,10117,9985,9849,27,33,23,3,50,132,122,36,53,16,1,16,0,0,0,0,0,0,0,0,0,0,10,0,0,0,10117,193,9924,9806,9727,26,26,22,3,2,118,109,9,0,0,0,7781,7725,7629,18,24,19,3,32,56,54,2,0,0,0,7781,107,7674,7622,7564,17,20,18,3,0,52,50,2,0,0,0,4866,4300,566
Meade County,KS,50,2,4,20,119,2533234935,3258258,4575,1998,37.2438862,-100.3600936,4575,4499,4242,31,35,19,0,172,76,73,11,25,5,6,23,0,1,0,1,0,0,0,1,0,0,3,0,0,0,4575,676,3899,3848,3761,31,31,18,0,7,51,48,3,0,0,0,3247,3216,3058,19,27,15,0,97,31,31,0,0,0,0,3247,371,2876,2854,2795,19,24,14,0,2,22,22,0,0,0,0,1998,1713,285
Miami County,KS,50,2,4,20,121,1490955548,37799723,32787,13190,38.5667718,-94.8329626,32787,32180,31225,426,192,116,9,212,607,577,143,273,77,5,63,2,6,1,3,0,0,0,1,2,1,28,2,0,0,32787,828,31959,31432,30708,411,169,114,8,22,527,498,27,2,0,0,23944,23665,23025,289,135,74,8,134,279,270,7,2,0,0,23944,445,23499,23246,22746,286,121,74,8,11,253,244,7,2,0,0,13190,12161,1029
Mitchell County,KS,50,2,4,20,123,1817632788,44979984,6373,3296,39.3930256,-98.2073621,6373,6322,6244,13,24,19,5,17,51,51,9,22,8,0,11,0,0,0,0,0,0,0,1,0,0,0,0,0,0,6373,73,6300,6258,6197,13,23,19,5,1,42,42,0,0,0,0,5006,4979,4936,11,12,11,0,9,27,27,0,0,0,0,5006,44,4962,4940,4906,11,11,11,0,1,22,22,0,0,0,0,3296,2790,506
Montgomery County,KS,50,2,4,20,125,1666728264,20601764,35471,16578,37.1895369,-95.7424028,35471,33721,29561,2059,1188,205,38,670,1750,1644,331,997,53,15,133,57,11,4,16,2,4,9,10,2,0,104,2,0,0,35471,1844,33627,32101,28712,2022,1099,202,32,34,1526,1451,73,2,0,0,27072,26113,23145,1515,817,152,29,455,959,921,38,0,0,0,27072,1131,25941,25080,22621,1494,774,149,23,19,861,831,30,0,0,0,16578,14382,2196
Morris County,KS,50,2,4,20,127,1800763909,19710791,5923,3206,38.6876956,-96.6449046,5923,5828,5687,25,28,14,1,73,95,80,9,49,6,0,11,1,2,0,1,1,0,0,0,0,0,12,3,0,0,5923,212,5711,5638,5572,25,26,14,1,0,73,63,7,3,0,0,4651,4606,4501,19,20,13,1,52,45,39,5,1,0,0,4651,128,4523,4486,4435,19,18,13,1,0,37,34,2,1,0,0,3206,2554,652
Morton County,KS,50,2,4,20,129,1889993253,507841,3233,1467,37.1852495,-101.8095163,3233,3175,2841,14,34,60,5,221,58,54,17,17,4,0,9,0,2,0,2,0,0,0,1,2,0,4,0,0,0,3233,623,2610,2567,2466,14,26,60,1,0,43,39,4,0,0,0,2360,2332,2118,7,21,46,2,138,28,25,3,0,0,0,2360,376,1984,1966,1896,7,17,46,0,0,18,15,3,0,0,0,1467,1250,217
Nemaha County,KS,50,2,4,20,131,1858126462,5207942,10178,4562,39.7910427,-96.0053805,10178,10074,9902,57,47,15,4,49,104,100,26,48,14,6,1,0,0,0,0,2,0,0,2,1,0,4,0,0,0,10178,121,10057,9959,9843,51,42,15,4,4,98,94,4,0,0,0,7511,7467,7348,35,32,14,2,36,44,43,1,0,0,0,7511,68,7443,7401,7319,34,29,14,2,3,42,41,1,0,0,0,4562,4115,447
Neosho County,KS,50,2,4,20,133,1480106485,16374157,16512,7513,37.5642833,-95.3156826,16512,16187,15542,197,179,83,6,180,325,315,69,147,33,6,35,6,2,2,5,0,2,8,0,0,0,10,0,0,0,16512,686,15826,15564,15136,192,147,83,2,4,262,255,7,0,0,0,12430,12267,11786,146,126,60,6,143,163,157,6,0,0,0,12430,419,12011,11866,11547,144,109,60,2,4,145,140,5,0,0,0,7513,6645,868
Ness County,KS,50,2,4,20,135,2783590502,667491,3107,1740,38.4804369,-99.9087452,3107,3079,2969,18,10,4,0,78,28,25,5,10,7,0,2,0,0,0,0,0,0,1,0,0,0,3,0,0,0,3107,229,2878,2853,2828,17,3,3,0,2,25,22,3,0,0,0,2411,2395,2337,7,6,3,0,42,16,16,0,0,0,0,2411,113,2298,2283,2272,6,2,2,0,1,15,15,0,0,0,0,1740,1365,375
Norton County,KS,50,2,4,20,137,2274357034,8194926,5671,2542,39.7838666,-99.8992352,5671,5601,5358,165,13,30,1,34,70,66,19,19,16,0,8,3,0,0,0,0,0,0,0,1,0,4,0,0,0,5671,240,5431,5371,5166,162,12,30,1,0,60,56,4,0,0,0,4538,4510,4287,161,12,28,1,21,28,28,0,0,0,0,4538,176,4362,4339,4140,159,11,28,1,0,23,23,0,0,0,0,2542,2163,379
Osage County,KS,50,2,4,20,139,1827283988,37107137,16295,7503,38.6497056,-95.7272747,16295,16043,15796,48,112,37,5,45,252,244,70,124,21,5,23,1,0,0,0,0,0,0,0,0,0,6,2,0,0,16295,330,15965,15753,15560,44,108,35,4,2,212,208,4,0,0,0,12248,12119,11948,30,84,22,2,33,129,125,4,0,0,0,12248,189,12059,11946,11813,27,83,21,2,0,113,110,3,0,0,0,7503,6552,951
Osborne County,KS,50,2,4,20,141,2311573881,4806274,3858,2206,39.3486494,-98.7678759,3858,3820,3765,8,19,18,0,10,38,35,11,13,6,0,4,0,0,0,0,0,0,0,1,0,0,2,1,0,0,3858,46,3812,3780,3743,8,12,17,0,0,32,29,2,1,0,0,3044,3026,2987,2,17,15,0,5,18,16,2,0,0,0,3044,27,3017,3001,2974,2,10,15,0,0,16,14,2,0,0,0,2206,1742,464
Ottawa County,KS,50,2,4,20,143,1866689468,1561343,6091,2779,39.1379632,-97.6548025,6091,6004,5889,49,24,9,0,33,87,82,19,31,12,3,14,1,0,0,0,0,0,2,0,0,0,4,1,0,0,6091,121,5970,5907,5828,49,20,9,0,1,63,60,2,1,0,0,4542,4510,4438,26,17,7,0,22,32,30,1,1,0,0,4542,68,4474,4448,4400,26,14,7,0,1,26,24,1,1,0,0,2779,2456,323
Pawnee County,KS,50,2,4,20,145,1953531750,992040,6973,3152,38.182873,-99.232154,6973,6834,6322,325,41,32,6,108,139,131,58,41,11,2,9,4,2,0,0,0,1,1,1,1,0,8,0,0,0,6973,461,6512,6409,6018,318,36,32,2,3,103,98,5,0,0,0,5445,5390,4981,261,36,26,6,80,55,51,4,0,0,0,5445,290,5155,5110,4791,258,31,26,2,2,45,42,3,0,0,0,3152,2665,487
Phillips County,KS,50,2,4,20,147,2294410181,22493391,5642,3049,39.7845058,-99.3421498,5642,5583,5472,23,23,41,0,24,59,55,14,16,12,0,8,5,0,0,0,0,0,0,0,0,0,4,0,0,0,5642,121,5521,5473,5394,22,16,41,0,0,48,44,4,0,0,0,4275,4254,4186,9,13,33,0,13,21,20,1,0,0,0,4275,66,4209,4193,4143,8,9,33,0,0,16,15,1,0,0,0,3049,2432,617
Pottawatomie County,KS,50,2,4,20,149,2178235871,54103438,21604,8626,39.3821868,-96.3371126,21604,21050,20212,227,168,144,12,287,554,526,141,192,95,10,69,3,8,2,1,4,1,0,0,0,0,27,0,1,0,21604,957,20647,20205,19690,214,130,143,11,17,442,420,21,0,1,0,15193,14972,14451,122,107,100,11,181,221,211,9,0,1,0,15193,506,14687,14505,14174,121,91,99,10,10,182,175,6,0,1,0,8626,7878,748
Pratt County,KS,50,2,4,20,151,1903757176,1753615,9656,4514,37.6475943,-98.7401199,9656,9470,9083,114,58,27,1,187,186,178,39,94,13,5,24,0,0,0,0,0,0,1,1,1,0,8,0,0,0,9656,525,9131,8984,8812,100,38,26,1,7,147,142,5,0,0,0,7451,7352,7072,91,42,22,1,124,99,97,2,0,0,0,7451,319,7132,7051,6912,84,27,22,1,5,81,79,2,0,0,0,4514,3956,558
Rawlins County,KS,50,2,4,20,153,2769775797,415527,2519,1458,39.7861975,-101.0767378,2519,2497,2449,8,5,5,0,30,22,22,11,10,0,0,1,0,0,0,0,0,0,0,0,0,0,0,0,0,0,2519,80,2439,2420,2400,8,3,5,0,4,19,19,0,0,0,0,2044,2035,2008,4,4,3,0,16,9,9,0,0,0,0,2044,49,1995,1987,1977,4,2,3,0,1,8,8,0,0,0,0,1458,1176,282
Reno County,KS,50,2,4,20,155,3251332369,43417440,64511,28274,37.9481849,-98.0783463,64511,62802,58469,1930,438,309,19,1637,1709,1624,586,452,139,21,339,20,11,1,30,0,3,11,2,4,5,82,3,0,0,64511,5209,59302,58109,55543,1843,374,296,18,35,1193,1144,48,1,0,0,49275,48534,45320,1524,337,237,12,1104,741,703,38,0,0,0,49275,3103,46172,45627,43590,1488,289,228,11,21,545,521,24,0,0,0,28274,25794,2480
Republic County,KS,50,2,4,20,157,1857981647,7967119,4980,2877,39.8289103,-97.6509213,4980,4947,4879,25,12,15,0,16,33,32,16,6,2,0,8,0,0,0,0,0,0,0,0,0,0,1,0,0,0,4980,53,4927,4901,4851,22,12,15,0,1,26,26,0,0,0,0,4018,4005,3960,15,11,10,0,9,13,12,1,0,0,0,4018,30,3988,3977,3943,13,11,10,0,0,11,11,0,0,0,0,2877,2274,603
Rice County,KS,50,2,4,20,159,1880944775,4470099,10083,4548,38.3471776,-98.2014154,10083,9815,9213,128,70,37,5,362,268,255,45,102,25,0,71,2,1,0,2,0,0,4,1,1,1,12,1,0,0,10083,1018,9065,8894,8683,112,55,37,5,2,171,167,3,1,0,0,7674,7536,7125,99,50,31,5,226,138,128,9,1,0,0,7674,598,7076,6987,6822,88,39,31,5,2,89,85,3,1,0,0,4548,3906,642
Riley County,KS,50,2,4,20,161,1579300177,31558381,71115,28212,39.2912114,-96.7274889,71115,68606,59203,4530,433,2996,144,1300,2509,2333,791,421,606,45,240,54,51,10,40,10,2,14,13,27,9,153,19,4,0,71115,4610,66505,64483,56571,4344,364,2960,129,115,2022,1872,135,12,3,0,57947,56640,49361,3342,308,2595,98,936,1307,1228,67,10,2,0,57947,3131,54816,53743,47508,3241,265,2569,92,68,1073,1003,62,7,1,0,28212,25796,2416
Rooks County,KS,50,2,4,20,163,2306470146,11962259,5181,2768,39.3460064,-99.3244921,5181,5132,5049,24,17,19,3,20,49,48,16,15,9,1,3,1,0,0,0,0,0,1,0,0,2,1,0,0,0,5181,107,5074,5034,4981,21,9,19,3,1,40,39,1,0,0,0,3957,3935,3878,17,14,11,3,12,22,21,1,0,0,0,3957,54,3903,3885,3847,15,8,11,3,1,18,17,1,0,0,0,2768,2238,530
Rush County,KS,50,2,4,20,165,1858997569,544720,3307,1869,38.5235917,-99.3091827,3307,3269,3213,8,16,8,0,24,38,36,4,19,6,0,7,0,0,0,0,0,0,0,0,0,0,2,0,0,0,3307,84,3223,3197,3165,8,16,6,0,2,26,26,0,0,0,0,2666,2652,2609,5,15,6,0,17,14,13,1,0,0,0,2666,45,2621,2610,2584,5,15,4,0,2,11,11,0,0,0,0,1869,1511,358
Russell County,KS,50,2,4,20,167,2295402664,34126812,6970,3910,38.9168388,-98.7656381,6970,6880,6712,54,45,34,2,33,90,85,42,30,4,1,6,0,0,0,0,0,0,0,0,2,0,3,2,0,0,6970,115,6855,6772,6640,53,42,33,1,3,83,80,1,2,0,0,5487,5443,5314,42,35,26,2,24,44,40,2,2,0,0,5487,75,5412,5373,5271,41,33,26,1,1,39,36,1,2,0,0,3910,3173,737
Saline County,KS,50,2,4,20,169,1865373525,2809945,55606,24101,38.7863268,-97.6501534,55606,53901,48695,1814,295,1156,27,1914,1705,1550,683,301,249,13,189,18,26,3,19,3,0,11,10,17,8,144,10,1,0,55606,5403,50203,48856,45671,1743,241,1138,21,42,1347,1224,112,10,1,0,41670,41020,37484,1300,214,858,19,1145,650,606,43,1,0,0,41670,3088,38582,38072,35743,1262,178,849,18,22,510,475,34,1,0,0,24101,22416,1685
Scott County,KS,50,2,4,20,171,1858430303,306079,4936,2193,38.4818768,-100.9063604,4936,4875,4447,19,30,24,1,354,61,58,5,13,2,0,25,0,0,0,0,8,0,4,0,0,1,3,0,0,0,4936,753,4183,4161,4097,16,26,20,1,1,22,19,3,0,0,0,3700,3673,3416,9,19,15,1,213,27,26,1,0,0,0,3700,431,3269,3258,3220,9,15,13,1,0,11,10,1,0,0,0,2193,1983,210
Sedgwick County,KS,50,2,4,20,173,2583543968,30067177,498365,211593,37.683807,-97.4594505,498365,478487,380482,46167,5739,20385,412,25302,19878,18427,5734,4720,2687,171,2754,900,279,45,485,99,12,155,92,248,46,1366,74,11,0,498365,64636,433729,418946,348434,44931,4456,20167,378,580,14783,13769,972,37,5,0,362989,354562,288253,31593,4025,15023,292,15376,8427,7910,475,35,7,0,362989,36920,326069,319642,269799,31063,3305,14876,272,327,6427,6044,363,16,4,0,211593,193502,18091
Seward County,KS,50,2,4,20,175,1656290756,2562633,22952,8061,37.1805849,-100.8547406,22952,22246,16171,774,176,611,43,4471,706,680,115,154,49,4,276,10,4,0,22,3,1,25,1,15,1,26,0,0,0,22952,12990,9962,9657,8261,687,70,594,31,14,305,295,10,0,0,0,15617,15273,11260,551,113,448,26,2875,344,337,7,0,0,0,15617,7796,7821,7691,6655,512,55,437,21,11,130,127,3,0,0,0,8061,7460,601
Shawnee County,KS,50,2,4,20,177,1408995941,30330019,177934,79140,39.0418052,-95.7556639,177934,170554,144412,15280,2177,2085,126,6474,7380,6783,2710,1696,603,62,893,418,89,12,160,25,11,31,12,50,11,554,36,7,0,177934,19303,158631,153233,134549,14598,1747,2048,119,172,5398,5005,370,18,5,0,133763,130710,112657,10736,1557,1641,87,4032,3053,2825,214,11,3,0,133763,11269,122494,120228,106704,10431,1303,1618,80,92,2266,2098,158,7,3,0,79140,72600,6540
Sheridan County,KS,50,2,4,20,179,2320518450,647342,2556,1265,39.3505425,-100.4412056,2556,2528,2475,3,11,5,0,34,28,25,6,17,0,0,1,0,0,0,0,0,0,0,0,0,1,3,0,0,0,2556,84,2472,2450,2436,3,6,5,0,0,22,19,3,0,0,0,1953,1941,1915,1,5,3,0,17,12,12,0,0,0,0,1953,50,1903,1895,1889,1,2,3,0,0,8,8,0,0,0,0,1265,1099,166
Sherman County,KS,50,2,4,20,181,2735199253,548248,6010,3148,39.3513521,-101.719859,6010,5906,5596,39,17,17,7,230,104,103,38,31,4,4,13,4,0,0,5,0,0,4,0,0,0,1,0,0,0,6010,647,5363,5284,5214,34,14,16,6,0,79,78,1,0,0,0,4660,4621,4414,33,15,14,5,140,39,39,0,0,0,0,4660,380,4280,4247,4189,28,12,13,5,0,33,33,0,0,0,0,3148,2608,540
Smith County,KS,50,2,4,20,183,2319243495,3884277,3853,2232,39.7846603,-98.7854295,3853,3792,3733,10,11,7,4,27,61,56,10,26,2,7,11,0,0,0,0,0,0,0,0,0,0,4,1,0,0,3853,57,3796,3744,3712,10,11,7,3,1,52,47,4,1,0,0,3079,3051,3022,3,8,5,4,9,28,26,1,1,0,0,3079,24,3055,3029,3009,3,8,5,3,1,26,24,1,1,0,0,2232,1748,484
Stafford County,KS,50,2,4,20,185,2051389748,7435429,4437,2319,38.0356303,-98.7198888,4437,4382,4110,13,55,17,1,186,55,54,12,30,3,0,5,0,0,0,0,2,0,1,0,1,0,1,0,0,0,4437,529,3908,3862,3805,10,30,16,1,0,46,45,1,0,0,0,3400,3364,3202,5,32,15,0,110,36,35,1,0,0,0,3400,286,3114,3082,3046,4,18,14,0,0,32,31,1,0,0,0,2319,1907,412
Stanton County,KS,50,2,4,20,187,1762086193,180151,2235,990,37.5659319,-101.7893829,2235,2185,1870,13,27,3,1,271,50,50,5,11,11,0,22,0,0,0,1,0,0,0,0,0,0,0,0,0,0,2235,828,1407,1386,1351,12,21,1,1,0,21,21,0,0,0,0,1585,1562,1368,6,16,3,1,168,23,23,0,0,0,0,1585,491,1094,1083,1061,6,14,1,1,0,11,11,0,0,0,0,990,825,165
Stevens County,KS,50,2,4,20,189,1883679100,464936,5724,2306,37.2023561,-101.3157956,5724,5636,4985,16,49,15,1,570,88,84,14,27,2,0,33,1,0,0,3,1,0,2,0,1,0,4,0,0,0,5724,1866,3858,3814,3744,14,37,15,0,4,44,40,4,0,0,0,3973,3932,3522,10,33,12,1,354,41,39,2,0,0,0,3973,1088,2885,2866,2818,10,24,12,0,2,19,17,2,0,0,0,2306,2044,262
Sumner County,KS,50,2,4,20,191,3061212453,7806166,24132,10865,37.236663,-97.4933494,24132,23547,22705,230,282,56,4,270,585,557,98,327,35,4,77,3,0,0,9,1,0,3,0,0,0,28,0,0,0,24132,1097,23035,22576,22044,211,255,50,4,12,459,442,17,0,0,0,17818,17549,16967,149,194,43,4,192,269,256,13,0,0,0,17818,663,17155,16928,16556,139,180,42,4,7,227,218,9,0,0,0,10865,9454,1411
Thomas County,KS,50,2,4,20,193,2783425324,288241,7900,3536,39.3577058,-101.0834385,7900,7816,7509,49,36,38,6,178,84,83,18,35,14,0,11,0,1,1,0,0,0,0,2,0,1,1,0,0,0,7900,370,7530,7463,7336,47,24,38,6,12,67,66,1,0,0,0,6056,6016,5806,39,28,30,6,107,40,40,0,0,0,0,6056,225,5831,5796,5694,39,21,30,6,6,35,35,0,0,0,0,3536,3196,340
Trego County,KS,50,2,4,20,195,2303736575,26281954,3001,1682,38.9213022,-99.865423,3001,2978,2919,13,6,7,2,31,23,19,6,10,0,0,3,0,0,0,0,0,0,0,0,0,0,4,0,0,0,3001,51,2950,2933,2902,13,6,7,2,3,17,15,2,0,0,0,2402,2389,2358,4,5,6,2,14,13,10,3,0,0,0,2402,22,2380,2369,2350,4,5,6,2,2,11,9,2,0,0,0,1682,1358,324
Wabaunsee County,KS,50,2,4,20,197,2057231892,13774702,7053,3227,38.9551537,-96.2012619,7053,6906,6808,29,36,10,0,23,147,139,24,76,18,1,16,1,0,0,0,1,0,1,0,1,0,8,0,0,0,7053,205,6848,6737,6664,28,33,10,0,2,111,107,4,0,0,0,5261,5188,5122,18,27,4,0,17,73,72,1,0,0,0,5261,107,5154,5096,5047,18,25,4,0,2,58,57,1,0,0,0,3227,2737,490
Wallace County,KS,50,2,4,20,199,2366348080,140928,1485,781,38.9266259,-101.7711031,1485,1468,1395,2,7,1,0,63,17,17,10,3,0,0,4,0,0,0,0,0,0,0,0,0,0,0,0,0,0,1485,108,1377,1365,1354,2,7,1,0,1,12,12,0,0,0,0,1111,1106,1061,2,5,1,0,37,5,5,0,0,0,0,1111,64,1047,1045,1036,2,5,1,0,1,2,2,0,0,0,0,781,620,161
Washington County,KS,50,2,4,20,201,2317406254,10140054,5799,2955,39.7767142,-97.0956108,5799,5746,5632,25,14,19,0,56,53,49,13,20,7,2,3,0,0,0,0,0,0,4,0,0,0,4,0,0,0,5799,144,5655,5608,5558,23,8,19,0,0,47,44,3,0,0,0,4471,4445,4384,6,12,10,0,33,26,25,1,0,0,0,4471,82,4389,4366,4342,6,8,10,0,0,23,23,0,0,0,0,2955,2474,481
Wichita County,KS,50,2,4,20,203,1861082136,61987,2234,1054,38.4819222,-101.3474341,2234,2195,1972,19,11,3,0,190,39,39,10,5,4,0,20,0,0,0,0,0,0,0,0,0,0,0,0,0,0,2234,550,1684,1669,1647,14,5,3,0,0,15,15,0,0,0,0,1626,1613,1474,13,7,3,0,116,13,13,0,0,0,0,1626,325,1301,1295,1277,10,5,3,0,0,6,6,0,0,0,0,1054,891,163
Wilson County,KS,50,2,4,20,205,1477377048,12057368,9409,4682,37.5585146,-95.7451749,9409,9200,8995,31,99,36,5,34,209,198,16,130,18,0,28,3,0,0,0,3,0,0,0,0,0,11,0,0,0,9409,217,9192,9020,8866,30,77,36,5,6,172,162,10,0,0,0,7116,7001,6870,17,67,28,3,16,115,107,8,0,0,0,7116,118,6998,6896,6795,17,52,28,3,1,102,95,7,0,0,0,4682,3933,749
Woodson County,KS,50,2,4,20,207,1289347304,19251707,3309,2022,37.8884836,-95.7575533,3309,3245,3161,12,37,2,0,33,64,60,7,39,6,1,2,4,0,0,0,0,0,0,0,1,0,4,0,0,0,3309,69,3240,3180,3139,12,26,2,0,1,60,58,2,0,0,0,2651,2615,2565,6,26,2,0,16,36,34,2,0,0,0,2651,28,2623,2589,2559,6,22,2,0,0,34,33,1,0,0,0,2022,1524,498
Wyandotte County,KS,50,2,4,20,209,392642353,11895464,157505,66747,39.1153842,-94.7630866,157505,151600,86056,39742,1297,3958,169,20378,5905,5474,1794,886,300,41,1413,427,86,32,273,24,5,66,18,73,36,403,27,1,0,157505,41633,115872,112225,68170,39046,793,3886,147,183,3647,3351,285,11,0,0,113070,110231,66119,27963,915,2649,104,12481,2839,2626,196,16,1,0,113070,25025,88045,86278,55274,27594,612,2610,91,97,1767,1606,154,7,0,0,66747,58399,8348
Adair County,KY,50,3,6,21,1,1049677374,18431736,18656,8568,37.1055413,-85.2814005,18656,18449,17696,503,36,45,5,164,207,200,89,81,19,1,8,0,0,0,0,0,0,0,1,1,0,7,0,0,0,18656,319,18337,18151,17558,501,36,43,4,9,186,182,4,0,0,0,14450,14339,13762,414,25,35,4,99,111,106,5,0,0,0,14450,194,14256,14158,13680,413,25,34,3,3,98,96,2,0,0,0,8568,7285,1283
Allen County,KY,50,3,6,21,3,891830109,19492854,19956,9307,36.7507703,-86.192458,19956,19699,19362,164,58,31,0,84,257,248,88,89,24,1,40,5,0,0,0,0,0,0,0,0,1,8,1,0,0,19956,297,19659,19455,19203,159,55,31,0,7,204,198,5,1,0,0,15069,14934,14693,125,48,17,0,51,135,129,5,1,0,0,15069,162,14907,14788,14603,120,47,17,0,1,119,113,5,1,0,0,9307,7848,1459
Anderson County,KY,50,3,6,21,5,522742422,6314840,21421,9127,38.0053963,-84.9864171,21421,21157,20458,433,31,105,5,125,264,255,92,88,41,0,23,3,1,0,0,0,0,2,4,1,0,9,0,0,0,21421,288,21133,20891,20314,427,29,104,3,14,242,233,9,0,0,0,15975,15866,15347,339,24,75,1,80,109,106,3,0,0,0,15975,158,15817,15719,15277,336,22,74,1,9,98,95,3,0,0,0,9127,8369,758
Ballard County,KY,50,3,6,21,7,638843574,70009064,8249,3885,37.0511196,-89.0091777,8249,8097,7808,238,14,15,1,21,152,148,62,47,15,0,16,0,5,0,1,1,0,0,1,0,0,4,0,0,0,8249,90,8159,8025,7762,238,11,13,1,0,134,133,1,0,0,0,6421,6347,6134,180,10,12,1,10,74,71,3,0,0,0,6421,55,6366,6299,6100,180,7,11,1,0,67,66,1,0,0,0,3885,3397,488
Barren County,KY,50,3,6,21,9,1262724748,32267246,42173,19188,36.9636142,-85.92499,42173,41476,38997,1630,89,183,33,544,697,661,304,184,51,7,90,4,2,1,5,1,0,5,0,5,2,25,7,4,0,42173,1110,41063,40502,38597,1617,62,181,5,40,561,542,14,1,4,0,31957,31716,29914,1238,76,132,19,337,241,231,8,0,2,0,31957,661,31296,31091,29663,1230,56,130,2,10,205,198,5,0,2,0,19188,16999,2189
Bath County,KY,50,3,6,21,11,722067811,13500089,11591,5405,38.1522485,-83.7376405,11591,11464,11175,152,29,17,7,84,127,125,51,49,7,4,10,0,0,0,4,0,0,0,0,0,0,2,0,0,0,11591,157,11434,11322,11130,152,18,17,2,3,112,112,0,0,0,0,8725,8665,8455,124,17,13,4,52,60,60,0,0,0,0,8725,88,8637,8581,8429,124,13,13,2,0,56,56,0,0,0,0,5405,4587,818
Bell County,KY,50,3,6,21,13,929806795,5480870,28691,13154,36.7226801,-83.6810456,28691,28254,27415,644,49,78,13,55,437,429,145,225,19,10,18,8,0,0,2,0,1,0,1,0,0,8,0,0,0,28691,198,28493,28071,27297,633,48,77,3,13,422,415,7,0,0,0,22462,22207,21558,504,43,60,13,29,255,250,5,0,0,0,22462,126,22336,22091,21483,499,43,59,3,4,245,241,4,0,0,0,13154,11787,1367
Boone County,KY,50,3,6,21,15,638067340,26171928,118811,46154,38.9745952,-84.7314442,118811,116652,109050,2992,228,2534,95,1753,2159,2030,699,413,475,23,260,15,35,8,27,5,12,8,15,32,3,116,7,6,0,118811,4205,114606,112811,106955,2928,192,2514,76,146,1795,1706,78,7,4,0,85232,84389,79325,2023,163,1762,57,1059,843,780,54,6,3,0,85232,2549,82683,82002,78008,1991,147,1748,49,59,681,636,38,6,1,0,46154,43216,2938
Bourbon County,KY,50,3,6,21,17,750369577,4850592,19985,8927,38.2025623,-84.2098602,19985,19619,17604,1198,42,64,2,709,366,344,192,56,19,1,68,2,4,0,0,0,0,2,0,0,0,22,0,0,0,19985,1368,18617,18323,17027,1187,26,59,0,24,294,274,20,0,0,0,15172,15040,13599,915,31,41,2,452,132,122,10,0,0,0,15172,825,14347,14242,13262,907,25,40,0,8,105,95,10,0,0,0,8927,7976,951
Boyd County,KY,50,3,6,21,19,414046208,5588964,49542,21803,38.3600037,-82.6814063,49542,48859,46901,1401,110,225,5,217,683,645,267,196,75,10,56,8,4,2,20,2,0,0,5,0,0,36,2,0,0,49542,714,48828,48216,46463,1374,99,222,3,55,612,578,33,1,0,0,38949,38605,37021,1174,95,179,5,131,344,329,14,1,0,0,38949,499,38450,38151,36725,1148,85,176,3,14,299,285,14,0,0,0,21803,19787,2016
Boyle County,KY,50,3,6,21,21,466634989,6458105,28432,12312,37.6182001,-84.8730164,28432,27829,25086,2121,55,216,7,344,603,568,307,110,54,6,47,6,7,2,12,0,0,2,2,13,0,34,1,0,0,28432,796,27636,27124,24704,2106,47,211,7,49,512,497,15,0,0,0,22274,22039,19958,1664,45,145,6,221,235,219,16,0,0,0,22274,492,21782,21578,19726,1656,39,142,6,9,204,193,11,0,0,0,12312,11075,1237
Bracken County,KY,50,3,6,21,23,532533237,8637262,8488,3840,38.678523,-84.1003549,8488,8399,8300,29,17,5,1,47,89,88,26,43,11,1,5,0,0,0,2,0,0,0,0,0,0,1,0,0,0,8488,96,8392,8305,8251,29,17,5,0,3,87,86,1,0,0,0,6336,6292,6224,19,12,5,1,31,44,43,1,0,0,0,6336,54,6282,6238,6199,19,12,5,0,3,44,43,1,0,0,0,3840,3317,523
Breathitt County,KY,50,3,6,21,25,1275344480,7392452,13878,6231,37.5211779,-83.3224008,13878,13805,13637,43,19,68,12,26,73,68,11,34,17,2,1,2,0,0,0,0,0,0,0,1,0,5,0,0,0,13878,89,13789,13718,13575,43,12,67,12,9,71,66,5,0,0,0,10658,10608,10530,12,11,41,6,8,50,49,1,0,0,0,10658,50,10608,10559,10492,12,8,40,6,1,49,48,1,0,0,0,6231,5494,737
Breckinridge County,KY,50,3,6,21,27,1468969244,47782210,20059,10630,37.7781094,-86.4328289,20059,19809,19206,409,64,42,2,86,250,244,115,108,5,0,14,2,0,0,0,0,0,0,0,0,0,6,0,0,0,20059,175,19884,19649,19134,404,58,42,2,9,235,230,5,0,0,0,15209,15102,14655,323,48,25,2,49,107,105,2,0,0,0,15209,99,15110,15008,14609,321,46,25,2,5,102,100,2,0,0,0,10630,7827,2803
Bullitt County,KY,50,3,6,21,29,769288200,8393803,74319,29318,37.9695717,-85.7030364,74319,73430,71969,484,236,370,25,346,889,859,213,357,144,12,90,8,10,1,7,2,0,5,5,4,1,28,2,0,0,74319,1038,73281,72496,71368,472,223,369,19,45,785,759,24,2,0,0,55536,55058,54052,323,191,273,23,196,478,460,16,2,0,0,55536,608,54928,54494,53687,315,182,272,18,20,434,419,13,2,0,0,29318,27673,1645
Butler County,KY,50,3,6,21,31,1103562315,13948189,12690,5877,37.2070133,-86.6824707,12690,12575,12303,48,36,20,0,168,115,111,18,64,14,1,12,1,0,0,0,0,0,1,0,0,0,4,0,0,0,12690,322,12368,12270,12182,47,20,19,0,2,98,94,4,0,0,0,9764,9694,9503,28,26,13,0,124,70,70,0,0,0,0,9764,224,9540,9479,9420,28,18,12,0,1,61,61,0,0,0,0,5877,5057,820
Caldwell County,KY,50,3,6,21,33,893004660,8702792,12984,6292,37.1486431,-87.87051,12984,12810,12044,668,19,33,2,44,174,171,95,57,3,2,4,6,0,0,2,1,0,0,0,1,0,3,0,0,0,12984,129,12855,12684,11952,664,15,33,2,18,171,168,3,0,0,0,10099,10022,9479,477,17,24,2,23,77,74,3,0,0,0,10099,74,10025,9949,9425,476,13,24,2,9,76,73,3,0,0,0,6292,5393,899
Calloway County,KY,50,3,6,21,35,997200826,66497839,37191,18065,36.6209783,-88.2740857,37191,36634,34208,1392,87,657,11,279,557,525,229,138,83,5,38,7,3,2,2,1,0,3,4,10,0,27,4,1,0,37191,890,36301,35802,33672,1375,67,650,7,31,499,474,22,2,1,0,30479,30174,28228,1097,70,580,8,191,305,282,19,3,1,0,30479,601,29878,29600,27864,1086,54,573,7,16,278,261,15,1,1,0,18065,15530,2535
Campbell County,KY,50,3,6,21,37,391886628,21009936,90336,39523,38.9469811,-84.3795832,90336,88944,85215,2290,126,753,20,540,1392,1328,668,315,172,19,69,17,8,0,15,1,0,4,10,24,6,59,4,0,1,90336,1495,88841,87592,84406,2253,99,720,15,99,1249,1197,47,4,0,1,69736,69128,66448,1660,112,568,12,328,608,576,30,2,0,0,69736,988,68748,68209,65894,1635,91,543,10,36,539,514,23,2,0,0,39523,36069,3454
Carlisle County,KY,50,3,6,21,39,490632430,24722825,5104,2441,36.857726,-88.975757,5104,5058,4961,39,28,14,0,16,46,43,19,19,2,2,1,0,0,0,0,0,0,0,0,0,0,3,0,0,0,5104,83,5021,4980,4906,35,23,14,0,2,41,38,3,0,0,0,3950,3926,3857,28,17,11,0,13,24,22,2,0,0,0,3950,51,3899,3877,3822,27,15,11,0,2,22,20,2,0,0,0,2441,2116,325
Carroll County,KY,50,3,6,21,41,332992509,22651280,10811,4696,38.6682836,-85.1240829,10811,10559,9955,163,28,60,2,351,252,235,103,60,9,2,54,3,2,0,1,0,0,0,0,0,1,17,0,0,0,10811,789,10022,9828,9575,160,25,58,2,8,194,179,15,0,0,0,8093,7985,7547,138,22,46,2,230,108,101,7,0,0,0,8093,507,7586,7508,7305,135,21,44,2,1,78,72,6,0,0,0,4696,4061,635
Carter County,KY,50,3,6,21,43,1060589533,6801237,27720,12311,38.3095549,-83.0488208,27720,27481,27101,147,67,51,5,110,239,233,53,121,27,2,23,0,0,0,6,0,0,0,0,0,1,6,0,0,0,27720,321,27399,27194,26930,145,65,46,2,6,205,200,5,0,0,0,21216,21076,20800,113,52,36,4,71,140,137,3,0,0,0,21216,189,21027,20900,20703,111,50,33,2,1,127,125,2,0,0,0,12311,10760,1551
Casey County,KY,50,3,6,21,45,1150549958,3900669,15955,7487,37.3219623,-84.9282195,15955,15816,15505,85,32,30,5,159,139,137,47,49,13,2,24,1,0,0,0,0,0,0,0,0,1,2,0,0,0,15955,378,15577,15462,15326,80,27,27,0,2,115,115,0,0,0,0,12190,12119,11901,70,21,25,3,99,71,70,1,0,0,0,12190,220,11970,11909,11802,66,17,23,0,1,61,61,0,0,0,0,7487,6351,1136
Christian County,KY,50,3,6,21,47,1858324233,16936441,73955,29459,36.8933877,-87.4935542,73955,71549,52896,15707,429,754,291,1472,2406,2179,893,372,303,51,250,74,52,27,79,3,5,8,36,12,14,205,18,4,0,73955,4541,69414,67563,50709,15445,331,728,271,79,1851,1698,141,8,4,0,52880,51917,39224,10667,317,583,181,945,963,868,83,10,2,0,52880,2600,50280,49523,37955,10536,255,566,176,35,757,692,59,4,2,0,29459,26144,3315
Clark County,KY,50,3,6,21,49,653877332,6973861,35613,15706,37.9701332,-84.144974,35613,35100,32833,1708,52,134,6,367,513,483,212,113,58,7,69,11,3,0,7,0,0,0,1,1,1,27,2,1,0,35613,891,34722,34302,32407,1693,48,125,4,25,420,395,23,2,0,0,27244,27029,25410,1259,44,85,5,226,215,200,12,2,1,0,27244,487,26757,26572,25181,1255,40,85,3,8,185,173,10,2,0,0,15706,14267,1439
Clay County,KY,50,3,6,21,51,1215344973,4763013,21730,8875,37.1644658,-83.7107629,21730,21537,20464,915,34,26,3,95,193,189,54,98,11,2,16,3,0,0,3,0,0,0,1,0,1,4,0,0,0,21730,402,21328,21155,20189,900,32,26,3,5,173,169,4,0,0,0,16958,16838,15887,836,30,17,2,66,120,118,2,0,0,0,16958,340,16618,16512,15642,821,29,17,2,1,106,104,2,0,0,0,8875,7732,1143
Clinton County,KY,50,3,6,21,53,510864195,21164236,10272,5311,36.7291241,-85.1534986,10272,10151,9938,39,19,13,26,116,121,120,16,67,11,7,13,0,0,0,5,0,0,0,0,0,1,1,0,0,0,10272,231,10041,9945,9865,39,18,13,7,3,96,96,0,0,0,0,7821,7753,7617,20,15,10,17,74,68,68,0,0,0,0,7821,142,7679,7619,7572,20,14,10,2,1,60,60,0,0,0,0,5311,4358,953
Crittenden County,KY,50,3,6,21,55,932270911,28978627,9315,4569,37.3581494,-88.1050103,9315,9250,9105,76,33,17,7,12,65,61,20,34,2,0,4,1,0,0,0,0,0,0,0,0,0,4,0,0,0,9315,48,9267,9202,9065,76,32,17,7,5,65,61,4,0,0,0,7205,7160,7052,65,23,10,2,8,45,43,2,0,0,0,7205,37,7168,7123,7020,65,22,10,2,4,45,43,2,0,0,0,4569,3781,788
Cumberland County,KY,50,3,6,21,57,790416904,14830137,6856,3690,36.7842273,-85.3934992,6856,6766,6540,178,8,9,0,31,90,89,49,28,4,0,5,1,0,0,2,0,0,0,0,0,0,1,0,0,0,6856,63,6793,6706,6508,177,6,8,0,7,87,86,1,0,0,0,5332,5296,5115,152,6,7,0,16,36,36,0,0,0,0,5332,34,5298,5263,5099,151,6,6,0,1,35,35,0,0,0,0,3690,2883,807
Daviess County,KY,50,3,6,21,59,1187111257,47210580,96656,41452,37.731671,-87.087139,96656,94889,88134,4626,130,685,61,1253,1767,1686,1058,213,152,15,185,10,11,4,18,5,0,7,1,3,4,69,10,2,0,96656,2525,94131,92594,87005,4583,112,670,47,177,1537,1486,43,6,2,0,73051,72511,67877,3265,106,475,38,750,540,505,28,7,0,0,73051,1433,71618,71149,67263,3244,96,463,32,51,469,445,21,3,0,0,41452,38619,2833
Edmonson County,KY,50,3,6,21,61,784464284,13262150,12161,6467,37.2278556,-86.217778,12161,12055,11789,169,37,25,1,34,106,100,29,41,14,5,8,2,0,0,1,0,0,0,0,0,0,2,4,0,0,12161,100,12061,11962,11733,166,37,25,1,0,99,93,2,4,0,0,9504,9442,9224,139,34,17,1,27,62,58,2,2,0,0,9504,71,9433,9374,9185,137,34,17,1,0,59,55,2,2,0,0,6467,4857,1610
Elliott County,KY,50,3,6,21,63,606873739,2610644,7852,3371,38.1164254,-83.0975408,7852,7809,7506,268,10,5,7,13,43,40,7,19,4,2,3,0,0,0,0,0,0,0,5,0,0,3,0,0,0,7852,62,7790,7757,7473,262,9,4,7,2,33,30,3,0,0,0,6252,6224,5932,265,10,5,3,9,28,25,3,0,0,0,6252,40,6212,6185,5906,261,9,4,3,2,27,24,3,0,0,0,3371,2773,598
Estill County,KY,50,3,6,21,65,655468626,6558017,14672,6865,37.6924599,-83.9639272,14672,14566,14457,29,32,14,0,34,106,104,20,64,5,0,9,2,0,0,0,0,0,4,0,0,0,2,0,0,0,14672,101,14571,14486,14407,28,30,14,0,7,85,84,1,0,0,0,11333,11263,11196,17,23,12,0,15,70,68,2,0,0,0,11333,63,11270,11212,11162,16,21,12,0,1,58,57,1,0,0,0,6865,5984,881
Fayette County,KY,50,3,6,21,67,734648526,4922803,295803,135160,38.0401572,-84.4584429,295803,288369,223999,42972,755,9553,141,10949,7434,6898,3118,864,1280,30,767,193,133,40,218,18,8,41,36,135,17,482,48,6,0,295803,20474,275329,269166,216072,42336,599,9506,107,546,6163,5714,407,36,6,0,233170,229683,183317,31220,581,7314,94,7157,3487,3209,251,21,6,0,233170,13394,219776,216928,178038,30820,473,7279,75,243,2848,2605,218,19,6,0,135160,123043,12117
Fleming County,KY,50,3,6,21,69,902720074,7184513,14348,6623,38.3684311,-83.7061517,14348,14229,13920,183,12,32,1,81,119,112,37,44,12,1,14,0,0,0,3,0,0,0,0,1,0,7,0,0,0,14348,149,14199,14093,13858,181,11,32,1,10,106,99,7,0,0,0,10842,10792,10579,141,12,18,1,41,50,48,2,0,0,0,10842,79,10763,10717,10544,140,11,18,1,3,46,44,2,0,0,0,6623,5729,894
Floyd County,KY,50,3,6,21,71,1018758276,6113697,39451,18175,37.5582827,-82.7403367,39451,39228,38732,294,39,76,0,87,223,212,56,95,24,8,28,0,1,0,0,0,0,0,0,0,0,10,0,1,0,39451,219,39232,39034,38624,292,39,75,0,4,198,188,9,0,1,0,30577,30433,30035,250,37,57,0,54,144,136,7,0,1,0,30577,125,30452,30317,29975,248,37,56,0,1,135,128,6,0,1,0,18175,16060,2115
Franklin County,KY,50,3,6,21,73,538061269,11037327,49285,23164,38.234919,-84.8687863,49285,48206,41614,5128,103,703,8,650,1079,1034,609,209,61,5,85,29,5,2,14,4,0,2,4,2,3,35,6,4,0,49285,1374,47911,46952,41026,5078,82,692,7,67,959,923,28,4,4,0,38620,38183,33054,4124,83,510,8,404,437,415,16,3,3,0,38620,847,37773,37382,32690,4091,70,502,7,22,391,374,13,1,3,0,23164,20662,2502
Fulton County,KY,50,3,6,21,75,532251963,65047499,6813,3372,36.5526198,-89.1877226,6813,6689,5004,1609,18,45,2,11,124,115,77,20,2,2,5,4,2,0,3,0,0,0,0,0,0,9,0,0,0,6813,53,6760,6649,4973,1607,17,45,2,5,111,102,9,0,0,0,5445,5399,4146,1192,16,36,2,7,46,42,4,0,0,0,5445,29,5416,5377,4131,1191,16,36,2,1,39,35,4,0,0,0,3372,2864,508
Gallatin County,KY,50,3,6,21,77,262194985,9023075,8589,3786,38.7601837,-84.8621143,8589,8413,8132,113,11,15,3,139,176,158,67,43,4,3,31,1,1,0,0,0,0,0,0,7,1,17,1,0,0,8589,372,8217,8093,7952,109,9,15,3,5,124,113,10,1,0,0,6286,6210,6006,94,7,12,3,88,76,65,10,1,0,0,6286,213,6073,6015,5900,92,6,12,3,2,58,51,6,1,0,0,3786,3160,626
Garrard County,KY,50,3,6,21,79,595897447,10019029,16912,7463,37.6301619,-84.5458557,16912,16749,16118,346,24,37,3,221,163,158,60,48,18,2,24,2,0,0,4,0,0,0,0,0,0,4,0,1,0,16912,403,16509,16377,15965,339,22,37,1,13,132,128,3,0,1,0,12998,12937,12473,280,20,26,3,135,61,58,2,0,1,0,12998,239,12759,12702,12377,274,19,26,1,5,57,54,2,0,1,0,7463,6668,795
Grant County,KY,50,3,6,21,81,668125059,7255148,24662,9942,38.6492099,-84.6259458,24662,24440,23842,178,57,80,38,245,222,218,74,82,20,6,27,1,0,0,2,0,0,0,1,3,2,4,0,0,0,24662,577,24085,23894,23545,173,49,78,32,17,191,188,3,0,0,0,17739,17641,17246,128,41,59,22,145,98,95,3,0,0,0,17739,308,17431,17341,17092,124,39,58,22,6,90,87,3,0,0,0,9942,8614,1328
Graves County,KY,50,3,6,21,83,1429006936,13066620,37121,16777,36.7233435,-88.6498974,37121,36441,33568,1607,91,124,20,1031,680,654,350,156,39,4,61,9,3,1,8,0,1,12,1,6,3,25,1,0,0,37121,2099,35022,34437,32608,1597,70,124,11,27,585,561,24,0,0,0,28069,27836,25878,1178,71,87,14,608,233,224,8,1,0,0,28069,1219,26850,26656,25322,1172,55,87,9,11,194,187,7,0,0,0,16777,14978,1799
Grayson County,KY,50,3,6,21,85,1286441869,37121614,25746,13561,37.4585771,-86.3440113,25746,25497,25052,264,49,61,7,64,249,229,62,120,27,2,11,2,1,0,0,0,1,1,2,0,0,18,2,0,0,25746,258,25488,25257,24885,260,41,61,3,7,231,211,18,2,0,0,19602,19463,19111,223,38,46,6,39,139,129,8,2,0,0,19602,171,19431,19303,18994,222,35,46,2,4,128,118,8,2,0,0,13561,10082,3479
Green County,KY,50,3,6,21,87,740825297,7135854,11258,5324,37.2696366,-85.5614029,11258,11113,10775,224,40,17,1,56,145,142,53,50,17,1,21,0,0,0,0,0,0,0,0,0,0,3,0,0,0,11258,159,11099,10978,10691,222,34,17,1,13,121,118,3,0,0,0,8709,8640,8404,172,27,10,1,26,69,67,2,0,0,0,8709,84,8625,8562,8354,170,24,10,1,3,63,61,2,0,0,0,5324,4601,723
Greenup County,KY,50,3,6,21,89,891983450,26036378,36910,16330,38.5635956,-82.9338325,36910,36552,35928,257,94,188,6,79,358,351,114,172,33,7,13,1,3,0,2,0,0,5,0,1,0,7,0,0,0,36910,284,36626,36294,35752,255,86,184,1,16,332,325,7,0,0,0,28585,28377,27926,194,76,132,2,47,208,203,5,0,0,0,28585,168,28417,28220,27820,193,70,129,0,8,197,192,5,0,0,0,16330,14671,1659
Hancock County,KY,50,3,6,21,91,486017475,29096112,8565,3734,37.8433887,-86.7927726,8565,8473,8331,75,22,19,0,26,92,92,36,26,13,3,9,4,0,0,0,0,0,0,0,1,0,0,0,0,0,8565,94,8471,8388,8282,70,15,19,0,2,83,83,0,0,0,0,6340,6309,6200,66,16,13,0,14,31,31,0,0,0,0,6340,52,6288,6259,6171,64,11,13,0,0,29,29,0,0,0,0,3734,3285,449
Hardin County,KY,50,3,6,21,93,1614282063,17763035,105543,43261,37.6958356,-85.9631827,105543,101798,84971,12275,541,2104,354,1553,3745,3448,1413,540,693,111,247,95,121,37,94,15,3,7,30,35,7,271,22,4,0,105543,5317,100226,97070,82139,11878,482,2067,333,171,3156,2938,194,20,4,0,78127,76637,64742,8593,405,1675,255,967,1490,1383,93,11,3,0,78127,3202,74925,73658,62939,8389,367,1655,242,66,1267,1184,70,10,3,0,43261,39853,3408
Harlan County,KY,50,3,6,21,95,1206487719,6016450,29278,13513,36.8592233,-83.2214968,29278,28996,28144,643,42,100,2,65,282,273,132,99,13,6,19,2,1,0,0,0,0,0,0,1,0,8,0,1,0,29278,210,29068,28810,28030,639,36,100,2,3,258,249,8,0,1,0,22593,22457,21840,482,37,65,1,32,136,132,3,0,1,0,22593,108,22485,22357,21776,482,32,65,1,1,128,124,3,0,1,0,13513,11789,1724
Harrison County,KY,50,3,6,21,97,793479419,9058916,18846,8208,38.4434891,-84.3327961,18846,18625,18037,385,36,38,11,118,221,210,116,51,11,2,21,0,0,1,0,1,0,2,1,2,2,9,2,0,0,18846,337,18509,18315,17846,379,35,37,11,7,194,183,9,2,0,0,14265,14181,13732,303,29,28,7,82,84,76,6,2,0,0,14265,194,14071,13997,13635,298,28,27,7,2,74,66,6,2,0,0,8208,7343,865
Hart County,KY,50,3,6,21,99,1067297497,14929179,18199,8559,37.3138562,-85.8819945,18199,17969,16906,885,31,36,1,110,230,222,113,68,10,3,25,1,0,0,1,0,0,1,0,0,0,7,1,0,0,18199,261,17938,17741,16771,883,30,36,1,20,197,190,6,1,0,0,13654,13554,12700,733,26,26,1,68,100,95,5,0,0,0,13654,166,13488,13401,12610,732,25,26,1,7,87,82,5,0,0,0,8559,7097,1462
Henderson County,KY,50,3,6,21,101,1130968068,76691170,46250,20320,37.7925421,-87.5725767,46250,45449,41217,3590,96,196,13,337,801,764,483,108,60,8,61,8,4,1,13,2,0,7,2,5,2,35,2,0,0,46250,858,45392,44681,40773,3568,79,193,9,59,711,682,28,1,0,0,35380,35115,32053,2646,80,147,6,183,265,251,13,1,0,0,35380,499,34881,34650,31793,2633,67,144,6,7,231,220,11,0,0,0,20320,18705,1615
Henry County,KY,50,3,6,21,103,741450181,12552965,15416,6640,38.4515607,-85.1200786,15416,15163,14452,419,38,31,9,214,253,245,104,85,10,1,40,1,1,0,2,1,0,0,0,0,0,8,0,0,0,15416,447,14969,14760,14272,410,35,29,8,6,209,202,7,0,0,0,11593,11485,10958,342,29,20,4,132,108,104,4,0,0,0,11593,233,11360,11257,10863,340,27,20,4,3,103,99,4,0,0,0,6640,5963,677
Hickman County,KY,50,3,6,21,105,627487774,27882492,4902,2342,36.675916,-88.9720197,4902,4825,4332,452,12,11,1,17,77,70,36,17,7,0,7,0,0,0,2,0,0,0,0,1,0,7,0,0,0,4902,57,4845,4779,4298,451,12,11,1,6,66,63,3,0,0,0,3848,3827,3460,342,12,6,1,6,21,20,1,0,0,0,3848,26,3822,3802,3441,342,12,6,1,0,20,20,0,0,0,0,2342,2028,314
Hopkins County,KY,50,3,6,21,107,1403760753,32168048,46920,21180,37.3110702,-87.5421956,46920,46009,42289,3086,65,259,21,289,911,871,485,200,66,24,62,13,1,2,6,1,0,3,5,1,2,35,5,0,0,46920,734,46186,45360,41940,3069,56,257,15,23,826,797,28,1,0,0,36029,35718,33034,2236,56,195,16,181,311,297,12,2,0,0,36029,413,35616,35332,32844,2226,51,194,11,6,284,272,11,1,0,0,21180,18980,2200
Jackson County,KY,50,3,6,21,109,894065212,3397888,13494,6523,37.4033198,-84.0206858,13494,13421,13348,16,25,11,1,20,73,73,12,45,10,2,4,0,0,0,0,0,0,0,0,0,0,0,0,0,0,13494,84,13410,13341,13298,13,17,11,0,2,69,69,0,0,0,0,10312,10264,10216,7,17,7,0,17,48,48,0,0,0,0,10312,52,10260,10214,10186,5,14,7,0,2,46,46,0,0,0,0,6523,5486,1037
Jefferson County,KY,50,3,6,21,111,985273984,44718982,741096,337616,38.1895327,-85.6576239,741096,724441,538714,154246,1788,16338,460,12895,16655,15416,7120,2131,2251,180,1432,700,393,129,575,80,17,58,67,234,49,1137,86,15,1,741096,32542,708554,694333,522561,152451,1492,16171,403,1255,14221,13193,963,57,7,1,569289,561648,431422,108365,1381,11863,310,8307,7641,7023,556,50,11,1,569289,21435,547854,541425,420487,107156,1197,11763,276,546,6429,5896,490,35,7,1,337616,309175,28441
Jessamine County,KY,50,3,6,21,113,445777146,6176428,48586,19331,37.8732908,-84.5839603,48586,47696,45147,1499,122,475,17,436,890,835,367,210,130,12,74,9,7,0,9,1,0,3,4,9,0,51,4,0,0,48586,1353,47233,46464,44336,1487,114,475,15,37,769,729,39,1,0,0,36037,35668,33938,1039,100,303,6,282,369,346,22,1,0,0,36037,807,35230,34910,33462,1032,95,303,5,13,320,305,15,0,0,0,19331,17642,1689
Johnson County,KY,50,3,6,21,115,678455744,5651444,23356,10624,37.8492599,-82.8306393,23356,23171,22976,56,30,91,4,14,185,181,39,98,24,2,16,0,0,0,2,0,0,0,0,0,0,4,0,0,0,23356,109,23247,23080,22900,56,28,91,4,1,167,163,4,0,0,0,18107,17991,17839,48,20,70,2,12,116,113,3,0,0,0,18107,65,18042,17936,17796,48,19,70,2,1,106,103,3,0,0,0,10624,9362,1262
Kenton County,KY,50,3,6,21,117,415044980,10611128,159720,68975,38.9304771,-84.533492,159720,156555,145394,7359,294,1447,155,1906,3165,2968,1548,519,396,50,253,43,17,3,34,4,1,14,14,48,24,180,17,0,0,159720,4225,155495,152728,143430,7267,235,1398,139,259,2767,2627,127,13,0,0,119774,118588,111052,4983,228,1067,104,1154,1186,1096,80,10,0,0,119774,2570,117204,116176,109848,4937,183,1023,94,91,1028,961,58,9,0,0,68975,62768,6207
Knott County,KY,50,3,6,21,119,910427420,3453763,16346,7461,37.354703,-82.9491376,16346,16244,16067,118,9,14,4,32,102,96,16,60,5,0,5,2,0,0,2,0,0,6,0,0,0,3,3,0,0,16346,99,16247,16162,16015,116,9,14,2,6,85,81,2,2,0,0,12810,12740,12612,88,7,13,3,17,70,66,2,2,0,0,12810,55,12755,12692,12582,87,7,13,1,2,63,60,1,2,0,0,7461,6414,1047
Knox County,KY,50,3,6,21,121,1000505156,3757580,31883,14485,36.8874758,-83.8556299,31883,31533,30967,346,70,67,3,80,350,322,84,168,22,4,34,1,0,0,0,0,0,3,2,0,4,28,0,0,0,31883,270,31613,31301,30805,344,68,67,3,14,312,294,18,0,0,0,24020,23831,23416,265,56,47,3,44,189,176,13,0,0,0,24020,136,23884,23704,23328,264,55,47,3,7,180,170,10,0,0,0,14485,12722,1763
Larue County,KY,50,3,6,21,123,677331504,5462686,14193,6172,37.5455181,-85.6972088,14193,13970,13329,444,37,25,2,133,223,217,88,70,12,10,27,4,1,0,2,0,0,3,0,0,0,5,1,0,0,14193,401,13792,13601,13096,441,35,25,2,2,191,186,4,1,0,0,10818,10719,10246,341,28,17,2,85,99,95,3,1,0,0,10818,216,10602,10509,10126,338,26,17,2,0,93,89,3,1,0,0,6172,5615,557
Laurel County,KY,50,3,6,21,125,1123932843,25231550,58849,25446,37.1132678,-84.1193951,58849,58253,57112,417,175,287,5,257,596,552,148,282,44,15,34,3,2,1,1,1,2,1,1,15,2,44,0,0,0,58849,717,58132,57595,56732,405,145,286,2,25,537,503,34,0,0,0,44538,44183,43414,290,137,192,2,148,355,329,26,0,0,0,44538,428,44110,43774,43168,282,121,191,2,10,336,313,23,0,0,0,25446,23014,2432
Lawrence County,KY,50,3,6,21,127,1076386638,11584591,15860,7286,38.0744587,-82.7383054,15860,15734,15621,33,17,26,3,34,126,119,44,62,8,2,2,0,0,0,0,1,0,0,0,0,0,7,0,0,0,15860,77,15783,15660,15582,32,17,26,1,2,123,116,7,0,0,0,12179,12097,12028,18,13,18,1,19,82,75,7,0,0,0,12179,41,12138,12058,12006,18,13,18,1,2,80,73,7,0,0,0,7286,6239,1047
Lee County,KY,50,3,6,21,129,540937729,6215040,7887,3436,37.6053832,-83.7184968,7887,7830,7607,185,22,11,0,5,57,57,10,39,7,0,0,1,0,0,0,0,0,0,0,0,0,0,0,0,0,7887,58,7829,7781,7564,185,20,11,0,1,48,48,0,0,0,0,6349,6316,6101,180,20,11,0,4,33,33,0,0,0,0,6349,47,6302,6272,6063,180,18,11,0,0,30,30,0,0,0,0,3436,2910,526
Leslie County,KY,50,3,6,21,131,1038181523,9331244,11310,5278,37.0878458,-83.3886162,11310,11242,11179,22,14,15,1,11,68,67,20,40,5,0,2,0,0,0,0,0,0,0,0,0,0,1,0,0,0,11310,40,11270,11205,11152,22,11,15,1,4,65,64,1,0,0,0,8892,8848,8805,15,8,13,1,6,44,43,1,0,0,0,8892,28,8864,8822,8783,15,8,13,1,2,42,41,1,0,0,0,5278,4555,723
Letcher County,KY,50,3,6,21,133,875192707,2898644,24519,11601,37.1185034,-82.8611749,24519,24405,24215,85,37,39,0,29,114,112,33,64,8,0,4,0,0,0,2,0,0,1,0,0,0,2,0,0,0,24519,124,24395,24285,24120,85,34,39,0,7,110,108,2,0,0,0,19089,19018,18892,56,25,33,0,12,71,69,2,0,0,0,19089,85,19004,18934,18819,56,24,33,0,2,70,68,2,0,0,0,11601,10014,1587
Lewis County,KY,50,3,6,21,135,1250540292,32492848,13870,6481,38.5320508,-83.3733027,13870,13793,13711,37,27,8,0,10,77,77,24,39,5,0,9,0,0,0,0,0,0,0,0,0,0,0,0,0,0,13870,78,13792,13722,13650,35,27,8,0,2,70,70,0,0,0,0,10562,10522,10461,26,22,5,0,8,40,40,0,0,0,0,10562,43,10519,10479,10428,24,22,5,0,0,40,40,0,0,0,0,6481,5497,984
Lincoln County,KY,50,3,6,21,137,865301109,6426264,24742,10819,37.4572565,-84.6580738,24742,24379,23555,565,43,40,1,175,363,353,121,151,20,8,48,0,0,0,1,3,0,1,0,0,0,9,1,0,0,24742,372,24370,24057,23404,560,39,39,1,14,313,305,7,1,0,0,18642,18474,17892,422,30,26,0,104,168,160,7,1,0,0,18642,209,18433,18273,17799,417,29,25,0,3,160,153,6,1,0,0,10819,9777,1042
Livingston County,KY,50,3,6,21,139,810995883,75644574,9519,4824,37.2095173,-88.363426,9519,9414,9318,21,27,20,6,22,105,95,23,49,7,3,11,0,0,0,0,2,0,0,0,0,0,9,1,0,0,9519,123,9396,9311,9243,16,24,18,6,4,85,81,4,0,0,0,7566,7503,7436,18,26,8,2,13,63,57,5,1,0,0,7566,69,7497,7442,7393,14,23,8,2,2,55,52,3,0,0,0,4824,3985,839
Logan County,KY,50,3,6,21,141,1430013728,12689581,26835,12339,36.8598288,-86.8814363,26835,26423,24187,1767,62,64,11,332,412,401,215,116,21,2,33,5,0,3,3,0,0,3,0,0,0,11,0,0,0,26835,651,26184,25822,23934,1734,44,64,11,35,362,354,8,0,0,0,20247,20080,18514,1270,45,46,4,201,167,162,5,0,0,0,20247,394,19853,19702,18359,1253,34,46,4,6,151,148,3,0,0,0,12339,10666,1673
Lyon County,KY,50,3,6,21,143,553843392,110562511,8314,4791,37.0239759,-88.0833909,8314,8224,7729,441,12,24,1,17,90,90,27,42,5,1,7,3,3,0,1,0,0,0,1,0,0,0,0,0,0,8314,77,8237,8155,7672,437,12,24,1,9,82,82,0,0,0,0,7031,6985,6542,401,11,19,1,11,46,46,0,0,0,0,7031,46,6985,6943,6506,399,11,19,1,7,42,42,0,0,0,0,4791,3287,1504
McCracken County,KY,50,3,6,21,145,644243006,50314555,65565,31079,37.0536877,-88.7123775,65565,64165,55762,7224,150,527,11,491,1400,1315,700,308,130,16,85,39,5,5,12,2,2,1,2,7,1,74,10,1,0,65565,1383,64182,62925,55025,7179,126,521,10,64,1257,1178,69,10,0,0,50859,50326,44480,5044,125,373,11,293,533,493,34,5,1,0,50859,846,50013,49529,44006,5018,110,370,10,15,484,446,33,5,0,0,31079,28227,2852
McCreary County,KY,50,3,6,21,147,1105414665,10732757,18306,7507,36.7311363,-84.4910515,18306,18033,16724,1009,129,25,4,142,273,262,51,128,17,0,29,5,0,1,14,4,5,1,4,0,3,9,2,0,0,18306,392,17914,17687,16557,977,122,25,4,2,227,217,8,2,0,0,14189,13992,12734,989,119,22,4,124,197,190,5,2,0,0,14189,337,13852,13690,12593,958,112,22,4,1,162,156,4,2,0,0,7507,6477,1030
McLean County,KY,50,3,6,21,149,653905327,9735978,9531,4264,37.5305746,-87.2629312,9531,9457,9302,55,23,10,0,67,74,74,29,24,5,1,14,1,0,0,0,0,0,0,0,0,0,0,0,0,0,9531,106,9425,9364,9278,53,22,10,0,1,61,61,0,0,0,0,7306,7268,7171,40,18,8,0,31,38,38,0,0,0,0,7306,51,7255,7219,7154,39,18,8,0,0,36,36,0,0,0,0,4264,3833,431
Madison County,KY,50,3,6,21,151,1132583005,15447453,82916,35043,37.7235278,-84.277008,82916,81261,75926,3611,250,758,33,683,1655,1553,678,428,211,14,135,14,10,1,20,9,1,5,10,16,1,101,1,0,0,82916,1813,81103,79656,74967,3565,225,753,30,116,1447,1361,85,1,0,0,65066,64214,60126,2868,187,581,25,427,852,784,68,0,0,0,65066,1169,63897,63142,59476,2844,174,577,23,48,755,693,62,0,0,0,35043,31973,3070
Magoffin County,KY,50,3,6,21,153,798865721,1847983,13333,5950,37.6989535,-83.0697158,13333,13244,13149,18,37,8,0,32,89,82,9,59,3,1,8,0,0,0,0,2,0,0,0,0,0,6,1,0,0,13333,95,13238,13165,13106,18,30,8,0,3,73,67,5,1,0,0,10139,10083,10021,9,31,5,0,17,56,52,3,1,0,0,10139,60,10079,10032,9990,9,27,5,0,1,47,44,2,1,0,0,5950,5309,641
Marion County,KY,50,3,6,21,155,888387260,9971338,19820,8182,37.5522465,-85.269242,19820,19477,17454,1604,30,116,5,268,343,321,193,49,16,3,39,4,2,0,10,1,0,2,0,1,1,22,0,0,0,19820,482,19338,19042,17285,1593,26,115,2,21,296,278,18,0,0,0,14932,14804,13240,1290,23,82,3,166,128,119,9,0,0,0,14932,288,14644,14532,13133,1284,22,81,2,10,112,103,9,0,0,0,8182,7358,824
Marshall County,KY,50,3,6,21,157,780240711,100797182,31448,15748,36.882017,-88.3327524,31448,31186,30900,49,59,88,2,88,262,250,37,142,39,2,26,0,1,0,0,0,0,0,1,2,0,12,0,0,0,31448,350,31098,30870,30669,48,55,83,2,13,228,221,7,0,0,0,24908,24745,24544,44,42,66,1,48,163,158,5,0,0,0,24908,230,24678,24527,24378,43,39,62,1,4,151,147,4,0,0,0,15748,13073,2675
Martin County,KY,50,3,6,21,159,594673664,2574079,12929,5164,37.796774,-82.5066231,12929,12859,11889,896,48,22,1,3,70,69,16,29,14,1,6,0,0,0,1,0,1,1,0,0,0,1,0,0,0,12929,388,12541,12481,11533,882,44,22,0,0,60,59,1,0,0,0,10171,10123,9167,889,45,21,0,1,48,47,1,0,0,0,10171,370,9801,9759,8821,875,42,21,0,0,42,41,1,0,0,0,5164,4516,648
Mason County,KY,50,3,6,21,161,621927429,16278281,17490,8105,38.5940683,-83.8280523,17490,17174,15801,1120,36,101,1,115,316,306,190,60,20,4,18,3,1,3,4,0,0,0,2,0,1,8,0,2,0,17490,248,17242,16958,15686,1117,33,99,1,22,284,279,3,0,2,0,13225,13107,12127,832,24,70,1,53,118,112,4,0,2,0,13225,115,13110,13003,12079,832,22,68,1,1,107,102,3,0,2,0,8105,7031,1074
Meade County,KY,50,3,6,21,163,791042872,49415133,28602,11762,37.9674757,-86.2008628,28602,27893,26427,948,147,158,36,177,709,651,210,202,122,15,48,7,5,11,14,2,0,1,11,3,0,52,6,0,0,28602,859,27743,27145,25905,899,133,154,34,20,598,556,40,2,0,0,20797,20490,19481,636,111,123,27,112,307,285,21,1,0,0,20797,462,20335,20061,19198,613,101,121,25,3,274,255,19,0,0,0,11762,10471,1291
Menifee County,KY,50,3,6,21,165,527282371,6085112,6306,3744,37.9507147,-83.5973453,6306,6231,6088,116,6,7,1,13,75,73,27,37,0,0,8,0,0,0,1,0,0,0,0,0,0,2,0,0,0,6306,51,6255,6186,6056,112,6,7,0,5,69,67,2,0,0,0,4842,4802,4698,89,6,4,1,4,40,39,1,0,0,0,4842,26,4816,4776,4679,86,6,4,0,1,40,39,1,0,0,0,3744,2440,1304
Mercer County,KY,50,3,6,21,167,644381848,11692372,21331,9941,37.8120851,-84.8796945,21331,20951,19789,765,39,76,11,271,380,367,189,107,26,3,21,5,0,0,8,0,0,4,4,0,0,13,0,0,0,21331,490,20841,20497,19614,751,29,76,10,17,344,335,9,0,0,0,16293,16142,15314,586,28,47,6,161,151,144,7,0,0,0,16293,272,16021,15882,15221,580,24,47,6,4,139,133,6,0,0,0,9941,8682,1259
Metcalfe County,KY,50,3,6,21,169,750178224,4000081,10099,4681,36.990394,-85.6295543,10099,10008,9774,154,14,14,0,52,91,90,22,44,2,0,21,0,1,0,0,0,0,0,0,0,0,0,0,1,0,10099,115,9984,9907,9730,153,11,12,0,1,77,76,0,0,1,0,7680,7630,7453,118,13,11,0,35,50,49,0,0,1,0,7680,63,7617,7572,7431,118,11,11,0,1,45,44,0,0,1,0,4681,4055,626
Monroe County,KY,50,3,6,21,171,853073262,6949445,10963,5204,36.714077,-85.713508,10963,10841,10431,231,12,8,1,158,122,118,54,37,6,0,17,4,0,0,0,0,0,0,0,0,0,4,0,0,0,10963,289,10674,10567,10314,231,12,8,0,2,107,103,4,0,0,0,8417,8350,8061,178,10,8,0,93,67,63,4,0,0,0,8417,157,8260,8198,8001,178,10,8,0,1,62,58,4,0,0,0,5204,4509,695
Montgomery County,KY,50,3,6,21,173,511174863,3862273,26499,11699,38.0381379,-83.9123375,26499,26195,25031,731,48,84,6,295,304,295,120,91,15,2,53,2,4,0,0,0,0,2,0,4,2,9,0,0,0,26499,660,25839,25600,24715,712,40,83,6,44,239,233,6,0,0,0,19999,19880,18994,596,39,66,5,180,119,115,4,0,0,0,19999,407,19592,19492,18790,583,34,65,5,15,100,97,3,0,0,0,11699,10435,1264
Morgan County,KY,50,3,6,21,175,987113548,6892022,13923,5830,37.9229402,-83.2589444,13923,13822,13124,600,31,46,1,20,101,99,28,51,9,2,3,3,1,0,1,0,0,0,0,0,1,1,1,0,0,13923,108,13815,13722,13048,598,30,42,1,3,93,91,1,1,0,0,11083,11007,10340,587,25,37,0,18,76,75,0,1,0,0,11083,87,10996,10925,10280,586,24,33,0,2,71,70,0,1,0,0,5830,4860,970
Muhlenberg County,KY,50,3,6,21,177,1209728681,31912449,31499,13699,37.2138159,-87.1340919,31499,31153,29514,1426,46,43,5,119,346,335,152,113,17,6,38,4,3,0,1,0,0,1,0,0,0,8,3,0,0,31499,367,31132,30832,29301,1417,46,43,4,21,300,292,5,3,0,0,24678,24522,23175,1204,42,34,3,64,156,148,5,3,0,0,24678,218,24460,24317,23035,1198,42,34,3,5,143,137,3,3,0,0,13699,12052,1647
Nelson County,KY,50,3,6,21,179,1081351761,17000268,43437,18075,37.8031876,-85.4659548,43437,42734,39932,2183,54,218,9,338,703,682,329,148,69,6,102,5,8,0,1,2,0,1,0,2,9,18,3,0,0,43437,888,42549,41963,39498,2168,49,216,8,24,586,570,13,3,0,0,32152,31892,29939,1557,45,150,6,195,260,249,10,1,0,0,32152,462,31690,31462,29707,1551,41,148,5,10,228,221,6,1,0,0,18075,16826,1249
Nicholas County,KY,50,3,6,21,181,505489592,4306528,7135,3261,38.3371317,-84.0255542,7135,7083,6983,41,7,16,0,36,52,49,15,25,4,1,4,0,0,0,0,0,0,0,0,0,0,3,0,0,0,7135,98,7037,6990,6922,41,7,16,0,4,47,44,3,0,0,0,5411,5384,5319,30,5,6,0,24,27,24,3,0,0,0,5411,53,5358,5333,5289,30,5,6,0,3,25,22,3,0,0,0,3261,2809,452
Ohio County,KY,50,3,6,21,183,1521032417,23188137,23842,10219,37.4778588,-86.844871,23842,23599,22944,196,50,51,8,350,243,233,65,84,15,1,58,3,0,0,5,0,0,1,0,0,1,10,0,0,0,23842,844,22998,22813,22531,187,39,47,5,4,185,177,8,0,0,0,17908,17779,17347,144,38,35,5,210,129,125,4,0,0,0,17908,487,17421,17316,17109,140,32,32,3,0,105,103,2,0,0,0,10219,9176,1043
Oldham County,KY,50,3,6,21,185,484893493,23869704,60316,20688,38.4000461,-85.4560593,60316,59309,54904,2620,170,797,30,788,1007,931,276,208,218,17,120,19,11,5,19,6,1,6,2,17,6,71,4,1,0,60316,2133,58183,57371,53796,2571,142,785,19,58,812,753,56,3,0,0,43520,43082,39778,2169,144,476,23,492,438,405,31,1,1,0,43520,1285,42235,41890,39127,2138,123,468,15,19,345,320,25,0,0,0,20688,19431,1257
Owen County,KY,50,3,6,21,187,909351754,8143489,10841,5634,38.4996026,-84.8415094,10841,10731,10470,91,17,17,1,135,110,103,32,46,5,3,14,0,0,0,0,0,0,0,2,1,0,6,1,0,0,10841,246,10595,10500,10367,90,15,17,1,10,95,92,3,0,0,0,8178,8117,7938,78,17,11,1,72,61,58,3,0,0,0,8178,128,8050,7994,7884,77,15,11,1,6,56,54,2,0,0,0,5634,4296,1338
Owsley County,KY,50,3,6,21,189,511282528,2286419,4755,2328,37.4234519,-83.6915664,4755,4727,4692,13,12,2,0,8,28,25,7,12,2,0,1,2,0,0,0,0,0,0,1,0,0,3,0,0,0,4755,39,4716,4689,4659,13,12,2,0,3,27,24,3,0,0,0,3697,3677,3657,5,10,2,0,3,20,20,0,0,0,0,3697,23,3674,3655,3637,5,10,2,0,1,19,19,0,0,0,0,2328,1914,414
Pendleton County,KY,50,3,6,21,191,717833417,12330627,14877,6339,38.6907649,-84.3540405,14877,14743,14603,53,33,20,3,31,134,130,31,59,21,2,13,0,0,0,2,0,0,2,0,0,0,4,0,0,0,14877,143,14734,14616,14521,47,25,20,1,2,118,114,4,0,0,0,11197,11126,11028,38,27,11,0,22,71,70,1,0,0,0,11197,83,11114,11044,10977,32,24,11,0,0,70,69,1,0,0,0,6339,5494,845
Perry County,KY,50,3,6,21,193,879740535,7613385,28712,12791,37.2412822,-83.2177723,28712,28422,27706,435,37,148,4,92,290,284,139,100,20,1,19,4,0,0,0,0,0,0,0,1,0,6,0,0,0,28712,185,28527,28252,27622,432,36,148,4,10,275,269,6,0,0,0,22468,22328,21792,335,31,115,3,52,140,134,6,0,0,0,22468,107,22361,22222,21741,332,30,115,3,1,139,133,6,0,0,0,12791,11319,1472
Pike County,KY,50,3,6,21,195,2037887589,4756870,65024,30304,37.4820665,-82.4028687,65024,64551,63718,349,64,296,14,110,473,453,149,168,62,8,51,4,0,0,2,3,0,0,2,4,0,14,6,0,0,65024,446,64578,64159,63431,348,59,291,8,22,419,403,10,6,0,0,50762,50501,49881,270,53,221,8,68,261,248,10,3,0,0,50762,274,50488,50251,49702,269,49,219,7,5,237,227,7,3,0,0,30304,26728,3576
Powell County,KY,50,3,6,21,197,463554647,2958483,12613,5598,37.8103787,-83.8269851,12613,12500,12321,79,14,17,4,65,113,107,27,58,6,1,10,1,2,0,0,0,0,0,0,2,0,2,1,3,0,12613,132,12481,12378,12264,78,14,17,4,1,103,98,1,1,3,0,9508,9442,9297,65,13,14,2,51,66,63,2,1,0,0,9508,95,9413,9351,9258,64,13,14,2,0,62,60,1,1,0,0,5598,4834,764
Pulaski County,KY,50,3,6,21,199,1705268187,48553203,63063,31443,37.1083118,-84.5799857,63063,62359,60625,727,143,290,19,555,704,679,191,299,81,10,78,3,3,0,2,4,0,3,3,2,0,25,0,0,0,63063,1318,61745,61127,59943,705,128,289,13,49,618,595,23,0,0,0,48705,48349,47134,527,117,205,9,357,356,339,17,0,0,0,48705,792,47913,47588,46727,516,107,204,7,27,325,310,15,0,0,0,31443,25722,5721
Robertson County,KY,50,3,6,21,201,258767993,485275,2282,1095,38.5138262,-84.0637574,2282,2260,2241,4,3,2,0,10,22,22,4,13,0,2,3,0,0,0,0,0,0,0,0,0,0,0,0,0,0,2282,22,2260,2239,2232,3,2,2,0,0,21,21,0,0,0,0,1792,1775,1762,3,3,2,0,5,17,17,0,0,0,0,1792,12,1780,1763,1756,3,2,2,0,0,17,17,0,0,0,0,1095,902,193
Rockcastle County,KY,50,3,6,21,203,819847035,4018095,17056,7703,37.3612203,-84.314419,17056,16901,16783,19,45,14,1,39,155,152,15,97,12,3,22,1,0,1,1,0,0,0,0,0,0,2,1,0,0,17056,103,16953,16822,16741,19,41,13,1,7,131,128,2,1,0,0,13099,12983,12897,14,34,10,1,27,116,113,2,1,0,0,13099,63,13036,12933,12874,14,32,9,1,3,103,100,2,1,0,0,7703,6750,953
Rowan County,KY,50,3,6,21,205,724666477,16759176,23333,10102,38.2058938,-83.425969,23333,23091,22420,349,34,180,4,104,242,231,82,74,32,4,23,4,2,0,8,0,0,1,0,1,0,7,4,0,0,23333,294,23039,22834,22266,341,33,178,4,12,205,201,4,0,0,0,18771,18633,18120,289,29,126,3,66,138,130,6,2,0,0,18771,214,18557,18436,17998,281,28,124,3,2,121,118,3,0,0,0,10102,8864,1238
Russell County,KY,50,3,6,21,207,656969251,75675029,17565,9993,36.9891273,-85.0589762,17565,17390,16943,82,45,41,1,278,175,165,44,77,14,1,22,0,1,0,3,1,0,0,0,2,0,6,4,0,0,17565,585,16980,16830,16676,79,34,40,0,1,150,141,6,3,0,0,13642,13547,13242,63,39,28,1,174,95,92,2,1,0,0,13642,355,13287,13198,13081,60,29,27,0,1,89,87,2,0,0,0,9993,7401,2592
Scott County,KY,50,3,6,21,209,729770453,9497606,47173,19303,38.2898823,-84.579376,47173,46325,42405,2468,129,416,16,891,848,806,397,129,125,8,116,9,8,1,7,0,0,3,1,2,0,37,5,0,0,47173,1994,45179,44480,41441,2433,105,412,14,75,699,667,30,2,0,0,34505,34184,31445,1799,95,285,9,551,321,302,16,3,0,0,34505,1188,33317,33037,30872,1776,78,283,7,21,280,263,15,2,0,0,19303,17408,1895
Shelby County,KY,50,3,6,21,211,983253588,15631379,42074,16606,38.239426,-85.2283599,42074,41136,35943,3146,116,258,45,1628,938,885,398,154,88,10,168,11,7,4,11,1,4,6,2,4,17,52,1,0,0,42074,3812,38262,37559,34080,3038,92,251,31,67,703,660,42,1,0,0,31631,31233,27549,2357,90,169,32,1036,398,377,20,1,0,0,31631,2346,29285,29013,26441,2289,72,166,22,23,272,254,17,1,0,0,16606,15321,1285
Simpson County,KY,50,3,6,21,213,606585453,5857421,17327,7435,36.7408632,-86.5814635,17327,17012,15118,1625,41,114,4,110,315,298,172,64,24,1,21,6,2,0,5,0,0,0,1,2,0,17,0,0,0,17327,325,17002,16714,14941,1615,36,111,4,7,288,274,14,0,0,0,13059,12932,11522,1224,32,94,2,58,127,119,8,0,0,0,13059,178,12881,12763,11419,1219,29,91,2,3,118,110,8,0,0,0,7435,6753,682
Spencer County,KY,50,3,6,21,215,483492140,12898484,17061,6704,38.0269758,-85.321525,17061,16862,16419,258,32,70,9,74,199,186,73,54,28,1,22,4,0,0,0,1,0,0,1,1,1,11,2,0,0,17061,239,16822,16655,16278,256,30,70,9,12,167,157,9,1,0,0,12675,12585,12254,197,26,52,7,49,90,84,5,1,0,0,12675,138,12537,12459,12176,196,24,52,7,4,78,72,5,1,0,0,6704,6165,539
Taylor County,KY,50,3,6,21,217,689784222,27170078,24512,10864,37.3651061,-85.3266981,24512,24112,22539,1216,31,129,10,187,400,391,222,86,18,12,36,0,2,0,14,0,0,0,0,1,0,9,0,0,0,24512,433,24079,23727,22329,1210,29,128,10,21,352,345,7,0,0,0,19047,18899,17665,982,27,97,4,124,148,143,5,0,0,0,19047,271,18776,18644,17532,978,25,96,4,9,132,128,4,0,0,0,10864,9832,1032
Todd County,KY,50,3,6,21,219,969940558,6631006,12460,5286,36.8403384,-87.1836416,12460,12287,11093,996,19,12,2,165,173,166,53,57,9,6,32,0,4,0,4,0,0,0,0,0,1,6,1,0,0,12460,494,11966,11827,10797,989,18,10,2,11,139,133,5,1,0,0,9067,8993,8141,720,13,12,2,105,74,69,4,1,0,0,9067,273,8794,8730,7985,717,13,10,2,3,64,60,3,1,0,0,5286,4647,639
Trigg County,KY,50,3,6,21,221,1143307323,103330640,14339,7810,36.8076808,-87.8586515,14339,14093,12781,1171,38,44,5,54,246,237,107,68,28,9,15,3,0,0,1,3,0,2,1,0,0,7,2,0,0,14339,175,14164,13940,12675,1171,37,44,4,9,224,219,3,2,0,0,11111,11000,10018,876,31,33,4,38,111,106,3,2,0,0,11111,118,10993,10892,9948,876,30,33,4,1,101,97,2,2,0,0,7810,5883,1927
Trimble County,KY,50,3,6,21,223,392766226,11833580,8809,3930,38.6181934,-85.3551709,8809,8703,8492,27,31,38,5,110,106,103,17,34,12,5,20,8,0,0,1,0,0,4,0,2,0,3,0,0,0,8809,223,8586,8503,8408,21,20,37,4,13,83,80,3,0,0,0,6599,6551,6398,20,27,27,1,78,48,45,3,0,0,0,6599,133,6466,6424,6354,17,20,26,1,6,42,39,3,0,0,0,3930,3420,510
Union County,KY,50,3,6,21,225,887974290,53167872,15007,6141,37.6580293,-87.9516496,15007,14784,12824,1808,28,51,7,66,223,216,113,62,14,1,18,3,0,0,1,1,0,3,0,0,0,7,0,0,0,15007,243,14764,14565,12654,1803,27,50,7,24,199,192,7,0,0,0,11560,11472,9884,1479,22,41,6,40,88,84,4,0,0,0,11560,174,11386,11309,9761,1474,21,40,6,7,77,73,4,0,0,0,6141,5549,592
Warren County,KY,50,3,6,21,227,1402737981,15447160,113792,47223,36.995634,-86.4235786,113792,111410,95167,10311,315,3184,129,2304,2382,2295,1032,385,271,46,347,36,33,6,36,5,1,4,21,67,5,83,4,0,0,113792,5174,108618,106710,92807,10204,273,3151,113,162,1908,1835,71,2,0,0,87880,86821,75123,7772,233,2206,93,1394,1059,1009,47,3,0,0,87880,3146,84734,83909,73662,7717,205,2184,84,57,825,783,41,1,0,0,47223,43674,3549
Washington County,KY,50,3,6,21,229,769916143,10191544,11717,5044,37.7542085,-85.1754162,11717,11557,10643,742,10,31,2,129,160,153,81,29,18,0,22,0,0,1,0,0,0,2,0,0,0,7,0,0,0,11717,393,11324,11192,10401,736,10,31,1,13,132,126,6,0,0,0,9003,8948,8276,563,7,22,1,79,55,53,2,0,0,0,9003,227,8776,8730,8137,560,7,22,1,3,46,44,2,0,0,0,5044,4507,537
Wayne County,KY,50,3,6,21,231,1186655607,67316177,20813,10942,36.8020113,-84.8304404,20813,20571,19805,316,41,67,8,334,242,222,82,89,11,0,29,3,0,0,3,2,0,0,1,1,1,16,4,0,0,20813,601,20212,20005,19591,308,33,67,3,3,207,190,13,4,0,0,16117,15996,15477,241,27,47,7,197,121,107,10,4,0,0,16117,345,15772,15661,15351,236,23,47,2,2,111,100,7,4,0,0,10942,8646,2296
Webster County,KY,50,3,6,21,233,859728365,9614705,13621,5936,37.5200207,-87.6850951,13621,13425,12449,563,28,35,43,307,196,188,82,48,11,7,32,0,1,0,5,0,0,0,0,0,2,8,0,0,0,13621,580,13041,12889,12233,553,23,35,32,13,152,144,8,0,0,0,10432,10345,9635,468,20,25,27,170,87,83,4,0,0,0,10432,315,10117,10044,9516,461,17,25,19,6,73,69,4,0,0,0,5936,5272,664
Whitley County,KY,50,3,6,21,235,1133973877,18877541,35637,15166,36.7580209,-84.1445496,35637,35213,34704,205,98,129,13,64,424,407,87,206,44,18,48,0,2,0,1,0,0,0,1,0,0,15,2,0,0,35637,310,35327,34963,34521,205,93,123,11,10,364,348,15,1,0,0,27128,26871,26479,177,77,96,8,34,257,247,8,2,0,0,27128,190,26938,26710,26360,177,72,90,8,3,228,219,8,1,0,0,15166,13575,1591
Wolfe County,KY,50,3,6,21,237,575419453,1505069,7355,3660,37.7437739,-83.4950678,7355,7312,7265,10,21,3,0,13,43,42,8,25,2,2,4,0,0,0,0,0,0,1,0,0,0,1,0,0,0,7355,41,7314,7275,7241,10,21,3,0,0,39,38,1,0,0,0,5587,5560,5532,5,15,3,0,5,27,26,1,0,0,0,5587,23,5564,5539,5516,5,15,3,0,0,25,24,1,0,0,0,3660,3065,595
Woodford County,KY,50,3,6,21,239,488948318,8423091,24939,10711,38.0427886,-84.7481466,24939,24499,22363,1230,38,124,11,733,440,428,165,71,49,1,103,9,4,1,8,0,0,1,4,6,6,12,0,0,0,24939,1680,23259,22953,21556,1216,30,124,5,22,306,299,7,0,0,0,18936,18774,17243,957,33,71,7,463,162,158,4,0,0,0,18936,1015,17921,17810,16746,952,27,71,5,9,111,108,3,0,0,0,10711,9806,905
Acadia Parish,LA,50,3,7,22,1,1696750566,6048801,61773,25387,30.291497,-92.4110366,61773,60957,49127,11175,163,137,6,349,816,773,379,142,54,9,128,24,10,1,15,0,0,7,0,4,0,39,4,0,0,61773,1060,60713,60028,48555,11133,155,137,5,43,685,654,28,3,0,0,44910,44581,36554,7548,118,101,3,257,329,306,20,3,0,0,44910,718,44192,43929,36174,7519,112,101,3,20,263,244,16,3,0,0,25387,22841,2546
Allen Parish,LA,50,3,7,22,3,1973174715,10636650,25764,9733,30.6527435,-92.8196052,25764,25350,18435,5985,622,176,6,126,414,384,122,117,37,6,30,24,12,0,25,0,0,9,2,0,0,27,3,0,0,25764,342,25422,25048,18276,5957,603,176,5,31,374,348,23,3,0,0,19870,19656,14288,4747,414,126,2,79,214,194,17,3,0,0,19870,211,19659,19461,14186,4728,403,126,2,16,198,178,17,3,0,0,9733,8516,1217
Ascension Parish,LA,50,3,7,22,5,751046853,33164667,107215,40784,30.2029461,-90.9100234,107215,105905,78572,23846,339,1018,81,2049,1310,1227,422,237,182,30,194,41,23,22,38,6,5,5,3,16,3,73,10,0,0,107215,5024,102191,101162,75949,23727,297,995,61,133,1029,958,65,6,0,0,76460,75836,57337,16187,234,718,48,1312,624,570,47,7,0,0,76460,3241,73219,72734,55613,16123,200,704,31,63,485,439,41,5,0,0,40784,37790,2994
Assumption Parish,LA,50,3,7,22,7,877120860,67008877,23421,10351,29.8998836,-91.0505282,23421,23212,15635,7141,133,58,12,233,209,199,69,53,6,3,30,23,4,1,3,1,1,3,0,2,0,9,1,0,0,23421,498,22923,22756,15442,7111,132,56,11,4,167,161,5,1,0,0,17665,17557,12196,5055,85,45,5,171,108,103,4,1,0,0,17665,363,17302,17214,12048,5032,84,43,4,3,88,86,1,1,0,0,10351,8736,1615
Avoyelles Parish,LA,50,3,7,22,9,2155994488,86273188,42073,18042,31.0850937,-91.9937975,42073,41391,28188,12398,503,141,3,158,682,631,215,130,23,2,31,204,2,2,11,1,1,4,3,2,0,44,7,0,0,42073,606,41467,40845,27877,12318,471,140,3,36,622,577,41,4,0,0,31790,31436,21850,9029,335,108,3,111,354,323,24,7,0,0,31790,407,31383,31063,21636,8982,313,107,3,22,320,294,22,4,0,0,18042,15432,2610
Beauregard Parish,LA,50,3,7,22,11,2997501973,21999317,35654,15040,30.6450184,-93.3402526,35654,34793,29321,4655,356,224,17,220,861,802,266,285,104,15,57,25,8,10,9,6,1,2,7,4,3,50,8,1,0,35654,1003,34651,33927,28730,4597,326,217,16,41,724,689,31,4,0,0,26359,25945,21902,3480,246,171,10,136,414,385,27,2,0,0,26359,614,25745,25388,21515,3449,228,168,10,18,357,336,19,2,0,0,15040,13159,1881
Bienville Parish,LA,50,3,7,22,13,2101174885,27977807,14353,7718,32.3442678,-93.0615128,14353,14177,7935,6076,50,34,0,82,176,167,50,82,10,1,6,10,3,0,5,0,0,0,0,0,0,9,0,0,0,14353,207,14146,13981,7850,6048,48,34,0,1,165,159,6,0,0,0,11012,10909,6279,4515,45,21,0,49,103,100,3,0,0,0,11012,120,10892,10793,6227,4500,44,21,0,1,99,98,1,0,0,0,7718,5838,1880
Bossier Parish,LA,50,3,7,22,15,2175737961,70351401,116979,49351,32.6962022,-93.6179774,116979,114427,84430,24461,641,1927,163,2805,2552,2360,682,477,472,50,265,94,149,13,62,12,0,15,20,44,5,180,10,1,1,116979,7026,109953,107924,80991,24245,533,1873,154,128,2029,1891,130,7,0,1,86945,85700,64692,17004,483,1523,128,1870,1245,1159,81,3,1,1,86945,4505,82440,81437,62468,16892,404,1489,120,64,1003,941,59,2,0,1,49351,45215,4136
Caddo Parish,LA,50,3,7,22,17,2275405029,150956656,254969,112028,32.5771951,-93.8824228,254969,251211,124942,120264,1092,2683,126,2104,3758,3453,1077,794,420,47,380,317,148,44,132,12,2,11,31,35,3,274,27,3,1,254969,6129,248840,245659,121969,119697,976,2653,118,246,3181,2922,236,21,2,0,192315,190282,100748,85041,840,2043,94,1516,2033,1873,141,15,3,1,192315,4189,188126,186364,98686,84664,759,2017,89,149,1762,1617,129,14,2,0,112028,102139,9889
Calcasieu Parish,LA,50,3,7,22,19,2754864273,79292408,192768,82058,30.2295588,-93.3580154,192768,189088,136514,47782,898,2073,93,1728,3680,3296,1146,679,348,50,371,260,32,11,277,14,5,32,25,41,5,334,47,3,0,192768,4945,187823,184671,133703,47490,836,2052,76,514,3152,2861,245,43,3,0,143756,141935,105077,33323,675,1601,57,1202,1821,1617,178,24,2,0,143756,3280,140476,138904,103142,33146,627,1589,53,347,1572,1409,138,23,2,0,82058,73996,8062
Caldwell Parish,LA,50,3,7,22,21,1371203807,29277275,10132,4994,32.1012436,-92.1141796,10132,10042,8213,1746,22,25,0,36,90,87,21,42,3,6,5,6,1,0,2,0,0,0,0,1,0,3,0,0,0,10132,222,9910,9826,8045,1735,19,25,0,2,84,81,3,0,0,0,7758,7701,6314,1323,19,19,0,26,57,54,3,0,0,0,7758,140,7618,7566,6210,1319,17,19,0,1,52,49,3,0,0,0,4994,3905,1089
Cameron Parish,LA,50,3,7,22,23,3327842145,1688107736,6839,3593,29.8719894,-93.165437,6839,6765,6546,119,36,6,0,58,74,73,15,24,4,3,27,0,0,0,0,0,0,0,0,0,0,1,0,0,0,6839,154,6685,6624,6465,119,33,6,0,1,61,60,1,0,0,0,5183,5144,5011,72,25,6,0,30,39,39,0,0,0,0,5183,93,5090,5054,4951,72,24,6,0,1,36,36,0,0,0,0,3593,2575,1018
Catahoula Parish,LA,50,3,7,22,25,1833789263,81301245,10407,4877,31.666517,-91.846703,10407,10331,6985,3280,34,3,0,29,76,75,30,19,4,2,11,4,1,0,3,0,0,0,1,0,0,1,0,0,0,10407,90,10317,10255,6946,3273,33,3,0,0,62,62,0,0,0,0,8057,8018,5543,2430,28,2,0,15,39,38,1,0,0,0,8057,55,8002,7973,5520,2424,27,2,0,0,29,29,0,0,0,0,4877,3834,1043
Claiborne Parish,LA,50,3,7,22,27,1955125902,32473234,17195,7761,32.8275848,-92.991125,17195,17051,8167,8733,63,41,1,46,144,125,45,36,14,0,0,15,5,2,5,3,0,0,0,0,0,18,1,0,0,17195,171,17024,16892,8084,8707,59,39,1,2,132,117,15,0,0,0,13815,13738,6781,6847,55,27,1,27,77,64,12,1,0,0,13815,106,13709,13640,6732,6828,51,26,1,2,69,59,10,0,0,0,7761,6017,1744
Concordia Parish,LA,50,3,7,22,29,1805014057,130488156,20822,9383,31.4698055,-91.626314,20822,20643,11959,8513,65,49,4,53,179,168,58,56,6,2,18,9,5,3,8,2,0,0,0,1,0,11,0,0,0,20822,209,20613,20459,11829,8503,62,49,4,12,154,145,9,0,0,0,15589,15491,9298,6079,46,32,4,32,98,91,7,0,0,0,15589,158,15431,15349,9198,6069,43,32,4,3,82,76,6,0,0,0,9383,7613,1770
De Soto Parish,LA,50,3,7,22,31,2267739158,49233952,26656,12290,32.0592476,-93.7407968,26656,26348,15456,10449,204,42,11,186,308,298,104,125,8,1,17,23,2,5,9,2,0,2,0,0,0,9,1,0,0,26656,661,25995,25730,15092,10402,180,37,9,10,265,259,5,1,0,0,20006,19841,12055,7455,164,35,8,124,165,160,4,1,0,0,20006,442,19564,19420,11812,7419,145,32,6,6,144,139,4,1,0,0,12290,10562,1728
East Baton Rouge Parish,LA,50,3,7,22,33,1179412087,38490958,440171,187353,30.5440017,-91.093174,440171,434333,214927,199505,1097,12367,135,6302,5838,5351,1588,755,999,65,714,424,270,37,293,22,8,39,25,96,16,424,62,1,0,440171,16274,423897,419169,206664,198590,923,12290,86,616,4728,4341,338,48,1,0,336506,333047,177875,139821,844,9691,103,4713,3459,3153,267,38,1,0,336506,12167,324339,321568,171510,139211,705,9632,65,445,2771,2525,218,27,1,0,187353,172057,15296
East Carroll Parish,LA,50,3,7,22,35,1089619046,56273969,7759,2904,32.7301699,-91.2341409,7759,7701,2245,5356,19,44,0,37,58,51,20,11,2,0,1,4,4,5,3,1,0,0,0,0,0,5,2,0,0,7759,127,7632,7582,2198,5324,16,44,0,0,50,45,3,2,0,0,5766,5732,1845,3809,14,35,0,29,34,31,1,2,0,0,5766,92,5674,5643,1809,3788,11,35,0,0,31,28,1,2,0,0,2904,2552,352
East Feliciana Parish,LA,50,3,7,22,37,1174325549,6133295,20267,8014,30.8397837,-91.0434338,20267,20041,10783,9108,64,52,2,32,226,213,82,59,11,0,6,39,6,7,1,1,0,1,0,0,0,13,0,0,0,20267,208,20059,19844,10666,9052,60,51,1,14,215,203,12,0,0,0,16075,15924,8775,7042,41,44,1,21,151,142,9,0,0,0,16075,155,15920,15776,8690,6997,38,43,0,8,144,135,9,0,0,0,8014,7022,992
Evangeline Parish,LA,50,3,7,22,39,1715550341,44667621,33984,14662,30.7206932,-92.4040858,33984,33616,23439,9632,99,114,3,329,368,336,157,59,23,1,49,17,3,2,24,0,0,0,0,0,1,20,8,4,0,33984,776,33208,32882,23071,9565,98,112,3,33,326,295,19,8,4,0,24817,24646,17619,6587,70,82,1,287,171,149,14,4,4,0,24817,618,24199,24049,17329,6550,70,80,1,19,150,128,14,4,4,0,14662,12829,1833
Franklin Parish,LA,50,3,7,22,41,1617667724,28107889,20767,9034,32.1382785,-91.672101,20767,20605,13930,6537,37,42,6,53,162,145,54,43,17,1,10,11,3,2,2,0,0,2,0,0,0,13,3,1,0,20767,196,20571,20442,13853,6500,36,42,6,5,129,120,6,2,1,0,15450,15361,10838,4435,28,28,3,29,89,74,11,3,1,0,15450,129,15321,15252,10787,4407,27,28,3,0,69,60,6,2,1,0,9034,7904,1130
Grant Parish,LA,50,3,7,22,43,1665428895,56014737,22309,8886,31.5977873,-92.5617156,22309,21957,18149,3470,228,59,8,43,352,332,93,154,33,3,21,18,2,1,1,2,0,2,0,1,1,18,2,0,0,22309,931,21378,21071,17361,3441,205,53,8,3,307,288,17,2,0,0,17158,16945,13788,2917,163,41,5,31,213,201,11,1,0,0,17158,834,16324,16137,13058,2892,144,38,5,0,187,176,10,1,0,0,8886,7496,1390
Iberia Parish,LA,50,3,7,22,45,1486940445,1182115443,73240,29698,29.6060126,-91.8427057,73240,72103,45551,23435,269,1754,20,1074,1137,1038,427,148,133,16,132,40,37,9,60,2,0,3,7,22,2,85,9,5,0,73240,2299,70941,69943,44502,23280,252,1745,18,146,998,918,70,5,5,0,53398,52897,35137,15530,192,1243,13,782,501,437,53,8,3,0,53398,1609,51789,51361,34397,15449,175,1238,11,91,428,378,43,4,3,0,29698,26778,2920
Iberville Parish,LA,50,3,7,22,47,1602236448,88658351,33387,12707,30.2883936,-91.3631498,33387,33119,16280,16454,62,104,3,216,268,244,95,55,13,3,23,28,5,6,11,1,0,0,0,3,1,19,5,0,0,33387,664,32723,32497,15987,16338,61,101,2,8,226,210,14,2,0,0,25885,25721,13254,12167,55,75,3,167,164,154,6,4,0,0,25885,516,25369,25232,13023,12078,54,72,2,3,137,130,5,2,0,0,12707,11072,1635
Jackson Parish,LA,50,3,7,22,49,1474178126,28732791,16274,7680,32.3044796,-92.5566722,16274,16081,11084,4853,35,28,2,79,193,187,55,45,38,0,12,28,2,1,3,0,0,3,0,0,0,6,0,0,0,16274,209,16065,15883,10989,4829,34,28,2,1,182,176,6,0,0,0,12570,12464,8681,3677,30,19,2,55,106,102,4,0,0,0,12570,136,12434,12332,8623,3659,29,19,2,0,102,98,4,0,0,0,7680,6261,1419
Jefferson Parish,LA,50,3,7,22,51,765682649,957754757,432552,189135,29.5033,-90.036231,432552,423331,272115,113887,2038,16683,179,18429,9221,8645,1708,1177,1491,78,2603,286,192,45,500,63,4,138,42,230,88,504,60,12,0,432552,53702,378850,373529,242268,112013,1629,16542,116,961,5321,4994,282,35,10,0,335155,329582,221273,79946,1481,12873,144,13865,5573,5238,295,32,8,0,335155,40224,294931,291914,198494,78679,1201,12775,95,670,3017,2834,157,20,6,0,189135,169647,19488
Jefferson Davis Parish,LA,50,3,7,22,53,1686931782,18718325,31594,13306,30.2695293,-92.8162205,31594,31006,25125,5468,157,62,3,191,588,558,293,115,32,5,60,33,2,1,12,0,0,1,1,2,1,29,1,0,0,31594,538,31056,30524,24835,5450,146,62,3,28,532,508,23,1,0,0,23196,22971,18871,3801,115,47,2,135,225,208,16,1,0,0,23196,365,22831,22635,18679,3788,106,47,2,13,196,182,13,1,0,0,13306,11771,1535
Lafayette Parish,LA,50,3,7,22,55,695980407,1266845,221578,93656,30.2065065,-92.06417,221578,217982,153706,57073,746,3331,81,3045,3596,3284,1169,501,488,68,575,147,56,14,184,8,6,20,13,26,9,283,22,7,0,221578,8597,212981,210011,148972,56633,683,3293,57,373,2970,2728,222,15,5,0,167315,165359,120566,39424,558,2547,60,2204,1956,1757,173,20,6,0,167315,6192,161123,159535,117069,39137,516,2518,39,256,1588,1431,138,15,4,0,93656,87027,6629
Lafourche Parish,LA,50,3,7,22,57,2766662214,1051775420,96318,38582,29.4919925,-90.394849,96318,94587,76445,12746,2703,709,33,1951,1731,1671,471,714,84,8,200,81,18,5,11,17,19,18,6,14,5,57,3,0,0,96318,3647,92671,91177,75080,12679,2623,707,26,62,1494,1441,50,3,0,0,72652,71857,59362,8782,1757,528,28,1400,795,758,35,2,0,0,72652,2503,70149,69486,58460,8737,1716,527,22,24,663,630,31,2,0,0,38582,35486,3096
La Salle Parish,LA,50,3,7,22,59,1617923154,97667582,14890,6560,31.6808355,-92.161809,14890,14747,12689,1769,152,28,2,107,143,138,36,60,5,0,28,2,0,0,0,0,0,3,1,2,1,5,0,0,0,14890,331,14559,14454,12520,1758,146,26,1,3,105,102,3,0,0,0,11366,11283,9677,1389,99,28,2,88,83,80,3,0,0,0,11366,271,11095,11038,9536,1378,96,26,1,1,57,55,2,0,0,0,6560,5468,1092
Lincoln Parish,LA,50,3,7,22,61,1221806070,1897717,46735,19479,32.6011478,-92.6620823,46735,46232,25775,18925,123,790,34,585,503,454,125,102,72,9,35,54,25,7,10,0,0,0,3,5,7,47,2,0,0,46735,1189,45546,45118,25313,18860,109,786,17,33,428,393,34,1,0,0,37130,36810,20875,14680,94,692,30,439,320,289,29,2,0,0,37130,867,36263,35987,20538,14634,84,689,15,27,276,254,21,1,0,0,19479,17599,1880
Livingston Parish,LA,50,3,7,22,63,1678749073,141614105,128026,50170,30.4404194,-90.7274738,128026,126559,117601,6505,526,628,26,1273,1467,1415,375,517,229,24,197,9,14,0,15,6,2,2,7,15,3,44,3,2,3,128026,3801,124225,123033,115362,6455,484,616,24,92,1192,1159,27,1,2,3,92696,91939,85855,4399,397,440,21,827,757,729,22,2,2,2,92696,2384,90312,89690,84454,4364,368,435,21,48,622,601,17,0,2,2,50170,46007,4163
Madison Parish,LA,50,3,7,22,65,1617283455,68538668,12093,4804,32.3658243,-91.240729,12093,11982,4498,7381,24,27,0,52,111,98,29,29,6,0,3,19,6,0,5,0,0,1,0,0,0,13,0,0,0,12093,188,11905,11810,4396,7357,23,26,0,8,95,82,13,0,0,0,9071,9009,3644,5275,23,19,0,48,62,55,7,0,0,0,9071,133,8938,8883,3576,5260,22,18,0,7,55,48,7,0,0,0,4804,4025,779
Morehouse Parish,LA,50,3,7,22,67,2058870285,28878807,27979,12423,32.8200082,-91.8003988,27979,27705,14345,13133,36,102,14,75,274,248,80,66,25,4,16,17,17,2,18,1,0,0,1,1,0,23,3,0,0,27979,255,27724,27484,14251,13078,36,98,12,9,240,217,22,1,0,0,21061,20906,11583,9159,28,76,7,53,155,135,17,3,0,0,21061,162,20899,20762,11528,9121,28,72,6,7,137,120,16,1,0,0,12423,10853,1570
Natchitoches Parish,LA,50,3,7,22,69,3243311940,121063646,39566,18587,31.7349824,-93.0861057,39566,38721,21494,16362,376,134,11,344,845,701,189,245,40,6,87,59,9,18,29,1,2,4,1,11,0,100,36,8,0,39566,735,38831,38088,21109,16296,340,134,8,201,743,638,72,25,8,0,29966,29454,17226,11552,287,115,9,265,512,411,69,25,7,0,29966,509,29457,29010,16951,11517,261,115,8,158,447,370,54,16,7,0,18587,15614,2973
Orleans Parish,LA,50,3,7,22,71,438803381,468240430,343829,189896,30.0686361,-89.9390074,343829,337909,113428,206871,1047,9970,134,6459,5920,5231,1371,579,794,34,650,598,233,75,688,16,2,55,19,90,27,600,80,9,0,343829,18051,325778,321418,104770,204866,827,9883,105,967,4360,3849,446,62,3,0,270614,266463,99680,152343,856,8148,111,5325,4151,3674,409,63,5,0,270614,14680,255934,252910,92452,150852,668,8075,87,776,3024,2654,316,51,3,0,189896,142158,47738
Ouachita Parish,LA,50,3,7,22,73,1580944616,55281707,153720,64481,32.4774949,-92.1547984,153720,151980,92884,56216,381,1455,51,993,1740,1612,591,311,205,29,137,152,73,21,35,7,3,8,8,27,5,114,13,1,0,153720,2760,150960,149430,91573,55946,347,1429,41,94,1530,1422,100,7,1,0,113347,112467,72316,38010,293,1112,41,695,880,797,70,12,1,0,113347,1883,111464,110688,71411,37842,265,1094,31,45,776,704,64,7,1,0,64481,58691,5790
Plaquemines Parish,LA,50,3,7,22,75,2019961046,4629053037,23042,9596,29.402337,-89.2984889,23042,22417,16246,4715,371,731,31,323,625,555,147,158,76,27,62,10,8,5,22,7,2,19,6,4,2,66,2,2,0,23042,1067,21975,21473,15617,4675,340,726,19,96,502,453,47,0,2,0,16713,16428,12086,3292,287,523,25,215,285,254,27,2,2,0,16713,649,16064,15817,11677,3273,268,521,17,61,247,221,24,0,2,0,9596,8077,1519
Pointe Coupee Parish,LA,50,3,7,22,77,1443519892,86418204,22802,11130,30.708319,-91.6046207,22802,22582,14010,8284,18,57,0,213,220,177,73,53,10,1,11,13,4,0,10,0,0,0,0,2,0,40,1,2,0,22802,492,22310,22109,13748,8247,16,57,0,41,201,164,34,1,2,0,17327,17198,11073,5951,15,35,0,124,129,101,25,1,2,0,17327,313,17014,16897,10896,5923,15,35,0,28,117,93,21,1,2,0,11130,9082,2048
Rapides Parish,LA,50,3,7,22,79,3413506392,113169602,131613,55684,31.1932037,-92.5359531,131613,129402,83373,42113,1035,1559,36,1286,2211,2052,621,626,274,16,155,175,42,9,57,13,0,13,14,34,3,132,25,2,0,131613,3418,128195,126237,81623,41937,968,1545,26,138,1958,1816,117,25,0,0,97599,96437,64579,28994,785,1178,28,873,1162,1078,66,17,1,0,97599,2266,95333,94302,63394,28899,742,1168,21,78,1031,956,58,17,0,0,55684,50401,5283
Red River Parish,LA,50,3,7,22,81,1007738674,34327566,9091,4128,32.1012125,-93.3490504,9091,9033,5360,3595,33,12,2,31,58,54,29,10,1,0,6,5,0,0,1,0,0,0,2,0,0,4,0,0,0,9091,101,8990,8940,5305,3586,33,12,1,3,50,46,4,0,0,0,6778,6753,4256,2436,26,10,2,23,25,24,1,0,0,0,6778,56,6722,6698,4231,2429,26,10,1,1,24,23,1,0,0,0,4128,3472,656
Richland Parish,LA,50,3,7,22,83,1447914686,14174105,20725,8621,32.4181207,-91.7583745,20725,20535,12879,7454,64,55,4,79,190,178,59,30,33,2,29,6,12,0,5,0,1,1,0,0,0,12,0,0,0,20725,332,20393,20239,12714,7406,57,54,2,6,154,143,11,0,0,0,15440,15355,9999,5207,46,45,2,56,85,78,7,0,0,0,15440,222,15218,15146,9895,5163,40,44,2,2,72,65,7,0,0,0,8621,7551,1070
Sabine Parish,LA,50,3,7,22,85,2244636736,375445763,24233,14130,31.560209,-93.5592284,24233,23419,17155,4026,2082,56,0,100,814,766,108,539,14,1,21,51,12,1,1,5,0,8,2,1,2,47,1,0,0,24233,820,23413,22715,16776,4009,1877,53,0,0,698,661,36,1,0,0,18311,17869,13544,2794,1421,48,0,62,442,427,14,1,0,0,18311,579,17732,17360,13265,2784,1266,45,0,0,372,363,8,1,0,0,14130,9622,4508
St. Bernard Parish,LA,50,3,7,22,87,977764266,4611616395,35897,16794,29.9181102,-89.2634941,35897,34854,26579,6350,260,690,22,953,1043,986,247,251,143,27,213,27,28,0,19,10,0,5,8,7,1,50,7,0,0,35897,3309,32588,31893,24607,6272,201,678,10,125,695,664,27,4,0,0,26720,26117,20490,4211,187,523,12,694,603,569,31,3,0,0,26720,2398,24322,23953,19037,4170,146,517,4,79,369,354,13,2,0,0,16794,13221,3573
St. Charles Parish,LA,50,3,7,22,89,722820579,340703006,52780,19896,29.9138333,-90.3593144,52780,51933,36540,14051,172,440,21,709,847,789,234,190,120,13,154,36,4,1,20,1,0,3,1,11,1,45,9,4,0,52780,2648,50132,49520,34925,13925,160,435,18,57,612,573,33,6,0,0,38572,38165,27445,9762,127,299,9,523,407,376,23,7,1,0,38572,1794,36778,36503,26366,9686,118,294,7,32,275,256,14,5,0,0,19896,18557,1339
St. Helena Parish,LA,50,3,7,22,91,1057758275,2810554,11203,5150,30.8214232,-90.7093504,11203,11112,5034,5974,38,9,4,53,91,83,24,32,6,2,5,10,0,1,2,0,0,0,0,0,1,8,0,0,0,11203,99,11104,11027,4999,5964,34,9,0,21,77,73,4,0,0,0,8440,8387,4036,4276,31,7,3,34,53,49,4,0,0,0,8440,71,8369,8322,4008,4270,28,7,0,9,47,43,4,0,0,0,5150,4333,817
St. James Parish,LA,50,3,7,22,93,625577772,42532340,22102,8455,30.02482,-90.7939556,22102,21958,10615,11180,45,31,3,84,144,122,42,7,4,1,14,36,4,1,10,0,0,0,0,3,0,22,0,0,0,22102,256,21846,21711,10478,11145,43,29,3,13,135,113,22,0,0,0,16401,16336,8231,7995,34,21,2,53,65,55,10,0,0,0,16401,165,16236,16176,8139,7976,32,19,2,8,60,50,10,0,0,0,8455,7717,738
St. John the Baptist Parish,LA,50,3,7,22,95,551851752,348524505,45924,17510,30.1174706,-90.5046774,45924,45263,19501,24576,144,322,22,698,661,606,207,81,76,6,98,26,25,4,58,7,3,5,1,5,4,47,2,6,0,45924,2175,43749,43279,18374,24405,116,312,21,51,470,427,42,1,0,0,33568,33239,15408,16991,100,232,14,494,329,298,27,1,3,0,33568,1512,32056,31837,14590,16898,84,225,13,27,219,195,23,1,0,0,17510,15965,1545
St. Landry Parish,LA,50,3,7,22,97,2392836670,39114892,83384,35692,30.5834409,-91.9892745,83384,82328,46615,34442,275,326,8,662,1056,930,403,119,61,4,139,76,17,3,97,2,0,4,0,3,2,108,9,8,1,83384,1321,82063,81119,46025,34295,263,314,4,218,944,842,95,5,2,0,60704,60170,35593,23694,179,226,5,473,534,456,68,5,4,1,60704,833,59871,59393,35217,23610,169,219,3,175,478,416,58,2,2,0,35692,31857,3835
St. Martin Parish,LA,50,3,7,22,99,1910498478,204200686,52160,21941,30.1214329,-91.6114814,52160,51440,34313,16039,222,397,3,466,720,642,229,118,62,8,144,25,4,4,34,3,1,2,6,1,1,70,7,1,0,52160,1071,51089,50465,33831,15956,214,393,3,68,624,569,52,3,0,0,38389,38053,26320,10973,144,276,3,337,336,293,38,4,1,0,38389,735,37654,37353,25982,10920,137,273,3,38,301,268,32,1,0,0,21941,19216,2725
St. Mary Parish,LA,50,3,7,22,101,1438424557,1460866962,54650,23028,29.6293488,-91.4638037,54650,53575,32406,17765,994,948,29,1433,1075,1018,354,255,89,4,159,53,31,5,39,4,9,6,2,6,2,51,6,0,0,54650,2920,51730,50877,31267,17648,933,935,11,83,853,808,39,6,0,0,40746,40232,25191,12608,663,729,24,1017,514,476,34,4,0,0,40746,2057,38689,38304,24371,12523,629,726,9,46,385,355,26,4,0,0,23028,20457,2571
St. Tammany Parish,LA,50,3,7,22,103,2189966775,721668349,233740,95412,30.4100224,-89.9519622,233740,229493,195364,26645,1160,2972,93,3259,4247,3882,1068,948,681,64,506,197,70,7,193,24,0,42,22,48,12,322,41,2,0,233740,10970,222770,219371,188317,26430,1031,2914,73,606,3399,3131,235,31,2,0,173604,171459,147964,18087,850,2150,73,2335,2145,1954,164,26,1,0,173604,7553,166051,164309,142990,17955,769,2113,58,424,1742,1592,129,20,1,0,95412,87521,7891
Tangipahoa Parish,LA,50,3,7,22,105,2049391733,82862999,121097,50073,30.6215806,-90.4066332,121097,119461,80206,36654,383,741,46,1431,1636,1562,489,430,171,20,218,87,48,4,40,9,0,12,11,17,6,65,3,6,0,121097,4260,116837,115504,77807,36485,355,714,35,108,1333,1267,59,1,6,0,90677,89779,63131,24779,292,590,37,950,898,850,41,3,4,0,90677,2939,87738,87022,61409,24679,275,569,30,60,716,674,37,1,4,0,50073,45135,4938
Tensas Parish,LA,50,3,7,22,107,1561204557,99471079,5252,3357,32.0014894,-91.342576,5252,5210,2202,2967,6,9,0,26,42,39,13,9,4,0,5,6,0,1,1,0,0,0,0,0,0,3,0,0,0,5252,65,5187,5149,2178,2957,6,8,0,0,38,35,3,0,0,0,3923,3902,1796,2074,5,9,0,18,21,20,1,0,0,0,3923,45,3878,3861,1780,2068,5,8,0,0,17,16,1,0,0,0,3357,2172,1185
Terrebonne Parish,LA,50,3,7,22,109,3190385866,2202156933,111860,43887,29.3332656,-90.8441905,111860,109487,78591,21139,6347,1140,58,2212,2373,2240,531,833,124,24,188,260,11,9,34,21,153,31,9,6,6,117,16,0,0,111860,4421,107439,105321,76789,21046,6226,1127,40,93,2118,2005,99,14,0,0,82737,81680,60621,14409,4160,876,45,1569,1057,1002,46,9,0,0,82737,3084,79653,78743,59361,14341,4090,865,33,53,910,862,40,8,0,0,43887,40091,3796
Union Parish,LA,50,3,7,22,111,2271389460,73594414,22721,11346,32.8293486,-92.3756501,22721,22543,15682,6182,58,32,17,572,178,170,29,54,11,2,42,17,6,2,2,0,0,3,0,2,0,7,1,0,0,22721,943,21778,21653,15398,6153,53,31,16,2,125,120,4,1,0,0,17493,17394,12568,4407,51,24,11,333,99,92,6,1,0,0,17493,544,16949,16875,12410,4386,46,23,10,0,74,70,3,1,0,0,11346,9144,2202
Vermilion Parish,LA,50,3,7,22,113,3038572441,955369492,57999,25235,29.7868716,-92.2900902,57999,57185,46922,8286,209,1160,5,603,814,784,297,164,79,14,148,20,11,1,19,10,0,2,7,9,3,27,3,0,0,57999,1381,56618,55951,46305,8246,195,1148,4,53,667,646,18,3,0,0,42522,42168,35424,5370,145,838,3,388,354,336,15,3,0,0,42522,877,41645,41352,35011,5347,137,833,3,21,293,278,12,3,0,0,25235,21889,3346
Vernon Parish,LA,50,3,7,22,115,3439271369,35158568,52334,21433,31.1105625,-93.1815202,52334,50211,39614,7443,738,919,260,1237,2123,1937,537,421,403,54,233,48,61,12,74,3,1,13,32,27,18,164,15,7,0,52334,3775,48559,46943,37794,7280,684,881,242,62,1616,1485,117,9,5,0,37822,36866,29416,5069,540,790,189,862,956,884,61,9,2,0,37822,2378,35444,34675,28221,4972,507,764,180,31,769,711,50,7,1,0,21433,19165,2268
Washington Parish,LA,50,3,7,22,117,1734061145,16471724,47168,21039,30.8521435,-90.0462534,47168,46649,31482,14625,133,110,3,296,519,487,157,162,28,7,44,41,17,5,11,2,1,9,2,0,1,26,6,0,0,47168,887,46281,45826,31019,14561,121,108,3,14,455,426,23,6,0,0,35305,35017,24363,10265,105,81,1,202,288,262,21,5,0,0,35305,608,34697,34440,24033,10221,98,79,1,8,257,234,18,5,0,0,21039,18113,2926
Webster Parish,LA,50,3,7,22,119,1535939758,56487776,41207,19336,32.7321522,-93.3398245,41207,40726,26469,13823,150,120,8,156,481,456,149,165,33,5,29,35,6,4,16,4,1,0,5,4,0,25,0,0,0,41207,670,40537,40105,26067,13756,138,116,8,20,432,413,19,0,0,0,31497,31264,20907,10039,121,94,7,96,233,221,12,0,0,0,31497,411,31086,30871,20663,9987,113,91,7,10,215,206,9,0,0,0,19336,16537,2799
West Baton Rouge Parish,LA,50,3,7,22,121,498298900,29602065,23788,9324,30.4640516,-91.309808,23788,23515,14271,8972,30,79,13,150,273,230,93,54,20,0,23,14,4,3,10,2,0,0,1,6,0,37,6,0,0,23788,544,23244,23010,13931,8953,27,72,1,26,234,199,29,6,0,0,17861,17711,11067,6444,27,66,5,102,150,116,28,6,0,0,17861,393,17468,17337,10805,6430,25,59,1,17,131,104,21,6,0,0,9324,8688,636
West Carroll Parish,LA,50,3,7,22,123,931478647,2386193,11604,5046,32.7924797,-91.4519982,11604,11492,9497,1822,52,27,0,94,112,110,33,34,7,0,23,7,4,0,2,0,0,0,0,0,0,2,0,0,0,11604,299,11305,11217,9337,1810,44,26,0,0,88,86,2,0,0,0,8746,8693,7254,1316,38,19,0,66,53,52,1,0,0,0,8746,199,8547,8504,7147,1308,31,18,0,0,43,42,1,0,0,0,5046,4452,594
West Feliciana Parish,LA,50,3,7,22,125,1044318335,59023580,15625,5097,30.872701,-91.4210081,15625,15536,8125,7263,20,31,3,94,89,88,25,15,9,1,8,24,0,2,2,0,0,0,2,0,0,1,0,0,0,15625,251,15374,15298,8002,7235,20,31,3,7,76,75,1,0,0,0,12907,12844,6412,6324,18,20,3,67,63,62,1,0,0,0,12907,171,12736,12677,6333,6302,18,20,3,1,59,58,1,0,0,0,5097,3971,1126
Winn Parish,LA,50,3,7,22,127,2460712069,17448044,15313,7234,31.9411871,-92.6412694,15313,15142,10223,4702,100,39,2,76,171,162,44,67,12,1,13,9,6,3,4,1,0,0,1,0,1,8,1,0,0,15313,240,15073,14918,10108,4666,96,39,2,7,155,148,6,1,0,0,11871,11769,8018,3586,75,35,2,53,102,97,4,1,0,0,11871,168,11703,11607,7938,3556,73,35,2,3,96,92,3,1,0,0,7234,5469,1765
Androscoggin County,ME,50,1,1,23,1,1211926439,75610678,107702,49090,44.1676811,-70.2074347,107702,105546,99939,3931,409,778,32,457,2156,2048,671,747,348,32,127,26,9,7,55,4,0,7,3,9,3,100,8,0,0,107702,1669,106033,104075,98931,3858,383,773,29,101,1958,1867,84,7,0,0,83394,82360,79265,1874,316,588,25,292,1034,990,43,1,0,0,83394,962,82432,81462,78660,1846,295,584,24,53,970,931,38,1,0,0,49090,44315,4775
Aroostook County,ME,50,1,1,23,3,17278664655,404653951,71870,39529,46.7270567,-68.6494098,71870,70892,68759,455,1225,312,11,130,978,939,151,586,95,11,55,13,3,0,12,4,3,2,1,2,1,33,1,5,0,71870,667,71203,70301,68341,430,1195,310,11,14,902,875,26,1,0,0,57486,56928,55455,334,811,237,10,81,558,540,16,1,1,0,57486,397,57089,56557,55191,317,794,235,10,10,532,518,13,1,0,0,39529,30961,8568
Cumberland County,ME,50,1,1,23,5,2163263369,989949911,281674,138657,43.8083479,-70.3303753,281674,276491,261396,6781,901,5769,87,1557,5183,4842,1290,1304,1457,76,316,42,46,9,179,18,3,18,27,54,3,294,25,21,1,281674,5045,276629,271978,258468,6577,819,5705,80,329,4651,4362,256,18,14,1,222780,220069,209966,4095,705,4202,67,1034,2711,2535,150,13,12,1,222780,3309,219471,217030,208028,3957,646,4159,61,179,2441,2291,133,9,7,1,138657,117339,21318
Franklin County,ME,50,1,1,23,7,4394196449,121392907,30768,21709,44.9730124,-70.4447268,30768,30331,29952,71,116,132,10,50,437,414,53,238,67,7,42,1,0,0,1,1,1,0,1,2,0,22,1,0,0,30768,315,30453,30068,29731,70,113,129,10,15,385,366,18,1,0,0,24721,24461,24187,39,94,100,8,33,260,247,12,1,0,0,24721,190,24531,24288,24048,38,91,97,8,6,243,231,11,1,0,0,21709,13000,8709
Hancock County,ME,50,1,1,23,9,4110034060,1963321064,54418,40184,44.5649063,-68.3707034,54418,53785,52741,221,220,446,7,150,633,590,110,295,114,8,39,7,1,1,1,0,0,3,3,8,0,42,1,0,0,54418,594,53824,53255,52353,206,199,445,6,46,569,532,36,1,0,0,44441,44064,43325,149,159,317,7,107,377,349,27,1,0,0,44441,397,44044,43695,43046,143,150,316,6,34,349,323,25,1,0,0,40184,24221,15963
Kennebec County,ME,50,1,1,23,11,2246876912,216653706,122151,60972,44.4170119,-69.7657639,122151,120083,117501,687,586,892,45,372,2068,1943,442,947,319,24,123,11,6,7,19,11,0,5,4,19,6,118,6,1,0,122151,1504,120647,118773,116549,642,559,886,44,93,1874,1766,103,4,1,0,96843,95655,93810,469,460,648,24,244,1188,1128,53,6,1,0,96843,918,95925,94828,93216,439,446,642,24,61,1097,1049,43,4,1,0,60972,51128,9844
Knox County,ME,50,1,1,23,13,945691411,2017114386,39736,23744,44.0420446,-69.0385145,39736,39183,38579,197,141,184,5,77,553,516,95,303,73,7,27,0,1,0,0,3,0,1,3,3,0,33,4,0,0,39736,337,39399,38877,38337,192,136,184,5,23,522,486,32,4,0,0,32026,31705,31248,153,115,134,2,53,321,298,22,1,0,0,32026,227,31799,31494,31077,151,111,134,2,19,305,283,21,1,0,0,23744,17258,6486
Lincoln County,ME,50,1,1,23,15,1180563700,631400289,34457,23493,43.9942645,-69.5140292,34457,34085,33636,109,114,186,1,39,372,344,60,195,59,7,17,2,1,0,0,1,0,1,0,1,0,23,0,5,0,34457,287,34170,33839,33437,96,107,185,0,14,331,308,22,0,1,0,27989,27777,27470,70,84,126,0,27,212,197,13,0,2,0,27989,177,27812,27613,27332,65,81,125,0,10,199,186,12,0,1,0,23493,15149,8344
Oxford County,ME,50,1,1,23,17,5378990983,256086721,57833,36055,44.494585,-70.7346875,57833,56943,55990,212,211,359,14,157,890,852,149,481,130,15,49,3,1,5,2,1,0,5,5,5,1,36,2,0,0,57833,587,57246,56420,55584,202,203,355,14,62,826,797,27,2,0,0,45516,44989,44373,132,166,219,9,90,527,505,21,1,0,0,45516,336,45180,44682,44140,126,160,215,9,32,498,480,17,1,0,0,36055,24300,11755
Penobscot County,ME,50,1,1,23,19,8799125852,413670635,153923,73860,45.3906022,-68.6574869,153923,151574,146802,1159,1809,1422,44,338,2349,2219,464,1141,370,27,110,36,11,4,14,10,1,8,7,14,2,121,8,1,0,153923,1620,152303,150125,145700,1117,1774,1405,41,88,2178,2068,103,7,0,0,123568,122244,118713,807,1363,1093,36,232,1324,1256,62,5,1,0,123568,1035,122533,121295,118001,780,1346,1079,34,55,1238,1181,53,4,0,0,73860,62966,10894
Piscataquis County,ME,50,1,1,23,21,10258570727,1080309847,17535,15340,45.9176781,-69.1045476,17535,17327,17000,53,92,129,7,46,208,197,37,110,27,9,9,0,1,0,1,0,0,1,1,1,0,10,1,0,0,17535,169,17366,17182,16893,52,90,128,7,12,184,177,6,1,0,0,14170,14043,13845,23,68,80,4,23,127,124,2,1,0,0,14170,94,14076,13961,13781,23,66,79,4,8,115,112,2,1,0,0,15340,7825,7515
Sagadahoc County,ME,50,1,1,23,23,657066836,301332007,35293,18288,43.9166939,-69.8439936,35293,34720,33969,254,127,269,6,95,573,543,163,201,119,15,30,6,2,3,2,0,0,0,1,0,1,28,2,0,0,35293,453,34840,34314,33663,237,115,258,5,36,526,499,25,2,0,0,27871,27583,27050,175,88,202,6,62,288,269,19,0,0,0,27871,271,27600,27329,26862,166,81,193,5,22,271,255,16,0,0,0,18288,15088,3200
Somerset County,ME,50,1,1,23,25,10164156961,438038365,52228,30569,45.5074824,-69.9760395,52228,51538,50733,192,241,295,13,64,690,645,135,372,80,10,28,3,3,0,3,5,0,1,5,0,0,43,2,0,0,52228,409,51819,51188,50437,185,232,294,11,29,631,600,29,2,0,0,41052,40665,40108,115,184,206,8,44,387,360,26,1,0,0,41052,252,40800,40438,39918,112,177,205,7,19,362,345,16,1,0,0,30569,21927,8642
Waldo County,ME,50,1,1,23,27,1890479704,318149622,38786,21566,44.5053607,-69.1396775,38786,38224,37673,137,170,153,14,77,562,538,93,317,67,3,40,1,2,0,3,1,0,7,0,2,2,22,2,0,0,38786,349,38437,37922,37453,122,159,149,13,26,515,496,17,2,0,0,30639,30306,29916,86,131,101,10,62,333,323,9,1,0,0,30639,212,30427,30111,29785,75,123,98,9,21,316,306,9,1,0,0,21566,16431,5135
Washington County,ME,50,1,1,23,29,6637257545,1800019787,32856,23001,44.9670088,-67.6093542,32856,32298,30257,140,1603,149,9,140,558,526,53,364,50,5,28,7,0,1,0,5,2,5,2,4,0,31,1,0,0,32856,452,32404,31891,29998,132,1586,148,5,22,513,488,24,1,0,0,26292,25978,24610,87,1082,110,4,85,314,296,18,0,0,0,26292,249,26043,25743,24459,83,1075,109,3,14,300,285,15,0,0,0,23001,14302,8699
York County,ME,50,1,1,23,31,2565935077,722608929,197131,105773,43.4272386,-70.6704023,197131,194400,190044,1108,603,2096,37,512,2731,2578,605,1128,557,38,163,21,14,5,13,8,0,6,11,7,2,143,8,2,0,197131,2478,194653,192222,188422,1036,540,2088,32,104,2431,2320,104,5,2,0,155040,153598,150479,763,478,1519,31,328,1442,1366,70,4,2,0,155040,1499,153541,152231,149479,713,437,1514,28,60,1310,1253,53,2,2,0,105773,81009,24764
Allegany County,MD,50,3,5,24,1,1098563627,14954037,75087,33311,39.6123087,-78.7031084,75087,73901,66981,6028,107,568,31,186,1186,1111,663,234,109,13,41,16,4,0,11,5,0,0,3,10,2,71,2,2,0,75087,1085,74002,72895,66195,5959,90,566,26,59,1107,1039,64,2,2,0,61568,61014,54697,5620,88,458,25,126,554,505,45,2,2,0,61568,844,60724,60225,54078,5563,76,456,21,31,499,455,40,2,2,0,33311,29177,4134
Anne Arundel County,MD,50,3,5,24,3,1074590684,447805092,537656,212562,38.9933743,-76.5605111,537656,522083,405456,83484,1665,18352,484,12642,15573,14227,4634,2033,3708,237,1367,650,537,125,379,49,14,88,146,208,52,1227,108,11,0,537656,32902,504754,491996,389386,81819,1365,18154,392,880,12758,11689,982,82,5,0,412595,405096,319405,60961,1283,14295,372,8780,7499,6802,641,51,5,0,412595,21919,390676,384562,308542,59979,1087,14151,311,492,6114,5545,524,42,3,0,212562,199378,13184
Baltimore County,MD,50,3,5,24,5,1549594703,216144619,805029,335622,39.4431666,-76.6165693,805029,785745,520185,209738,2625,40077,319,12801,19284,17588,6259,1984,3571,167,1522,1241,777,200,669,159,7,168,144,645,75,1550,126,13,7,805029,33735,771294,755141,504556,206913,2107,39865,255,1445,16153,14796,1237,104,9,7,628279,618378,424598,152170,1948,30500,260,8902,9901,8951,856,77,12,5,628279,22784,605495,597285,413856,150480,1596,30342,210,801,8210,7424,704,68,9,5,335622,316715,18907
Calvert County,MD,50,3,5,24,9,552061078,341669638,88737,33780,38.5213575,-76.5258639,88737,86372,72231,11930,329,1260,44,578,2365,2124,762,431,544,46,90,93,68,7,38,7,0,9,11,17,1,216,23,2,0,88737,2437,86300,84166,70680,11816,280,1246,39,105,2134,1927,188,17,2,0,65506,64544,54044,8908,234,950,35,373,962,866,87,7,2,0,65506,1459,64047,63176,53103,8846,201,943,33,50,871,788,75,6,2,0,33780,30873,2907
Caroline County,MD,50,3,5,24,11,827292416,16789670,33066,13482,38.8715312,-75.8316311,33066,32356,26396,4585,123,188,53,1011,710,653,330,124,61,6,62,21,0,1,12,0,0,20,0,10,6,52,5,0,0,33066,1816,31250,30695,25853,4520,95,186,9,32,555,508,43,4,0,0,24719,24442,20184,3334,95,136,38,655,277,249,25,3,0,0,24719,1125,23594,23387,19853,3302,76,136,6,14,207,184,21,2,0,0,13482,12158,1324
Carroll County,MD,50,3,5,24,13,1159264845,13190001,167134,62406,39.5631892,-77.0155121,167134,164615,155282,5332,328,2418,56,1199,2519,2351,822,482,663,33,161,37,47,4,29,12,3,6,19,29,4,150,11,7,0,167134,4363,162771,160544,152428,5229,288,2402,47,150,2227,2092,121,7,7,0,125897,124816,117954,4027,241,1729,34,831,1081,995,74,7,5,0,125897,2796,123101,122166,116170,3964,213,1717,30,72,935,866,57,7,5,0,62406,59786,2620
Cecil County,MD,50,3,5,24,15,896842957,185350813,101108,41103,39.5623524,-75.9415843,101108,98931,90189,6284,294,1097,48,1019,2177,2031,857,456,340,30,175,62,21,7,45,9,0,8,2,10,9,130,13,3,0,101108,3407,97701,95885,88348,6080,246,1078,43,90,1816,1703,100,10,3,0,75753,74820,68710,4341,231,845,40,653,933,861,61,8,3,0,75753,2060,73693,72911,67565,4250,200,832,36,28,782,724,48,7,3,0,41103,36867,4236
Charles County,MD,50,3,5,24,17,1185563933,479715576,146551,54963,38.4728532,-77.0154272,146551,141097,73677,60031,957,4366,103,1963,5454,4700,1766,505,760,58,264,619,327,33,178,25,2,41,62,50,10,713,37,4,0,146551,6259,140292,135609,70905,59201,877,4296,87,243,4683,4079,575,28,1,0,107667,105133,58101,41558,756,3272,88,1358,2534,2173,346,13,2,0,107667,3989,103678,101486,56241,41128,705,3226,74,112,2192,1880,300,11,1,0,54963,51214,3749
Dorchester County,MD,50,3,5,24,19,1400575316,1145393243,32618,16554,38.4291957,-76.0474333,32618,31992,22065,9042,112,301,9,463,626,578,289,128,44,3,48,32,7,3,20,1,0,0,0,3,0,42,4,2,0,32618,1130,31488,30952,21581,8937,99,299,8,28,536,493,38,3,2,0,25550,25282,18005,6633,86,229,7,322,268,241,22,3,2,0,25550,738,24812,24583,17687,6572,76,228,6,14,229,205,19,3,2,0,16554,13522,3032
Frederick County,MD,50,3,5,24,21,1709964627,18537350,233385,90136,39.4704273,-77.3976265,233385,226921,190306,20148,730,8946,107,6684,6464,5992,2117,739,1565,76,745,153,128,26,134,40,3,35,40,160,31,445,23,4,0,233385,17135,216250,211141,181645,19611,512,8876,92,405,5109,4783,311,12,3,0,174341,171551,145956,14062,550,6396,86,4501,2790,2569,205,13,3,0,174341,11017,163324,161201,140406,13776,396,6349,74,200,2123,1962,150,9,2,0,90136,84800,5336
Garrett County,MD,50,3,5,24,23,1675989023,22363466,30097,18854,39.529871,-79.2694163,30097,29899,29440,301,43,76,0,39,198,164,46,63,31,2,12,2,1,1,4,0,0,1,0,0,1,27,5,2,0,30097,220,29877,29692,29278,299,37,76,0,2,185,153,26,4,2,0,23437,23327,23034,180,39,46,0,28,110,96,10,2,2,0,23437,137,23300,23200,22941,178,34,46,0,1,100,88,9,1,2,0,18854,12057,6797
Harford County,MD,50,3,5,24,25,1132055422,231943998,244826,95554,39.5374292,-76.2997894,244826,238778,198763,31058,614,5826,199,2318,6048,5548,2197,828,1236,69,341,263,195,48,138,28,2,33,44,95,31,445,45,9,1,244826,8613,236213,231063,194004,30334,500,5774,171,280,5150,4768,341,34,6,1,184416,181844,153986,21385,467,4299,139,1568,2572,2353,197,16,6,0,184416,5437,178979,176777,150857,20998,389,4271,124,138,2202,2024,164,11,3,0,95554,90218,5336
Howard County,MD,50,3,5,24,27,649416399,6871682,287085,109282,39.2522639,-76.9244057,287085,276630,178523,50188,866,41221,123,5709,10455,9485,2889,772,3173,74,674,482,428,46,239,76,2,42,115,461,12,885,68,17,0,287085,16729,270356,261585,169972,49150,511,41101,105,746,8771,8003,716,44,8,0,212421,207609,137514,35513,610,30010,83,3879,4812,4321,447,30,14,0,212421,10949,201472,197525,131785,34920,380,29937,74,429,3947,3545,375,19,8,0,109282,104749,4533
Kent County,MD,50,3,5,24,29,717505271,353313295,20197,10549,39.2391765,-76.1242003,20197,19831,16169,3056,42,165,6,393,366,345,165,50,44,7,31,24,3,0,11,3,0,2,1,2,2,19,2,0,0,20197,907,19290,18987,15783,3003,23,157,3,18,303,284,17,2,0,0,16649,16479,13607,2432,30,139,4,267,170,158,10,2,0,0,16649,644,16005,15873,13307,2395,18,137,3,13,132,120,10,2,0,0,10549,8165,2384
Montgomery County,MD,50,3,5,24,31,1272343169,40645480,971777,375905,39.1373815,-77.2030633,971777,933132,558358,167315,3639,135451,522,67847,38645,35744,7275,2058,10668,242,7822,1280,1322,249,1543,286,11,604,474,1736,174,2586,279,35,1,971777,165398,806379,780755,478765,161689,1580,134677,427,3617,25624,23713,1743,157,11,0,738247,716750,438560,122158,2583,105092,424,47933,21497,19837,1494,154,11,1,738247,116049,622198,608863,381979,118570,1189,104605,348,2172,13335,12230,1010,89,6,0,375905,357086,18819
Prince George's County,MD,50,3,5,24,33,1250163582,41816219,863420,328182,38.8258796,-76.8472724,863420,836091,166059,556620,4258,35172,541,73441,27329,24095,6475,1099,2251,106,4994,3073,1793,384,2054,140,6,535,140,723,322,2949,261,23,1,863420,128972,734448,716760,128853,548439,2156,34815,330,2167,17688,15201,2285,192,10,0,657421,640079,139884,416959,3139,29113,443,50541,17342,15245,1945,137,15,0,657421,88651,568770,557733,113984,411614,1664,28843,275,1353,11037,9358,1562,108,9,0,328182,304042,24140
Queen Anne's County,MD,50,3,5,24,35,963235987,359449898,47798,20140,39.0406929,-76.0824053,47798,46976,42397,3298,149,469,12,651,822,779,301,149,188,16,87,9,6,0,7,4,0,2,1,8,1,36,7,0,0,47798,1452,46346,45631,41733,3258,127,460,12,41,715,677,32,6,0,0,36424,36091,32568,2616,112,326,12,457,333,309,20,4,0,0,36424,954,35470,35194,32146,2594,102,320,12,20,276,255,18,3,0,0,20140,18016,2124
St. Mary's County,MD,50,3,5,24,37,925092041,1054309969,105151,41282,38.222666,-76.5342705,105151,101813,82636,15030,424,2596,73,1054,3338,3054,1220,488,729,51,206,111,98,10,48,12,0,12,22,43,4,267,16,1,0,105151,3972,101179,98307,80402,14831,339,2552,64,119,2872,2651,212,8,1,0,77565,76217,62312,10820,308,1988,59,730,1348,1228,110,9,1,0,77565,2483,75082,73919,60874,10714,249,1962,55,65,1163,1065,93,4,1,0,41282,37604,3678
Somerset County,MD,50,3,5,24,39,828079452,752725351,26470,11130,38.0744501,-75.8533228,26470,26009,14170,11192,85,184,7,371,461,432,194,90,32,2,23,41,21,1,20,0,0,0,2,3,3,28,1,0,0,26470,863,25607,25192,13796,11082,83,183,2,46,415,392,22,1,0,0,22005,21749,11783,9512,77,148,4,225,256,238,17,1,0,0,22005,554,21451,21219,11541,9432,75,147,2,22,232,215,16,1,0,0,11130,8788,2342
Talbot County,MD,50,3,5,24,41,695511159,539409159,37782,19577,38.7494273,-76.1791304,37782,37164,30746,4829,65,472,22,1030,618,573,245,98,86,13,69,15,2,5,12,1,0,8,5,10,4,42,2,1,0,37782,2073,35709,35203,29829,4778,48,463,16,69,506,465,40,0,1,0,30407,30130,25243,3788,50,326,14,709,277,251,25,1,0,0,30407,1423,28984,28759,24605,3751,39,319,10,35,225,202,23,0,0,0,19577,16157,3420
Washington County,MD,50,3,5,24,43,1185644157,24769174,147430,60814,39.6036207,-77.8146709,147430,143642,125447,14133,314,2056,66,1626,3788,3605,1922,570,432,45,320,80,49,18,82,11,1,25,17,26,7,178,4,1,0,147430,5104,142326,139132,122748,13836,244,2042,61,201,3194,3050,141,3,0,0,113651,112194,98736,10662,244,1467,44,1041,1457,1385,68,4,0,0,113651,3149,110502,109280,96979,10505,203,1458,43,92,1222,1166,53,3,0,0,60814,55687,5127
Wicomico County,MD,50,3,5,24,45,969804281,66808582,98733,41192,38.3673888,-75.6322064,98733,96283,67784,23873,236,2471,47,1872,2450,2297,1137,297,309,9,215,123,37,28,57,6,0,6,10,51,12,140,11,2,0,98733,4478,94255,92189,65767,23534,198,2460,21,209,2066,1942,117,5,2,0,76638,75488,55060,17064,188,1839,40,1297,1150,1074,71,3,2,0,76638,2981,73657,72719,53708,16872,162,1830,18,129,938,876,59,1,2,0,41192,37220,3972
Worcester County,MD,50,3,5,24,47,1212841011,586834971,51454,55749,38.2221332,-75.3099315,51454,50577,42194,7022,145,573,11,632,877,798,364,159,120,9,78,28,15,3,14,2,2,2,2,0,0,73,2,4,0,51454,1622,49832,49087,41331,6973,126,569,10,78,745,685,56,2,2,0,42031,41643,35361,5287,107,432,9,447,388,352,31,1,4,0,42031,1098,40933,40610,34788,5255,96,429,8,34,323,293,27,1,2,0,55749,22229,33520
Baltimore city,MD,50,3,5,24,510,209643241,28768302,620961,296685,39.3002135,-76.6105159,620961,608006,183830,395781,2270,14548,274,11303,12955,11553,3748,1207,1852,80,937,1726,601,234,682,78,5,83,64,186,70,1264,100,30,8,620961,25960,595001,584473,174120,392938,1884,14397,192,942,10528,9422,1014,68,23,1,487401,479291,159896,296062,1772,12979,231,8351,8110,7205,823,56,23,3,487401,19068,468333,461773,152511,294138,1496,12853,164,611,6560,5845,663,34,18,0,296685,249903,46782
Barnstable County,MA,50,1,1,25,1,1019738402,2361587952,215888,160281,41.7988188,-70.2110827,215888,211187,200194,4062,1324,2287,85,3235,4701,4189,1049,827,563,48,972,205,41,18,258,15,7,96,10,51,29,470,40,2,0,215888,4687,211201,206980,197327,3857,1184,2263,65,2284,4221,3776,404,39,2,0,178639,176080,167839,3051,982,1630,64,2514,2559,2342,205,11,1,0,178639,3107,175532,173182,165873,2911,895,1612,55,1836,2350,2152,186,11,1,0,160281,95755,64526
Berkshire County,MA,50,1,1,25,3,2400465435,50772406,131219,68508,42.3753141,-73.2139479,131219,128405,121384,3572,251,1611,30,1557,2814,2570,1227,440,430,33,236,54,21,8,56,7,0,17,8,25,8,224,14,5,1,131219,4530,126689,124321,118926,3334,197,1602,23,239,2368,2182,171,9,5,1,105595,104191,99130,2477,206,1289,24,1065,1404,1275,117,7,4,1,105595,2974,102621,101435,97492,2336,163,1281,20,143,1186,1086,90,5,4,1,68508,56091,12417
Bristol County,MA,50,1,1,25,5,1432510950,357753895,548285,230535,41.7485756,-71.0870622,548285,533875,484794,17832,2120,10242,205,18682,14410,13107,3396,1540,1563,333,2921,352,114,52,2186,31,6,239,24,178,172,1213,80,10,0,548285,33020,515265,503634,469344,15736,1089,10140,119,7206,11631,10557,998,73,3,0,425876,418112,383856,12389,1601,7380,148,12738,7764,7146,580,30,8,0,425876,20199,405677,399193,374445,11122,842,7318,95,5371,6484,5958,493,30,3,0,230535,213010,17525
Dukes County,MA,50,1,1,25,7,267403794,1004180155,16535,17188,41.3809392,-70.7015362,16535,15966,14492,511,183,128,10,642,569,494,120,135,49,6,80,79,6,0,9,1,0,6,0,3,0,70,5,0,0,16535,384,16151,15625,14275,477,175,123,4,571,526,457,65,4,0,0,13362,13042,11880,422,143,91,5,501,320,281,37,2,0,0,13362,254,13108,12809,11735,394,137,88,4,451,299,263,34,2,0,0,17188,7368,9820
Essex County,MA,50,1,1,25,9,1275732137,870004713,743159,306754,42.642711,-70.8651073,743159,723683,608369,27985,2718,23220,303,61088,19476,18193,4990,1764,2753,170,4955,262,163,70,1475,73,12,588,67,459,392,1216,54,11,2,743159,122745,620414,611093,565035,19566,915,22864,161,2552,9321,8770,508,37,5,1,571070,559979,480036,19802,1877,16780,219,41265,11091,10363,687,29,10,2,571070,80364,490706,485842,452644,14027,689,16560,121,1801,4864,4583,258,17,5,1,306754,285956,20798
Franklin County,MA,50,1,1,25,11,1811228845,65410658,71372,33758,42.5837911,-72.5916552,71372,69850,67239,796,214,895,13,693,1522,1368,374,442,286,33,121,41,4,4,25,2,0,5,2,16,13,147,4,3,0,71372,2250,69122,67851,65978,703,175,887,9,99,1271,1146,122,3,0,0,57304,56522,54622,588,171,688,11,442,782,707,71,2,2,0,57304,1351,55953,55269,53849,527,144,684,9,56,684,622,60,2,0,0,33758,30462,3296
Hampden County,MA,50,1,1,25,13,1598385896,44316925,463490,192175,42.1361975,-72.6356476,463490,450209,354580,41644,1871,9118,233,42763,13281,12157,3828,1356,1268,182,2853,522,187,79,1034,35,17,224,51,239,282,1047,61,13,3,463490,96776,366714,359894,313846,35692,717,8937,114,588,6820,6262,520,34,3,1,353605,346532,282373,29227,1280,6535,158,26959,7073,6438,588,37,9,1,353605,60000,293605,289847,256489,25899,562,6436,89,372,3758,3403,330,22,2,1,192175,179927,12248
Hampshire County,MA,50,1,1,25,15,1365585170,46500379,158080,62603,42.3394593,-72.6636936,158080,154179,140250,3925,328,7185,53,2438,3901,3532,986,535,1148,33,371,104,68,4,131,18,1,18,26,70,19,326,38,5,0,158080,7455,150625,147545,136249,3547,242,7123,41,343,3080,2829,221,27,3,0,131314,128868,117373,3257,274,6153,32,1779,2446,2199,216,26,5,0,131314,5191,126123,124140,114564,2979,212,6113,25,247,1983,1808,153,19,3,0,62603,58702,3901
Middlesex County,MA,50,1,1,25,17,2118135038,75739760,1503085,612004,42.479477,-71.396507,1503085,1464843,1202411,70021,2571,139943,487,49410,38242,35915,7297,2917,11636,387,8367,639,614,185,1319,244,14,269,289,1505,233,2143,162,20,2,1503085,98350,1404735,1373980,1150251,65733,1578,139325,331,16762,30755,29078,1545,121,10,1,1182646,1160904,962665,52218,1830,107451,394,36346,21742,20360,1263,101,16,2,1182646,68109,1114537,1097088,926193,49372,1175,107060,282,13006,17449,16452,913,73,10,1,612004,580688,31316
Nantucket County,MA,50,1,1,25,19,116471398,669992419,10172,11618,41.3058778,-70.1419099,10172,9986,8913,688,6,118,1,260,186,174,64,27,25,3,37,2,7,0,3,0,0,0,0,5,1,12,0,0,0,10172,957,9215,9060,8192,664,6,118,1,79,155,145,10,0,0,0,8064,7971,7159,514,6,96,1,195,93,86,7,0,0,0,8064,691,7373,7301,6633,498,6,96,1,67,72,67,5,0,0,0,11618,4229,7389
Norfolk County,MA,50,1,1,25,21,1025908386,124944841,670850,270359,42.1697025,-71.1798747,670850,657944,551847,38148,1091,57803,129,8926,12906,12030,2725,1128,4199,156,1410,382,305,91,915,69,2,61,88,402,97,785,69,21,1,670850,22004,648846,637747,538758,36329,811,57625,107,4117,11099,10395,638,49,16,1,518718,512126,432812,27875,754,44063,104,6518,6592,6100,436,39,16,1,518718,15095,503623,497986,423677,26698,574,43955,89,2993,5637,5228,364,32,12,1,270359,257914,12445
Plymouth County,MA,50,1,1,25,23,1706996627,1124514393,494919,200161,41.9871959,-70.7419417,494919,482128,423133,35608,1213,5974,136,16064,12791,11751,2665,1310,1411,81,1770,352,153,118,3278,40,4,144,30,172,223,951,74,14,1,494919,15619,479300,468049,415341,33991,1024,5928,118,11647,11251,10375,806,65,4,1,375444,368359,326935,24703,892,4393,102,11334,7085,6567,478,31,8,1,375444,9997,365447,359116,321882,23721,765,4369,90,8289,6331,5889,413,26,2,1,200161,181126,19035
Suffolk County,MA,50,1,1,25,25,150618894,160748611,722023,315522,42.33196,-71.0201725,722023,693581,404269,156292,2984,59429,292,70315,28442,26098,5146,1261,3869,156,6309,1490,630,382,4890,145,21,520,117,640,522,2170,146,23,5,722023,143455,578568,561911,346979,142980,1367,58963,196,11426,16657,15198,1360,80,19,0,595748,576256,356103,116006,2181,51263,251,50452,19492,17876,1500,95,17,4,595748,101362,494386,482579,314592,107279,1062,50933,169,8544,11807,10765,979,48,15,0,315522,292767,22755
Worcester County,MA,50,1,1,25,27,3912876833,177216729,798552,326788,42.3116934,-71.940282,798552,779790,683361,33314,1976,31815,246,29078,18762,17541,5097,2426,3394,229,3953,458,182,65,802,82,8,198,62,456,129,1138,73,10,0,798552,75422,723130,710090,644299,29084,1298,31597,178,3634,13040,12199,784,49,8,0,611321,601748,534252,23373,1425,22702,179,19817,9573,9022,506,37,8,0,611321,48081,563240,556562,509390,20760,993,22584,140,2695,6678,6292,355,24,7,0,326788,303080,23708
Alcona County,MI,50,2,3,26,1,1747168145,2890419533,10942,11073,44.6825347,-82.8340798,10942,10843,10712,13,66,25,1,26,99,96,8,64,12,1,10,0,0,0,0,0,0,1,0,0,0,3,0,0,0,10942,124,10818,10727,10621,13,62,25,1,5,91,88,3,0,0,0,9349,9285,9183,8,51,23,1,19,64,61,3,0,0,0,9349,77,9272,9213,9127,8,50,23,1,4,59,56,3,0,0,0,11073,5089,5984
Alger County,MI,50,2,3,26,3,2370019042,10703554733,9601,6554,47.0800765,-86.5641076,9601,9338,8286,612,397,32,0,11,263,257,20,210,11,4,8,1,0,0,0,1,0,0,0,2,0,6,0,0,0,9601,114,9487,9238,8213,607,387,31,0,0,249,244,5,0,0,0,7956,7809,6887,608,283,22,0,9,147,143,4,0,0,0,7956,71,7885,7745,6841,605,277,22,0,0,140,137,3,0,0,0,6554,3898,2656
Allegan County,MI,50,2,3,26,5,2137337922,2610856790,111408,49426,42.5957875,-86.6347446,111408,109259,103513,1358,636,648,22,3082,2149,2025,576,674,212,17,438,27,5,2,25,6,2,12,6,19,4,117,6,1,0,111408,7454,103954,102461,99945,1264,543,620,21,68,1493,1412,78,3,0,0,82184,81243,77613,892,451,438,12,1837,941,886,51,4,0,0,82184,4161,78023,77340,75621,850,404,424,12,29,683,640,40,3,0,0,49426,42018,7408
Alpena County,MI,50,2,3,26,7,1481110566,2908717141,29598,16053,44.894954,-83.4265739,29598,29287,28845,79,156,152,13,42,311,301,77,150,39,3,26,0,0,0,0,0,0,0,0,6,0,10,0,0,0,29598,304,29294,29011,28623,78,150,148,10,2,283,273,10,0,0,0,23409,23267,22961,60,99,108,11,28,142,137,5,0,0,0,23409,183,23226,23093,22820,59,96,108,9,1,133,128,5,0,0,0,16053,12791,3262
Antrim County,MI,50,2,3,26,9,1232064018,326513140,23580,17824,45.0054565,-85.1756245,23580,23246,22815,41,236,48,8,98,334,324,53,212,25,11,12,0,0,2,3,1,4,1,0,0,0,10,0,0,0,23580,404,23176,22871,22546,35,224,47,8,11,305,298,7,0,0,0,18616,18433,18147,22,158,30,6,70,183,178,5,0,0,0,18616,255,18361,18192,17981,19,149,29,6,8,169,167,2,0,0,0,17824,9890,7934
Arenac County,MI,50,2,3,26,11,940660726,822319209,15899,9803,44.0368697,-83.7406754,15899,15694,15393,29,190,29,9,44,205,196,40,99,28,4,18,5,0,0,1,0,1,0,0,0,0,9,0,0,0,15899,225,15674,15489,15231,29,183,29,9,8,185,179,6,0,0,0,12704,12587,12377,19,131,23,5,32,117,112,5,0,0,0,12704,143,12561,12451,12273,19,126,23,5,5,110,106,4,0,0,0,9803,6701,3102
Baraga County,MI,50,2,3,26,13,2326474801,441629543,8860,5270,46.6960684,-88.3560221,8860,8466,6641,635,1160,13,0,17,394,374,21,313,13,0,5,8,0,0,1,0,11,1,1,0,0,16,4,0,0,8860,86,8774,8389,6605,635,1130,13,0,6,385,369,12,4,0,0,7066,6862,5420,630,791,12,0,9,204,193,7,4,0,0,7066,45,7021,6819,5400,630,776,12,0,1,202,192,6,4,0,0,5270,3444,1826
Barry County,MI,50,2,3,26,15,1432500402,62029172,59173,27010,42.5828109,-85.3145503,59173,58398,57350,219,272,219,6,332,775,735,203,335,100,7,70,3,4,0,0,2,0,6,2,2,1,37,1,2,0,59173,1336,57837,57185,56487,205,251,212,5,25,652,620,32,0,0,0,44715,44336,43637,147,197,151,4,200,379,360,16,1,2,0,44715,740,43975,43641,43158,138,182,147,4,12,334,318,16,0,0,0,27010,22551,4459
Bay County,MI,50,2,3,26,17,1145557748,487991946,107771,48220,43.6997112,-83.9787007,107771,105364,101451,1702,564,578,14,1055,2407,2305,912,708,187,14,399,29,8,1,23,8,0,9,3,4,0,101,1,0,0,107771,5093,102678,100913,98241,1574,476,566,13,43,1765,1715,49,1,0,0,83819,82820,80035,1131,442,433,14,765,999,968,31,0,0,0,83819,3011,80808,80034,78100,1091,379,426,13,25,774,753,21,0,0,0,48220,44603,3617
Benzie County,MI,50,2,3,26,19,828028289,1398240608,17525,12199,44.6486213,-86.4943167,17525,17301,16843,72,252,45,0,89,224,216,41,121,22,5,17,7,0,0,1,1,0,0,0,1,0,8,0,0,0,17525,302,17223,17020,16658,71,244,44,0,3,203,197,6,0,0,0,13847,13728,13394,43,200,34,0,57,119,114,5,0,0,0,13847,189,13658,13547,13273,42,196,33,0,3,111,106,5,0,0,0,12199,7298,4901
Berrien County,MI,50,2,3,26,21,1470457874,2625535357,156813,76922,41.7926389,-86.7418216,156813,153067,122804,24037,834,2451,118,2823,3746,3432,1337,834,493,47,361,145,53,13,55,16,2,12,17,46,1,270,42,2,0,156813,7054,149759,146597,119389,23766,765,2410,115,152,3162,2939,202,20,1,0,120141,118465,97696,16390,596,1909,84,1790,1676,1517,137,21,1,0,120141,4349,115792,114392,95576,16220,544,1882,82,88,1400,1285,103,11,1,0,76922,63054,13868
Branch County,MI,50,2,3,26,23,1311488743,34465281,45248,20841,41.9185851,-85.0665229,45248,44577,42055,1393,181,208,3,737,671,626,117,226,172,20,79,6,1,0,0,0,0,3,1,1,0,45,0,0,0,45248,1804,43444,42882,41116,1380,166,196,2,22,562,530,32,0,0,0,34412,34079,32073,1307,141,142,3,413,333,317,16,0,0,0,34412,1001,33411,33120,31547,1296,130,134,2,11,291,276,15,0,0,0,20841,16419,4422
Calhoun County,MI,50,2,3,26,25,1829135298,31390284,136146,61042,42.2429896,-85.0123853,136146,131957,111915,14872,831,2179,56,2104,4189,3900,1993,870,347,43,285,165,30,12,53,8,2,10,46,30,6,266,17,6,0,136146,6177,129969,126349,108664,14630,714,2154,45,142,3620,3382,224,8,6,0,103137,101366,87370,10496,612,1602,39,1247,1771,1630,129,9,3,0,103137,3591,99546,98028,85418,10372,542,1587,36,73,1518,1397,113,5,3,0,61042,54016,7026
Cass County,MI,50,2,3,26,27,1269253670,47281098,52293,25887,41.91624,-85.9994574,52293,50745,46496,2821,504,339,10,575,1548,1418,633,452,102,12,146,42,12,1,8,4,0,3,1,2,0,128,1,1,0,52293,1570,50723,49366,45704,2776,476,334,6,70,1357,1238,119,0,0,0,40035,39344,36300,2094,353,249,8,340,691,622,69,0,0,0,40035,862,39173,38555,35849,2083,338,246,4,35,618,552,66,0,0,0,25887,20604,5283
Charlevoix County,MI,50,2,3,26,29,1078313350,2522971210,25949,17249,45.5131638,-85.450392,25949,25475,24806,80,382,103,11,93,474,441,52,296,41,17,25,6,0,0,0,0,0,1,3,0,0,33,0,0,0,25949,359,25590,25158,24602,76,359,99,11,11,432,400,32,0,0,0,20233,19994,19528,48,286,62,9,61,239,233,6,0,0,0,20233,189,20044,19819,19421,47,275,58,9,9,225,219,6,0,0,0,17249,10882,6367
Cheboygan County,MI,50,2,3,26,31,1852525483,440605827,26152,18298,45.4761203,-84.4952706,26152,25485,24459,133,778,74,8,33,667,646,54,513,31,9,15,7,0,0,1,6,4,1,3,1,1,21,0,0,0,26152,211,25941,25299,24324,129,760,71,7,8,642,622,20,0,0,0,20806,20458,19712,110,562,54,3,17,348,340,8,0,0,0,20806,122,20684,20347,19636,107,549,51,2,2,337,330,7,0,0,0,18298,11133,7165
Chippewa County,MI,50,2,3,26,33,4036289692,2952509199,38520,21253,46.3218192,-84.5206297,38520,36734,27837,2509,6068,230,24,66,1786,1708,79,1425,79,13,26,34,6,0,2,18,2,7,9,8,0,69,8,1,0,38520,480,38040,36311,27542,2503,6007,228,21,10,1729,1653,68,7,1,0,30769,29756,23183,2452,3887,173,15,46,1013,983,28,1,1,0,30769,318,30451,29464,22972,2446,3856,171,13,6,987,958,27,1,1,0,21253,14329,6924
Clare County,MI,50,2,3,26,35,1461569881,28552600,30926,23233,43.9911368,-84.8383253,30926,30480,29951,149,206,91,8,75,446,428,87,252,32,13,39,1,1,0,0,2,0,0,0,1,0,18,0,0,0,30926,464,30462,30056,29612,145,188,90,8,13,406,388,18,0,0,0,24459,24207,23830,93,161,60,7,56,252,244,8,0,0,0,24459,270,24189,23957,23642,91,150,59,7,8,232,224,8,0,0,0,23233,12966,10267
Clinton County,MI,50,2,3,26,37,1466991079,21106494,75382,30695,42.950455,-84.5916949,75382,73898,70018,1549,333,1115,15,868,1484,1395,449,393,257,14,197,18,17,1,22,2,1,7,3,10,4,79,4,6,0,75382,2947,72435,71242,68243,1506,309,1105,12,67,1193,1126,57,4,6,0,56770,56138,53188,1186,251,886,13,614,632,588,40,1,3,0,56770,1814,54956,54435,52101,1156,237,880,12,49,521,486,31,1,3,0,30695,28766,1929
Crawford County,MI,50,2,3,26,39,1440758147,18031692,14074,11092,44.6802083,-84.6111321,14074,13918,13721,51,76,52,1,17,156,151,41,75,20,4,9,1,0,0,0,0,0,1,0,0,0,5,0,0,0,14074,182,13892,13754,13586,42,71,52,1,2,138,136,2,0,0,0,11279,11180,11058,20,57,31,1,13,99,97,2,0,0,0,11279,104,11175,11085,10979,16,56,31,1,2,90,89,1,0,0,0,11092,6016,5076
Delta County,MI,50,2,3,26,41,3033124287,2124381333,37069,20214,45.8051009,-86.9013728,37069,36285,35118,75,874,146,7,65,784,743,94,540,83,1,13,5,2,0,0,2,0,1,1,1,0,40,1,0,0,37069,318,36751,36008,34920,71,858,145,7,7,743,709,33,1,0,0,29331,28912,28139,42,581,107,4,39,419,402,16,1,0,0,29331,182,29149,28746,28022,41,571,106,4,2,403,389,13,1,0,0,20214,15992,4222
Dickinson County,MI,50,2,3,26,43,1972018016,40533105,26168,13990,46.0128231,-87.8661191,26168,25845,25438,87,145,120,7,48,323,311,47,156,55,6,34,2,2,0,1,3,2,2,1,0,0,7,5,0,0,26168,270,25898,25623,25269,86,138,120,7,3,275,263,7,5,0,0,20559,20394,20116,59,94,90,5,30,165,159,1,5,0,0,20559,127,20432,20280,20033,58,91,90,5,3,152,146,1,5,0,0,13990,11359,2631
Eaton County,MI,50,2,3,26,45,1489695507,11028096,107759,47050,42.5896144,-84.8465237,107759,104999,94561,6811,466,1809,18,1334,2760,2590,954,697,313,23,350,85,27,1,63,8,0,10,13,40,6,162,5,3,0,107759,5101,102658,100526,91540,6661,407,1790,13,115,2132,2006,121,3,2,0,82658,81395,73827,4962,337,1308,15,946,1263,1185,74,2,2,0,82658,3112,79546,78535,71966,4887,303,1298,11,70,1011,948,60,2,1,0,47050,43494,3556
Emmet County,MI,50,2,3,26,47,1210803605,1073558172,32694,21304,45.5900944,-84.9868217,32694,31975,30375,156,1198,174,8,64,719,690,83,487,57,13,28,8,0,1,2,4,1,3,0,3,0,26,1,2,0,32694,429,32265,31617,30132,152,1139,174,6,14,648,624,21,1,2,0,25305,24957,23821,105,849,124,8,50,348,336,10,0,2,0,25305,228,25077,24753,23685,104,824,124,6,10,324,315,7,0,2,0,21304,13601,7703
Genesee County,MI,50,2,3,26,49,1649763682,32658914,425790,192180,43.0210768,-83.7063718,425790,414774,317393,88127,2252,3879,79,3044,11016,10162,4317,2527,1103,85,812,715,145,41,205,31,10,27,50,87,7,799,45,5,5,425790,12983,412807,403294,309683,87352,1961,3834,74,390,9513,8798,674,34,2,5,319211,314052,246162,61127,1655,2962,70,2076,5159,4731,400,21,5,2,319211,7812,311399,306857,241452,60761,1459,2927,65,193,4542,4159,361,18,2,2,192180,169202,22978
Gladwin County,MI,50,2,3,26,51,1299601369,36650228,25692,17672,43.9897504,-84.3898162,25692,25444,25111,60,122,76,2,73,248,241,47,132,26,3,26,0,0,0,0,2,0,4,0,0,1,5,2,0,0,25692,310,25382,25160,24904,60,116,76,1,3,222,216,5,1,0,0,20534,20372,20131,36,100,52,1,52,162,157,4,1,0,0,20534,220,20314,20165,19979,36,94,52,1,3,149,145,4,0,0,0,17672,10753,6919
Gogebic County,MI,50,2,3,26,53,2853775286,969936900,16427,10795,46.4880535,-89.788314,16427,16201,15059,678,394,37,1,32,226,218,32,151,19,4,5,2,1,2,0,0,1,0,1,0,0,8,0,0,0,16427,142,16285,16065,14965,676,383,37,1,3,220,212,8,0,0,0,13650,13520,12547,663,257,32,1,20,130,128,2,0,0,0,13650,89,13561,13436,12484,661,255,32,1,3,125,123,2,0,0,0,10795,7037,3758
Grand Traverse County,MI,50,2,3,26,55,1202611911,354786289,86986,41599,44.7186875,-85.5538484,86986,85506,82334,1033,1010,601,38,490,1480,1395,355,612,226,40,102,14,9,2,4,4,2,5,10,10,0,74,5,6,0,86986,1874,85112,83805,81188,1023,941,588,25,40,1307,1235,65,1,6,0,67791,67071,64721,902,717,404,29,298,720,685,27,4,4,0,67791,1130,66661,66030,64024,893,681,394,22,16,631,603,23,1,4,0,41599,35328,6271
Gratiot County,MI,50,2,3,26,57,1472313856,8150717,42476,16339,43.2923259,-84.60469,42476,41896,38487,2354,197,146,10,702,580,552,113,182,49,13,172,1,1,0,8,5,1,2,1,2,2,27,0,1,0,42476,2301,40175,39826,37144,2341,172,145,8,16,349,330,19,0,0,0,33359,33096,30045,2271,162,118,8,492,263,249,13,0,1,0,33359,1375,31984,31809,29267,2267,143,117,6,9,175,166,9,0,0,0,16339,14852,1487
Hillsdale County,MI,50,2,3,26,59,1549158422,22980609,46688,21757,41.8644753,-84.6424093,46688,46097,45304,220,174,188,4,207,591,571,140,284,61,4,70,1,1,0,1,3,0,2,1,2,1,19,1,0,0,46688,826,45862,45344,44765,206,162,185,3,23,518,499,18,1,0,0,35597,35282,34769,134,124,131,4,120,315,304,10,1,0,0,35597,468,35129,34845,34458,130,116,128,3,10,284,273,10,1,0,0,21757,17792,3965
Houghton County,MI,50,2,3,26,61,2613554735,1275314652,36628,18636,46.9983053,-88.6520662,36628,36136,34596,198,206,1054,17,65,492,454,68,221,95,15,27,5,3,1,1,3,0,0,0,15,0,33,3,2,0,36628,415,36213,35760,34299,193,182,1050,16,20,453,417,31,3,2,0,29066,28755,27413,168,156,949,16,53,311,291,17,1,2,0,29066,302,28764,28473,27191,164,142,945,16,15,291,273,15,1,2,0,18636,14232,4404
Huron County,MI,50,2,3,26,63,2164469622,3369824158,33118,21199,43.907616,-82.8570449,33118,32814,32286,122,107,148,4,147,304,290,57,133,41,3,41,0,1,0,0,3,0,1,2,8,0,14,0,0,0,33118,657,32461,32208,31830,121,100,148,4,5,253,243,10,0,0,0,26276,26118,25791,69,77,88,2,91,158,146,12,0,0,0,26276,399,25877,25735,25504,68,71,88,2,2,142,132,10,0,0,0,21199,14348,6851
Ingham County,MI,50,2,3,26,65,1440343968,11894285,280895,121281,42.6035338,-84.3738107,280895,269757,213913,33047,1546,14599,114,6538,11138,10262,4612,1614,1600,91,1062,402,129,29,385,39,4,51,76,156,12,834,36,4,2,280895,20526,260369,251645,203459,31931,1239,14504,88,424,8724,8086,608,24,4,2,222296,217086,176017,23387,1195,11763,84,4640,5210,4791,405,8,4,2,222296,13070,209226,204992,169171,22808,977,11703,67,266,4234,3897,325,6,4,2,121281,111162,10119
Ionia County,MI,50,2,3,26,67,1479671240,22641747,63905,24778,42.9446503,-85.073766,63905,62981,58563,3019,289,248,7,855,924,881,243,325,121,12,154,5,8,1,4,2,0,1,2,2,1,31,10,2,0,63905,2791,61114,60428,56962,2962,230,241,6,27,686,659,16,10,1,0,48230,47845,43944,2939,226,183,6,547,385,375,7,2,1,0,48230,1680,46550,46234,42964,2887,183,179,5,16,316,308,5,2,1,0,24778,22144,2634
Iosco County,MI,50,2,3,26,69,1422153154,3473073181,25887,20443,44.329482,-82.8494466,25887,25504,24965,122,170,126,15,106,383,367,78,204,52,6,16,2,2,0,1,1,0,1,3,1,0,15,0,1,0,25887,403,25484,25140,24710,121,161,125,12,11,344,334,9,0,1,0,21333,21115,20730,73,135,95,10,72,218,212,5,0,1,0,21333,235,21098,20895,20586,72,127,94,9,7,203,200,2,0,1,0,20443,11757,8686
Iron County,MI,50,2,3,26,71,3020312287,116706564,11817,9197,46.1702489,-88.5404093,11817,11653,11469,14,112,32,2,24,164,153,28,89,8,10,14,0,0,0,0,0,0,4,0,0,0,11,0,0,0,11817,161,11656,11520,11370,14,97,32,2,5,136,126,10,0,0,0,9796,9714,9565,13,89,28,1,18,82,75,7,0,0,0,9796,88,9708,9635,9513,13,76,28,1,4,73,66,7,0,0,0,9197,5577,3620
Isabella County,MI,50,2,3,26,73,1483225590,12960487,70311,28381,43.6452331,-84.8394245,70311,68362,62697,1676,2414,1148,18,409,1949,1809,460,804,213,23,144,65,10,12,10,12,4,26,7,19,0,133,5,1,1,70311,2197,68114,66513,61514,1643,2161,1141,14,40,1601,1493,103,5,0,0,57677,56683,52346,1435,1596,979,13,314,994,939,51,2,1,1,57677,1440,56237,55384,51512,1411,1449,972,12,28,853,804,47,2,0,0,28381,25586,2795
Jackson County,MI,50,2,3,26,75,1817306121,56540223,160248,69458,42.2484738,-84.4208679,160248,156232,140507,12739,592,1137,33,1224,4016,3753,2011,862,308,27,269,136,12,1,70,10,0,20,7,12,8,252,10,1,0,160248,4837,155411,151963,137588,12560,521,1122,27,145,3448,3247,193,7,1,0,123053,121463,109803,9586,452,798,20,804,1590,1464,118,7,1,0,123053,2917,120136,118766,107993,9494,403,789,19,68,1370,1263,99,7,1,0,69458,60771,8687
Kalamazoo County,MI,50,2,3,26,77,1454688724,48274044,250331,110007,42.2462657,-85.5328544,250331,242084,204644,27266,1059,5212,88,3815,8247,7433,3523,1371,1102,50,502,355,93,24,150,39,2,42,27,136,17,758,52,4,0,250331,9959,240372,233287,200047,26677,923,5186,73,381,7085,6425,620,36,4,0,193405,189703,163781,18549,810,4015,62,2486,3702,3294,385,22,1,0,193405,6164,187241,184029,160847,18238,714,3996,52,182,3212,2859,337,15,1,0,110007,100610,9397
Kalkaska County,MI,50,2,3,26,79,1450043265,28078610,17153,12171,44.6788808,-85.0889915,17153,16878,16602,50,150,42,2,32,275,274,53,157,31,4,16,10,0,0,0,0,0,0,2,1,0,1,0,0,0,17153,214,16939,16694,16456,50,144,41,1,2,245,244,1,0,0,0,13260,13115,12916,28,113,33,2,23,145,145,0,0,0,0,13260,129,13131,13001,12830,28,108,32,1,2,130,130,0,0,0,0,12171,6962,5209
Kent County,MI,50,2,3,26,81,2193584722,64739558,602622,246901,43.0324971,-85.547446,602622,584563,481594,58648,3056,14053,249,26963,18059,16567,6739,2602,2350,143,2586,640,202,57,739,51,10,112,62,198,76,1398,80,14,0,602622,58437,544185,531058,457769,56372,2075,13932,163,747,13127,12035,1033,48,11,0,444488,436915,369362,38920,2201,9967,184,16281,7573,6946,572,42,13,0,444488,33794,410694,405187,355393,37749,1617,9896,135,397,5507,5018,454,25,10,0,246901,227239,19662
Keweenaw County,MI,50,2,3,26,83,1398883200,14053475910,2156,2467,47.6819813,-88.1488021,2156,2131,2123,3,3,1,0,1,25,25,9,12,2,0,2,0,0,0,0,0,0,0,0,0,0,0,0,0,0,2156,15,2141,2124,2117,3,3,1,0,0,17,17,0,0,0,0,1771,1756,1749,3,2,1,0,1,15,15,0,0,0,0,1771,11,1760,1749,1743,3,2,1,0,0,11,11,0,0,0,0,2467,1013,1454
Lake County,MI,50,2,3,26,85,1469481397,17896759,11539,14966,43.9951867,-85.8113997,11539,11238,10035,1058,90,17,1,37,301,276,122,103,12,3,16,15,1,0,3,1,0,0,0,0,0,21,2,2,0,11539,243,11296,11028,9897,1034,78,16,1,2,268,246,19,1,2,0,9474,9316,8372,826,77,16,1,24,158,140,14,2,2,0,9474,138,9336,9196,8297,811,71,15,1,1,140,125,12,1,2,0,14966,5158,9808
Lapeer County,MI,50,2,3,26,87,1665397257,51362519,88319,36332,43.0886327,-83.2243247,88319,87082,84351,922,403,309,9,1088,1237,1186,265,496,187,4,195,9,2,0,3,1,1,7,3,11,2,46,5,0,0,88319,3622,84697,83728,82147,896,348,308,9,20,969,933,32,4,0,0,66965,66361,64386,740,300,224,5,706,604,575,27,2,0,0,66965,2147,64818,64316,63086,726,266,223,5,10,502,478,22,2,0,0,36332,32776,3556
Leelanau County,MI,50,2,3,26,89,899168573,5659178382,21708,14935,45.1461816,-86.051574,21708,21345,20207,66,763,92,4,213,363,357,43,207,41,3,17,24,0,1,0,1,0,18,0,2,0,6,0,0,0,21708,794,20914,20639,19799,56,682,92,2,8,275,269,6,0,0,0,17468,17303,16585,38,497,57,2,124,165,162,3,0,0,0,17468,434,17034,16890,16330,33,464,57,1,5,144,141,3,0,0,0,14935,9255,5680
Lenawee County,MI,50,2,3,26,91,1941337767,30701176,99892,43452,41.8959147,-84.0668533,99892,97700,92174,2539,475,519,26,1967,2192,2094,694,621,212,15,454,21,7,0,42,5,0,6,9,6,2,93,5,0,0,99892,7614,92278,90819,87483,2397,379,492,21,47,1459,1394,62,3,0,0,76764,75764,71614,2019,380,366,14,1371,1000,957,38,5,0,0,76764,4698,72066,71362,68712,1963,303,349,13,22,704,677,24,3,0,0,43452,37514,5938
Livingston County,MI,50,2,3,26,93,1464001028,52188299,180967,72809,42.6025316,-83.9117183,180967,178690,175015,809,707,1424,76,659,2277,2157,326,932,566,56,183,13,8,2,6,12,11,10,10,21,1,100,9,11,0,180967,3460,177507,175529,172513,776,648,1412,73,107,1978,1885,83,5,5,0,134730,133634,131084,554,499,1027,54,416,1096,1037,45,8,6,0,134730,2093,132637,131674,129540,531,476,1021,53,53,963,919,37,4,3,0,72809,67380,5429
Luce County,MI,50,2,3,26,95,2328602234,2624718308,6631,4343,46.9406018,-85.5823683,6631,6424,5331,737,333,17,3,3,207,198,12,173,7,0,5,0,0,0,0,0,0,1,0,0,0,8,1,0,0,6631,82,6549,6353,5275,735,325,17,1,0,196,187,8,1,0,0,5445,5337,4344,730,246,13,1,3,108,102,5,1,0,0,5445,53,5392,5290,4305,728,243,13,1,0,102,96,5,1,0,0,4343,2412,1931
Mackinac County,MI,50,2,3,26,97,2645851022,2794791851,11113,11010,46.1679807,-85.3037562,11113,10522,8499,57,1923,22,2,19,591,586,21,527,15,2,4,3,3,0,2,2,1,5,1,0,0,5,0,0,0,11113,126,10987,10415,8411,57,1909,22,1,15,572,568,4,0,0,0,9039,8667,7248,34,1359,16,2,8,372,371,1,0,0,0,9039,74,8965,8599,7192,34,1352,16,1,4,366,365,1,0,0,0,11010,5024,5986
Macomb County,MI,50,2,3,26,99,1241183094,237312769,840978,356626,42.6714669,-82.9108693,840978,823344,717973,72723,2646,25063,179,4760,17634,16479,5392,3719,4205,501,942,556,288,29,205,121,4,47,95,348,27,1072,61,20,2,840978,19095,821883,805976,705693,72053,2351,24908,168,803,15907,14920,929,37,20,1,647323,638819,566331,49175,1945,18240,137,2991,8504,7954,500,31,17,2,647323,11865,635458,627686,558480,48808,1749,18130,129,390,7772,7274,461,19,17,1,356626,331667,24959
Manistee County,MI,50,2,3,26,101,1404159906,1912485293,24733,15694,44.3503854,-86.6029672,24733,24272,22811,723,516,67,14,141,461,439,83,270,25,5,26,23,0,0,0,1,2,0,1,3,0,21,1,0,0,24733,634,24099,23698,22402,718,493,64,14,7,401,384,16,1,0,0,20017,19784,18540,705,396,46,8,89,233,223,9,1,0,0,20017,374,19643,19430,18287,700,385,44,8,6,213,203,9,1,0,0,15694,10308,5386
Marquette County,MI,50,2,3,26,103,4683737366,4185779618,67077,34330,46.6565965,-87.5840278,67077,65732,62911,1141,1161,385,13,121,1345,1279,224,757,160,14,76,14,7,3,10,4,3,2,3,2,0,61,2,3,0,67077,767,66310,65096,62412,1126,1139,384,11,24,1214,1160,54,0,0,0,54547,53838,51521,1043,854,314,13,93,709,677,30,1,1,0,54547,487,54060,53408,51195,1030,838,314,11,20,652,629,23,0,0,0,34330,27538,6792
Mason County,MI,50,2,3,26,105,1282232870,1935676016,28705,17293,43.9966363,-86.7508137,28705,28158,27225,172,289,132,0,340,547,509,147,199,49,2,99,5,1,0,2,1,1,3,0,0,0,38,0,0,0,28705,1150,27555,27146,26595,156,254,130,0,11,409,378,31,0,0,0,22465,22222,21597,111,215,84,0,215,243,229,14,0,0,0,22465,621,21844,21649,21260,105,195,82,0,7,195,182,13,0,0,0,17293,11940,5353
Mecosta County,MI,50,2,3,26,107,1437626850,41759550,42798,21131,43.6352949,-85.3327509,42798,41881,40095,1077,268,279,11,151,917,819,301,335,75,9,47,20,10,0,3,0,3,7,2,4,3,97,1,0,0,42798,731,42067,41245,39633,1055,240,277,7,33,822,737,84,1,0,0,34252,33746,32316,855,209,241,8,117,506,445,61,0,0,0,34252,482,33770,33313,32018,839,190,240,5,21,457,399,58,0,0,0,21131,16101,5030
Menominee County,MI,50,2,3,26,109,2704152851,761800249,24029,14227,45.544174,-87.5098923,24029,23744,22891,72,648,70,8,55,285,272,54,156,34,3,14,3,0,0,0,3,1,3,1,0,0,10,0,3,0,24029,278,23751,23486,22715,68,619,70,8,6,265,254,8,0,3,0,18987,18855,18300,42,417,56,7,33,132,126,3,0,3,0,18987,155,18832,18705,18203,40,396,56,7,3,127,121,3,0,3,0,14227,10474,3753
Midland County,MI,50,2,3,26,111,1337087878,30601740,83629,35960,43.648378,-84.3792195,83629,82370,79063,1013,369,1556,46,323,1259,1202,350,399,241,19,121,9,14,1,8,4,1,0,2,28,5,56,1,0,0,83629,1704,81925,80823,77846,983,336,1555,46,57,1102,1047,55,0,0,0,63774,63184,60775,757,269,1128,32,223,590,558,31,1,0,0,63774,1041,62733,62209,60033,737,247,1127,32,33,524,493,31,0,0,0,35960,33437,2523
Missaukee County,MI,50,2,3,26,113,1462634072,23577412,14849,9117,44.325424,-85.0854708,14849,14671,14419,43,84,46,1,78,178,172,34,103,10,5,17,0,1,0,0,0,0,1,0,1,0,4,2,0,0,14849,306,14543,14389,14230,42,71,45,1,0,154,150,2,2,0,0,11253,11171,11013,21,60,29,1,47,82,80,2,0,0,0,11253,176,11077,11002,10899,20,54,28,1,0,75,74,1,0,0,0,9117,5843,3274
Monroe County,MI,50,2,3,26,115,1422924260,338316259,152021,62971,41.916097,-83.4871059,152021,149326,143476,3237,467,842,26,1278,2695,2562,947,911,286,23,264,53,4,6,34,6,1,9,3,12,3,128,5,0,0,152021,4667,147354,145089,140609,3144,397,837,24,78,2265,2168,93,4,0,0,115344,114145,110129,2188,377,610,21,820,1199,1132,65,2,0,0,115344,2801,112543,111520,108399,2137,328,608,20,28,1023,971,51,1,0,0,62971,58230,4741
Montcalm County,MI,50,2,3,26,117,1826976057,39956625,63342,28221,43.3127822,-85.1494679,63342,62358,59752,1483,298,224,19,582,984,920,210,417,87,22,148,7,0,0,6,6,2,2,5,4,4,61,3,0,0,63342,1932,61410,60635,58635,1476,269,220,15,20,775,729,43,3,0,0,48051,47613,45429,1410,240,168,15,351,438,412,26,0,0,0,48051,1052,46999,46632,44819,1407,216,164,12,14,367,347,20,0,0,0,28221,23432,4789
Montmorency County,MI,50,2,3,26,119,1415851499,41411010,9765,9597,45.0241337,-84.1301067,9765,9619,9532,15,43,15,1,13,146,137,23,84,9,1,14,2,0,0,1,2,0,0,1,0,0,8,0,1,0,9765,96,9669,9536,9465,15,41,14,1,0,133,124,8,0,1,0,8123,8035,7968,9,38,14,1,5,88,83,4,0,1,0,8123,55,8068,7984,7924,9,37,13,1,0,84,79,4,0,1,0,9597,4416,5181
Muskegon County,MI,50,2,3,26,121,1293040828,2488405138,172188,73561,43.2892579,-86.751892,172188,167299,137679,24882,1407,941,28,2362,4889,4560,1882,1347,404,35,536,179,30,3,72,11,1,21,13,22,4,305,21,3,0,172188,8261,163927,160030,133132,24599,1240,919,18,122,3897,3649,231,14,3,0,129401,127356,106765,17347,1079,672,21,1472,2045,1912,125,5,3,0,129401,4688,124713,123055,104159,17210,964,659,12,51,1658,1552,99,4,3,0,73561,65616,7945
Newaygo County,MI,50,2,3,26,123,2106188282,125575601,48460,25075,43.5627086,-85.7914227,48460,47632,45625,495,372,187,11,942,828,787,220,335,68,10,126,5,1,0,6,2,0,9,0,5,0,36,4,1,0,48460,2663,45797,45151,44119,474,331,184,11,32,646,610,32,4,0,0,36363,35980,34624,385,273,135,7,556,383,364,16,2,1,0,36363,1460,34903,34580,33799,374,247,132,7,21,323,306,15,2,0,0,25075,18406,6669
Oakland County,MI,50,2,3,26,125,2247237402,102643656,1202362,527255,42.6604518,-83.3842103,1202362,1176032,928912,164078,3376,67828,254,11584,26330,24270,7224,4150,6903,451,1945,1231,593,70,506,155,10,51,135,790,56,1900,128,32,0,1202362,41920,1160442,1137801,903398,162303,2872,67577,212,1439,22641,20991,1545,84,21,0,920257,907012,726915,120917,2476,49025,187,7492,13245,12135,1020,67,23,0,920257,26157,894100,882517,710594,119973,2143,48862,165,780,11583,10652,866,50,15,0,527255,483698,43557
Oceana County,MI,50,2,3,26,127,1326257820,2056136375,26570,15944,43.6472546,-86.8075751,26570,26039,23952,119,285,61,4,1618,531,507,82,198,31,5,155,7,1,0,12,0,0,5,1,8,2,24,0,0,0,26570,3629,22941,22623,22227,100,212,60,4,20,318,307,11,0,0,0,19964,19714,18485,61,219,46,1,902,250,240,10,0,0,0,19964,1998,17966,17805,17522,49,178,45,1,10,161,154,7,0,0,0,15944,10174,5770
Ogemaw County,MI,50,2,3,26,129,1459425916,29693554,21699,16047,44.3332801,-84.1280728,21699,21398,21076,39,157,76,6,44,301,296,41,186,31,7,25,0,0,0,1,1,0,1,1,1,1,5,0,0,0,21699,309,21390,21139,20865,37,147,76,6,8,251,248,3,0,0,0,17280,17092,16853,24,126,55,4,30,188,185,3,0,0,0,17280,174,17106,16944,16738,23,119,55,4,5,162,161,1,0,0,0,16047,9283,6764
Ontonagon County,MI,50,2,3,26,131,3396056253,6292619305,6780,5672,47.2166041,-89.5004614,6780,6693,6594,6,73,11,1,8,87,80,9,53,12,1,3,0,0,0,0,0,0,2,0,0,0,7,0,0,0,6780,64,6716,6637,6546,6,70,11,1,3,79,76,3,0,0,0,5707,5652,5579,5,52,9,1,6,55,52,3,0,0,0,5707,40,5667,5615,5547,5,51,9,1,2,52,50,2,0,0,0,5672,3258,2414
Osceola County,MI,50,2,3,26,133,1466946699,17365931,23528,13632,43.9975523,-85.3222825,23528,23150,22791,133,128,49,6,43,378,356,107,190,35,5,8,3,0,1,2,3,0,2,0,0,0,21,0,0,1,23528,344,23184,22833,22531,125,119,48,5,5,351,329,21,0,0,1,17705,17513,17310,58,85,37,4,19,192,183,8,0,0,1,17705,157,17548,17364,17183,57,82,36,3,3,184,175,8,0,0,1,13632,9222,4410
Oscoda County,MI,50,2,3,26,135,1465236876,15152992,8640,9118,44.6851205,-84.124894,8640,8528,8437,14,49,7,3,18,112,109,13,83,6,3,1,0,0,0,0,0,0,1,0,1,1,3,0,0,0,8640,79,8561,8452,8380,14,46,7,3,2,109,107,2,0,0,0,6897,6836,6764,6,46,3,3,14,61,59,2,0,0,0,6897,59,6838,6780,6723,6,43,3,3,2,58,57,1,0,0,0,9118,3772,5346
Otsego County,MI,50,2,3,26,137,1333769920,29053674,24164,14731,45.0217942,-84.5765966,24164,23801,23413,80,160,93,11,44,363,346,82,197,41,0,9,4,1,0,1,4,0,6,0,1,0,17,0,0,0,24164,299,23865,23521,23186,78,151,92,11,3,344,328,16,0,0,0,18629,18467,18185,53,123,70,9,27,162,153,9,0,0,0,18629,173,18456,18299,18049,51,119,69,9,2,157,149,8,0,0,0,14731,9756,4975
Ottawa County,MI,50,2,3,26,139,1459373665,2765957666,263801,102495,42.9423461,-86.6553423,263801,258463,237638,3874,1141,6738,74,8998,5338,5048,1366,1027,1103,44,1046,53,28,7,122,18,1,35,40,142,16,273,12,4,1,263801,22761,241040,237323,226156,3551,806,6576,64,170,3717,3500,207,8,1,1,195064,192872,179149,2639,791,4582,54,5657,2192,2067,120,4,1,0,195064,13404,181660,180061,172327,2476,593,4511,49,105,1599,1490,104,4,1,0,102495,93775,8720
Presque Isle County,MI,50,2,3,26,141,1706074274,4957333304,13376,10428,45.4895147,-83.3840186,13376,13247,13050,56,89,41,1,10,129,126,18,73,12,4,8,5,0,0,0,0,0,0,0,6,0,3,0,0,0,13376,116,13260,13149,12972,56,79,40,1,1,111,108,3,0,0,0,11039,10965,10837,32,60,30,1,5,74,73,1,0,0,0,11039,77,10962,10901,10785,32,53,29,1,1,61,60,1,0,0,0,10428,5982,4446
Roscommon County,MI,50,2,3,26,143,1345849993,156424239,24449,24459,44.3395168,-84.6112715,24449,24148,23791,91,147,73,2,44,301,293,53,183,26,8,17,1,1,0,0,0,0,3,0,1,0,7,1,0,0,24449,275,24174,23894,23592,89,136,72,2,3,280,272,7,1,0,0,20523,20332,20085,54,112,48,2,31,191,185,5,1,0,0,20523,186,20337,20156,19948,52,106,47,2,1,181,175,5,1,0,0,24459,11433,13026
Saginaw County,MI,50,2,3,26,145,2072284641,41056727,200169,86844,43.3282667,-84.05541,200169,195193,149272,38114,877,2108,65,4757,4976,4644,1964,719,345,40,911,171,52,13,327,12,5,19,8,42,16,323,9,0,0,200169,15573,184596,181364,141187,37222,660,2067,55,173,3232,3033,196,3,0,0,153328,151258,118966,26747,601,1583,47,3314,2070,1918,148,4,0,0,153328,9623,143705,142278,113743,26398,451,1559,42,85,1427,1320,105,2,0,0,86844,79011,7833
St. Clair County,MI,50,2,3,26,147,1867822812,298719230,163040,71822,42.9288035,-82.6689135,163040,159740,153052,3976,729,777,29,1177,3300,3106,1208,1096,330,22,308,60,15,1,27,4,0,8,4,19,4,182,8,4,0,163040,4708,158332,155609,150213,3860,647,763,27,99,2723,2598,120,5,0,0,124427,123108,118365,2805,572,551,21,794,1319,1241,70,4,4,0,124427,2755,121672,120575,116711,2749,509,542,20,44,1097,1046,49,2,0,0,71822,63841,7981
St. Joseph County,MI,50,2,3,26,149,1296524618,52942658,61295,27778,41.9114878,-85.5228703,61295,59954,55519,1600,280,418,2,2135,1341,1280,507,346,143,14,204,21,4,0,10,1,0,10,2,13,5,58,3,0,0,61295,4034,57261,56184,53930,1555,234,416,2,47,1077,1031,46,0,0,0,45420,44876,42066,1112,214,313,2,1169,544,513,30,1,0,0,45420,2140,43280,42840,41233,1086,185,313,2,21,440,413,27,0,0,0,27778,23244,4534
Sanilac County,MI,50,2,3,26,151,2493035045,1624894854,43114,22725,43.4491547,-82.6428148,43114,42600,41649,150,195,144,7,455,514,498,99,211,65,2,107,0,6,0,5,0,0,1,0,2,0,15,0,1,0,43114,1439,41675,41302,40852,142,157,125,7,19,373,366,6,0,1,0,32926,32691,31997,110,148,104,6,326,235,224,10,0,1,0,32926,865,32061,31878,31531,105,126,96,6,14,183,176,6,0,1,0,22725,17132,5593
Schoolcraft County,MI,50,2,3,26,153,3033804451,1845681047,8485,6313,46.0207579,-86.1993524,8485,8207,7432,11,744,13,0,7,278,270,8,237,12,0,9,2,0,0,0,1,0,1,0,0,0,8,0,0,0,8485,64,8421,8157,7394,11,735,13,0,4,264,261,3,0,0,0,6798,6624,6131,10,475,5,0,3,174,169,5,0,0,0,6798,36,6762,6597,6109,10,471,5,0,2,165,162,3,0,0,0,6313,3759,2554
Shiawassee County,MI,50,2,3,26,155,1374422924,26624209,70648,30319,42.9515446,-84.1463518,70648,69622,68315,325,350,256,27,349,1026,983,255,412,127,11,155,5,1,0,3,1,1,3,1,1,7,41,2,0,0,70648,1695,68953,68153,67240,305,303,247,22,36,800,763,35,2,0,0,53589,53083,52145,220,259,191,17,251,506,484,20,2,0,0,53589,998,52591,52173,51505,214,236,186,15,17,418,400,16,2,0,0,30319,27481,2838
Tuscola County,MI,50,2,3,26,157,2080088206,286929756,55729,24451,43.4879024,-83.4366179,55729,55035,53578,634,268,160,17,378,694,669,108,354,77,13,91,13,0,1,2,1,0,3,4,2,0,22,2,1,0,55729,1571,54158,53604,52547,621,233,155,15,33,554,536,15,2,1,0,42638,42277,41289,407,195,115,13,258,361,349,9,2,1,0,42638,946,41692,41381,40671,401,172,113,11,13,311,300,8,2,1,0,24451,21590,2861
Van Buren County,MI,50,2,3,26,159,1573351092,1249470315,76258,36785,42.2839861,-86.3056965,76258,74227,66129,3100,669,313,17,3999,2031,1872,617,597,166,16,333,53,16,2,30,4,1,14,6,15,2,154,5,0,0,76258,7758,68500,66943,63028,3007,530,300,15,63,1557,1419,136,2,0,0,56850,55937,50602,2248,466,223,15,2383,913,832,79,2,0,0,56850,4373,52477,51735,48872,2212,386,215,14,36,742,668,73,1,0,0,36785,28928,7857
Washtenaw County,MI,50,2,3,26,161,1828442046,42615161,344791,147573,42.2523272,-83.8446336,344791,333217,256880,43767,1174,27109,128,4159,11574,10567,3726,1470,3210,108,694,496,230,56,204,44,1,27,78,215,8,921,76,9,1,344791,13860,330931,320772,248675,43152,976,27005,118,846,10159,9359,742,50,7,1,272838,266754,208826,31932,914,22131,102,2849,6084,5526,506,45,7,0,272838,9590,263248,257916,202970,31554,782,22056,97,457,5332,4869,427,30,6,0,147573,137193,10380
Wayne County,MI,50,2,3,26,163,1585280173,156946749,1820584,821693,42.2846636,-83.2619533,1820584,1776730,951936,737943,6991,45915,404,33541,43854,39880,12540,5709,8623,532,4130,3954,1103,228,1597,280,22,180,130,786,66,3701,244,27,2,1820584,95260,1725324,1688897,902180,732801,5635,45590,304,2387,36427,33137,3092,184,14,0,1358789,1335338,740307,535560,5286,32957,307,20921,23451,21094,2189,147,20,1,1358789,59133,1299656,1279928,708744,532470,4387,32735,254,1338,19728,17729,1872,115,12,0,821693,702749,118944
Wexford County,MI,50,2,3,26,165,1463347858,27101225,32735,16736,44.3313751,-85.5700462,32735,32241,31590,129,205,195,18,104,494,469,111,236,69,1,40,8,0,0,1,0,0,3,0,0,0,23,2,0,0,32735,519,32216,31792,31246,122,189,193,18,24,424,405,19,0,0,0,24767,24529,24080,79,152,139,13,66,238,227,11,0,0,0,24767,266,24501,24288,23904,76,140,137,13,18,213,203,10,0,0,0,16736,13021,3715
Aitkin County,MN,50,2,4,27,1,4718084060,449700337,16202,16029,46.6024464,-93.41976,16202,15993,15494,57,390,27,4,21,209,200,43,115,22,5,7,6,0,0,1,0,1,0,0,0,0,9,0,0,0,16202,151,16051,15863,15398,53,376,27,4,5,188,187,1,0,0,0,13284,13188,12858,45,243,21,4,17,96,90,6,0,0,0,13284,86,13198,13108,12800,43,236,21,4,4,90,89,1,0,0,0,16029,7299,8730
Anoka County,MN,50,2,4,27,3,1095590050,59831077,330844,126688,45.2741098,-93.2427232,330844,322323,287802,14503,2257,12868,104,4789,8521,7857,2609,1908,1874,67,660,157,105,15,103,40,1,76,37,183,22,605,47,12,0,330844,12020,318824,311470,281929,14282,1994,12796,91,378,7354,6804,505,36,9,0,244813,241335,219444,8726,1630,8567,74,2894,3478,3222,223,22,11,0,244813,6851,237962,234924,216010,8612,1501,8521,70,210,3038,2817,195,18,8,0,126688,121227,5461
Becker County,MN,50,2,4,27,5,3406359731,336647129,32504,18784,46.9376289,-95.7417568,32504,31532,28720,138,2455,125,7,87,972,952,62,765,60,9,21,14,5,1,2,1,1,5,5,0,1,19,0,1,0,32504,398,32106,31187,28539,128,2372,124,7,17,919,901,18,0,0,0,24505,23995,22187,66,1584,97,5,56,510,500,9,0,1,0,24505,185,24320,23832,22098,60,1560,96,5,13,488,480,8,0,0,0,18784,13224,5560
Beltrami County,MN,50,2,4,27,7,6487764440,1426606363,44442,20527,47.8788247,-94.9866978,44442,43065,33359,262,9004,309,18,113,1377,1316,163,887,112,7,17,73,3,1,1,23,2,24,2,1,0,60,1,0,0,44442,676,43766,42477,33066,251,8821,304,18,17,1289,1241,48,0,0,0,33334,32714,26638,174,5570,247,11,74,620,605,15,0,0,0,33334,346,32988,32400,26469,169,5499,243,11,9,588,577,11,0,0,0,20527,16846,3681
Benton County,MN,50,2,4,27,9,1057494279,12320334,38451,16140,45.7012268,-94.0014395,38451,37836,36348,749,159,425,4,151,615,571,227,139,128,13,37,11,4,0,5,1,0,0,2,4,0,43,1,0,0,38451,632,37819,37262,35939,738,146,420,4,15,557,519,37,1,0,0,28951,28711,27650,520,120,324,4,93,240,215,25,0,0,0,28951,344,28607,28386,27431,511,111,321,4,8,221,197,24,0,0,0,16140,15079,1061
Big Stone County,MN,50,2,4,27,11,1292461863,75355978,5269,3115,45.4199252,-96.4022263,5269,5227,5175,11,22,4,0,15,42,40,10,14,11,0,4,0,0,0,0,0,0,0,0,1,0,2,0,0,0,5269,41,5228,5191,5150,10,22,4,0,5,37,35,2,0,0,0,4164,4149,4111,10,15,4,0,9,15,14,1,0,0,0,4164,24,4140,4127,4098,9,15,4,0,1,13,12,1,0,0,0,3115,2293,822
Blue Earth County,MN,50,2,4,27,13,1936906099,45969834,64013,26202,44.0382246,-94.0640707,64013,62988,59400,1741,178,1249,22,398,1025,955,328,157,252,13,105,19,15,4,40,2,0,3,1,15,1,62,2,6,0,64013,1586,62427,61565,58394,1717,142,1247,21,44,862,808,47,1,6,0,51632,51130,48523,1132,135,1029,20,291,502,466,31,1,4,0,51632,1004,50628,50199,47891,1120,117,1027,20,24,429,399,25,1,4,0,26202,24445,1757
Brown County,MN,50,2,4,27,15,1582716009,19099484,25893,11493,44.2465415,-94.7336472,25893,25710,25245,61,21,153,2,228,183,174,54,33,47,1,28,1,0,0,2,0,0,1,2,1,4,9,0,0,0,25893,860,25033,24891,24662,56,19,152,2,0,142,134,8,0,0,0,20195,20128,19845,40,17,95,2,129,67,64,3,0,0,0,20195,452,19743,19689,19537,38,17,95,2,0,54,51,3,0,0,0,11493,10782,711
Carlton County,MN,50,2,4,27,17,2230967465,36005475,35386,15656,46.6038184,-92.6710435,35386,34531,31727,498,2086,160,4,56,855,824,94,559,79,6,35,31,0,0,0,8,3,6,1,0,2,30,1,0,0,35386,484,34902,34135,31458,494,2012,160,2,9,767,744,23,0,0,0,27022,26657,24600,463,1432,118,4,40,365,358,7,0,0,0,27022,286,26736,26392,24409,461,1395,118,2,7,344,337,7,0,0,0,15656,13538,2118
Carver County,MN,50,2,4,27,19,917697893,56429209,91042,34536,44.8213808,-93.8005751,91042,89606,84450,1124,208,2478,15,1331,1436,1343,355,247,474,9,150,12,21,2,6,9,0,10,7,39,2,86,7,0,0,91042,3515,87527,86324,82536,1068,186,2456,9,69,1203,1140,58,5,0,0,63837,63337,59998,661,155,1708,10,805,500,470,27,3,0,0,63837,1989,61848,61445,58934,632,142,1698,7,32,403,380,22,1,0,0,34536,32891,1645
Cass County,MN,50,2,4,27,21,5235770376,1016739919,28567,24903,46.9514271,-94.3337731,28567,27940,24534,61,3196,88,3,58,627,600,56,410,57,7,16,29,0,3,1,6,0,13,2,0,0,25,2,0,0,28567,340,28227,27637,24383,59,3092,88,3,12,590,563,25,2,0,0,22364,22068,19906,38,2022,64,2,36,296,287,8,1,0,0,22364,167,22197,21914,19822,37,1983,64,2,6,283,274,8,1,0,0,24903,11948,12955
Chippewa County,MN,50,2,4,27,23,1505097828,17235577,12441,5721,45.0286254,-95.5641082,12441,12287,11632,65,119,57,97,317,154,143,20,67,20,2,21,1,2,0,2,2,0,4,0,1,1,11,0,0,0,12441,611,11830,11707,11370,65,116,57,97,2,123,114,9,0,0,0,9527,9476,9073,37,75,45,55,191,51,46,5,0,0,0,9527,333,9194,9149,8937,37,74,45,55,1,45,40,5,0,0,0,5721,5241,480
Chisago County,MN,50,2,4,27,25,1074486739,71347419,53887,21172,45.5054439,-92.9038486,53887,53217,51621,645,324,478,10,139,670,623,160,231,132,23,49,7,4,0,2,1,0,2,7,4,1,45,2,0,0,53887,835,53052,52461,51013,636,313,471,9,19,591,557,32,2,0,0,40040,39745,38519,552,274,298,6,96,295,273,21,1,0,0,40040,491,39549,39287,38165,546,267,295,5,9,262,246,15,1,0,0,21172,19470,1702
Clay County,MN,50,2,4,27,27,2707485607,18860171,58999,23959,46.8983772,-96.4949007,58999,57724,54684,842,803,846,21,528,1275,1222,311,432,244,11,139,14,7,4,11,19,2,5,2,14,7,51,1,1,0,58999,2056,56943,55894,53434,825,744,836,17,38,1049,1008,39,1,1,0,45255,44707,42496,588,524,723,16,360,548,527,20,0,1,0,45255,1182,44073,43606,41781,576,496,718,13,22,467,452,14,0,1,0,23959,22279,1680
Clearwater County,MN,50,2,4,27,29,2587242195,79761638,8695,4773,47.5758728,-95.3711169,8695,8430,7579,30,782,21,1,17,265,254,7,192,17,2,23,3,0,0,1,2,2,4,0,1,0,11,0,0,0,8695,120,8575,8342,7537,30,752,21,1,1,233,226,7,0,0,0,6525,6402,5879,9,496,9,1,8,123,120,3,0,0,0,6525,47,6478,6360,5852,9,488,9,1,1,118,117,1,0,0,0,4773,3527,1246
Cook County,MN,50,2,4,27,31,3761380730,4888013531,5176,5839,47.5385711,-90.2901903,5176,5065,4559,17,446,27,3,13,111,106,3,83,8,1,7,0,0,0,0,0,0,1,3,0,0,5,0,0,0,5176,58,5118,5011,4528,15,437,27,3,1,107,102,5,0,0,0,4305,4237,3860,13,331,23,1,9,68,65,3,0,0,0,4305,33,4272,4205,3839,11,330,23,1,1,67,64,3,0,0,0,5839,2494,3345
Cottonwood County,MN,50,2,4,27,33,1653992908,25772471,11687,5412,44.0107107,-95.1831303,11687,11539,10773,87,27,317,17,318,148,139,20,34,41,5,31,2,0,0,0,1,0,0,1,2,2,9,0,0,0,11687,720,10967,10862,10432,82,23,302,17,6,105,97,8,0,0,0,8896,8844,8353,61,17,224,17,172,52,51,1,0,0,0,8896,372,8524,8490,8183,57,16,215,17,2,34,33,1,0,0,0,5412,4857,555
Crow Wing County,MN,50,2,4,27,35,2587642841,407747951,62500,40180,46.4911138,-94.0712125,62500,61592,60368,313,526,232,16,137,908,873,229,398,137,17,48,15,6,0,2,0,5,1,4,10,1,34,0,1,0,62500,652,61848,61022,59979,297,471,232,15,28,826,796,29,0,1,0,48128,47738,46903,201,346,183,15,90,390,377,12,0,1,0,48128,375,47753,47392,46666,189,322,183,15,17,361,349,11,0,1,0,40180,26033,14147
Dakota County,MN,50,2,4,27,37,1456007312,63970735,398552,159598,44.6708928,-93.0624813,398552,387078,339499,18709,1647,17451,216,9556,11474,10595,3693,1581,2470,144,1580,202,220,17,175,53,7,100,87,243,23,818,49,12,0,398552,23966,374586,365732,327962,18235,1339,17350,199,647,8854,8223,593,29,9,0,293492,289119,258021,11574,1134,12303,160,5927,4373,4051,302,14,6,0,293492,14018,279474,276179,251160,11326,968,12243,151,331,3295,3052,228,11,4,0,159598,152060,7538
Dodge County,MN,50,2,4,27,39,1137719781,800253,20087,7947,44.0207056,-92.869353,20087,19814,19294,60,54,90,4,312,273,245,45,61,58,14,60,1,1,0,3,1,0,1,0,0,0,28,0,0,0,20087,915,19172,18980,18780,59,38,90,4,9,192,168,24,0,0,0,14263,14156,13837,33,27,62,4,193,107,99,8,0,0,0,14263,469,13794,13725,13596,32,25,62,4,6,69,62,7,0,0,0,7947,7460,487
Douglas County,MN,50,2,4,27,41,1650598293,214205330,36009,19905,45.9364288,-95.4606101,36009,35682,35186,150,105,164,4,73,327,308,84,107,62,12,29,4,1,0,2,0,0,4,0,3,0,18,1,0,0,36009,341,35668,35387,34974,146,94,163,3,7,281,268,13,0,0,0,28133,27989,27686,86,76,102,2,37,144,137,6,1,0,0,28133,188,27945,27823,27561,84,72,101,2,3,122,118,4,0,0,0,19905,15289,4616
Faribault County,MN,50,2,4,27,43,1845304181,24420266,14553,7090,43.6765219,-93.9472338,14553,14419,14042,47,62,43,0,225,134,129,26,33,18,8,33,2,1,0,4,1,3,0,0,0,0,4,0,1,0,14553,817,13736,13647,13519,43,41,43,0,1,89,85,3,0,1,0,11354,11305,11087,14,32,36,0,136,49,48,0,0,1,0,11354,435,10919,10889,10819,11,22,36,0,1,30,29,0,0,1,0,7090,6236,854
Fillmore County,MN,50,2,4,27,45,2230756787,2045248,20866,9732,43.6772699,-92.0936807,20866,20693,20497,49,22,71,0,54,173,159,35,47,39,2,23,4,2,0,5,0,0,1,0,1,0,12,2,0,0,20866,207,20659,20517,20375,48,20,71,0,3,142,136,5,1,0,0,15801,15729,15605,33,15,37,0,39,72,68,3,1,0,0,15801,128,15673,15614,15528,33,14,37,0,2,59,56,2,1,0,0,9732,8545,1187
Freeborn County,MN,50,2,4,27,47,1831346129,39715485,31255,14231,43.6742019,-93.3502887,31255,30737,29121,231,68,238,18,1061,518,497,85,93,89,2,193,13,2,0,10,1,0,1,1,4,3,21,0,0,0,31255,2750,28505,28215,27701,200,55,232,10,17,290,273,17,0,0,0,24383,24185,23119,139,56,187,10,674,198,192,6,0,0,0,24383,1579,22804,22686,22318,123,47,184,7,7,118,114,4,0,0,0,14231,13177,1054
Goodhue County,MN,50,2,4,27,49,1960200576,61025171,46183,20337,44.4061779,-92.7160003,46183,45464,43684,445,533,274,17,511,719,668,197,199,123,14,93,15,4,3,2,3,0,2,6,3,4,50,1,0,0,46183,1342,44841,44238,43027,429,474,271,17,20,603,556,46,1,0,0,35233,34956,33855,243,345,177,12,324,277,267,10,0,0,0,35233,745,34488,34251,33501,236,315,176,12,11,237,227,10,0,0,0,20337,18730,1607
Grant County,MN,50,2,4,27,51,1419728446,70764706,6018,3324,45.9307426,-96.0106987,6018,5949,5864,19,9,14,1,42,69,63,15,23,11,0,5,4,0,0,1,0,0,0,0,0,4,6,0,0,0,6018,94,5924,5871,5832,19,4,14,0,2,53,48,5,0,0,0,4731,4702,4643,11,8,14,1,25,29,27,2,0,0,0,4731,57,4674,4652,4623,11,4,14,0,0,22,21,1,0,0,0,3324,2601,723
Hennepin County,MN,50,2,4,27,53,1433793826,137155436,1152425,509469,45.0060644,-93.4751846,1152425,1114976,856834,136262,10591,71905,506,38878,37449,33742,12555,4737,7344,277,3082,1797,790,177,649,197,18,935,268,781,135,3463,200,43,1,1152425,77676,1074749,1044045,826670,134240,8848,71535,431,2321,30704,27724,2825,133,22,0,891080,873210,699706,89651,7266,51774,372,24441,17870,16137,1626,80,27,0,891080,48460,842620,828207,680285,88394,6359,51522,331,1316,14413,12981,1364,51,17,0,509469,475913,33556
Houston County,MN,50,2,4,27,55,1429824576,43456185,19027,8601,43.6669899,-91.5015556,19027,18807,18570,101,33,89,2,12,220,213,90,49,43,4,11,5,6,0,0,0,1,1,0,3,0,7,0,0,0,19027,132,18895,18704,18482,98,31,86,2,5,191,187,4,0,0,0,14624,14538,14398,50,27,54,2,7,86,83,3,0,0,0,14624,79,14545,14467,14337,47,25,53,2,3,78,76,2,0,0,0,8601,7849,752
Hubbard County,MN,50,2,4,27,57,2397485927,191360735,20428,14622,47.0955506,-94.9132898,20428,20063,19314,48,557,50,2,92,365,349,79,211,29,2,6,16,0,0,3,0,1,0,1,0,1,14,2,0,0,20428,327,20101,19759,19122,47,525,49,1,15,342,332,8,2,0,0,15964,15803,15343,22,343,38,0,57,161,154,5,2,0,0,15964,182,15782,15631,15239,22,326,37,0,7,151,146,3,2,0,0,14622,8661,5961
Isanti County,MN,50,2,4,27,59,1128701342,41083223,37816,15321,45.5624313,-93.2963388,37816,37200,36319,245,174,309,19,134,616,578,135,258,137,2,24,9,2,0,4,0,0,0,1,3,3,36,2,0,0,37816,582,37234,36683,35958,228,163,302,12,20,551,517,32,2,0,0,28011,27760,27173,152,128,203,11,93,251,234,16,1,0,0,28011,311,27700,27466,26976,143,124,200,7,16,234,219,14,1,0,0,15321,13972,1349
Itasca County,MN,50,2,4,27,61,6909367239,674021189,45058,27065,47.4908429,-93.6131284,45058,44135,42195,144,1568,142,12,74,923,887,129,594,76,17,34,24,2,0,1,2,0,5,0,2,1,36,0,0,0,45058,417,44641,43793,41951,136,1541,142,12,11,848,818,30,0,0,0,35222,34789,33500,80,1045,98,6,60,433,423,10,0,0,0,35222,235,34987,34585,33358,77,1037,98,6,9,402,393,9,0,0,0,27065,18773,8292
Jackson County,MN,50,2,4,27,63,1820713972,42095902,10266,4990,43.6730254,-95.149704,10266,10162,9830,47,24,140,1,120,104,102,31,21,40,1,6,0,0,0,0,0,0,0,1,2,0,2,0,0,0,10266,277,9989,9904,9701,47,15,136,0,5,85,83,2,0,0,0,7946,7911,7699,32,11,99,0,70,35,34,1,0,0,0,7946,140,7806,7781,7639,32,10,97,0,3,25,24,1,0,0,0,4990,4429,561
Kanabec County,MN,50,2,4,27,65,1350902712,31329476,16239,7849,45.9477598,-93.2977883,16239,15989,15754,55,90,53,3,34,250,239,42,131,35,3,17,7,1,0,1,1,1,0,0,0,0,10,1,0,0,16239,214,16025,15801,15606,52,84,53,3,3,224,213,10,1,0,0,12343,12233,12069,30,73,38,2,21,110,103,6,1,0,0,12343,100,12243,12143,12002,29,70,38,2,2,100,93,6,1,0,0,7849,6413,1436
Kandiyohi County,MN,50,2,4,27,67,2063662339,169818708,42239,19476,45.1527137,-95.0049812,42239,41732,39206,984,130,172,19,1221,507,476,103,124,92,4,112,10,2,3,2,1,0,8,2,8,5,26,4,1,0,42239,4710,37529,37233,35964,952,107,167,16,27,296,283,13,0,0,0,32082,31881,30328,577,85,125,10,756,201,190,10,1,0,0,32082,2639,29443,29316,28543,559,71,123,7,13,127,120,7,0,0,0,19476,16732,2744
Kittson County,MN,50,2,4,27,69,2845889450,12431026,4552,2605,48.7760403,-96.7803493,4552,4527,4484,11,4,16,0,12,25,23,3,7,7,1,3,0,0,0,0,0,0,0,0,2,0,2,0,0,0,4552,69,4483,4463,4434,11,4,14,0,0,20,19,1,0,0,0,3568,3555,3533,1,4,8,0,9,13,13,0,0,0,0,3568,42,3526,3516,3504,1,4,7,0,0,10,10,0,0,0,0,2605,1986,619
Koochiching County,MN,50,2,4,27,71,8039503592,129375868,13311,7900,48.2454895,-93.7828417,13311,13054,12593,78,311,44,3,25,257,252,34,155,15,6,23,7,1,0,2,3,0,6,0,0,0,5,0,0,0,13311,147,13164,12940,12512,76,303,44,1,4,224,220,4,0,0,0,10529,10396,10056,61,223,35,3,18,133,130,3,0,0,0,10529,85,10444,10323,10007,59,218,35,1,3,121,119,2,0,0,0,7900,5874,2026
Lac qui Parle County,MN,50,2,4,27,73,1981394636,33643153,7259,3692,44.999855,-96.1768363,7259,7198,7087,17,17,29,3,45,61,58,16,16,11,2,7,1,0,0,0,0,0,0,1,3,1,0,3,0,0,7259,108,7151,7099,7040,17,10,29,2,1,52,49,0,3,0,0,5725,5705,5634,9,9,22,3,28,20,20,0,0,0,0,5725,65,5660,5645,5604,9,8,22,2,0,15,15,0,0,0,0,3692,3155,537
Lake County,MN,50,2,4,27,75,5463040779,2282654608,10866,7681,47.5171114,-91.4117038,10866,10729,10616,16,51,31,0,15,137,131,19,80,9,7,5,3,5,3,0,0,0,0,0,0,0,6,0,0,0,10866,80,10786,10657,10558,16,50,31,0,2,129,123,6,0,0,0,8799,8718,8636,11,39,20,0,12,81,77,4,0,0,0,8799,51,8748,8671,8601,11,38,20,0,1,77,73,4,0,0,0,7681,4825,2856
Lake of the Woods County,MN,50,2,4,27,77,3361466280,1234895902,4045,3672,48.7681003,-94.9046335,4045,3962,3874,14,28,33,0,13,83,79,6,48,11,0,8,1,0,0,0,5,0,0,0,0,0,4,0,0,0,4045,35,4010,3937,3863,13,27,32,0,2,73,69,4,0,0,0,3231,3195,3139,5,17,25,0,9,36,36,0,0,0,0,3231,23,3208,3176,3130,5,16,24,0,1,32,32,0,0,0,0,3672,1784,1888
Le Sueur County,MN,50,2,4,27,79,1162284309,64870726,27703,12416,44.3733973,-93.7301797,27703,27394,26443,94,81,161,5,610,309,290,44,96,66,1,69,5,0,1,1,0,0,5,0,2,0,19,0,0,0,27703,1444,26259,26032,25691,88,72,159,5,17,227,212,15,0,0,0,20651,20524,19935,59,57,106,5,362,127,121,6,0,0,0,20651,774,19877,19778,19551,55,55,104,5,8,99,93,6,0,0,0,12416,10758,1658
Lincoln County,MN,50,2,4,27,81,1390192941,30240167,5896,3108,44.4082382,-96.2720323,5896,5851,5777,8,9,14,0,43,45,39,8,9,6,2,8,0,1,0,0,0,0,0,0,2,3,6,0,0,0,5896,72,5824,5787,5749,8,8,14,0,8,37,32,5,0,0,0,4580,4561,4515,6,7,7,0,26,19,17,2,0,0,0,4580,45,4535,4521,4498,6,6,7,0,4,14,13,1,0,0,0,3108,2574,534
Lyon County,MN,50,2,4,27,83,1850698900,18410959,25857,11098,44.4091953,-95.8472678,25857,25455,23360,587,114,679,7,708,402,385,130,84,65,5,50,0,19,1,4,7,2,7,2,9,0,17,0,0,0,25857,1541,24316,24002,22637,575,82,677,6,25,314,301,13,0,0,0,19592,19440,18035,397,83,492,5,428,152,145,7,0,0,0,19592,902,18690,18574,17616,393,58,490,5,12,116,110,6,0,0,0,11098,10227,871
McLeod County,MN,50,2,4,27,85,1272903896,36406906,36651,15760,44.8216437,-94.2723203,36651,36290,35159,199,101,267,17,547,361,342,96,80,79,4,64,1,5,0,3,2,0,1,1,6,0,19,0,0,0,36651,1811,34840,34561,34005,184,81,265,16,10,279,267,12,0,0,0,27386,27238,26541,121,66,181,9,320,148,143,5,0,0,0,27386,947,26439,26322,25957,115,55,179,9,7,117,116,1,0,0,0,15760,14639,1121
Mahnomen County,MN,50,2,4,27,87,1444896195,64838188,5413,2786,47.3258424,-95.8107032,5413,4946,2713,11,2215,3,1,3,467,461,3,438,0,0,0,16,0,0,2,1,0,1,0,0,0,6,0,0,0,5413,99,5314,4861,2698,11,2148,3,1,0,453,447,6,0,0,0,3827,3550,2222,7,1316,2,1,2,277,277,0,0,0,0,3827,40,3787,3516,2215,7,1291,2,1,0,271,271,0,0,0,0,2786,2019,767
Marshall County,MN,50,2,4,27,89,4597404993,98000478,9439,4812,48.3627284,-96.357761,9439,9358,9119,26,43,19,3,148,81,79,12,43,7,1,9,0,0,0,0,0,0,1,1,5,0,2,0,0,0,9439,337,9102,9039,8952,25,43,18,0,1,63,61,2,0,0,0,7213,7182,7034,12,25,11,0,100,31,31,0,0,0,0,7213,190,7023,7000,6952,11,25,11,0,1,23,23,0,0,0,0,4812,3981,831
Martin County,MN,50,2,4,27,91,1844971122,44621825,20840,10009,43.677118,-94.5371975,20840,20652,20142,64,59,104,6,277,188,179,46,34,32,1,54,0,0,0,5,0,0,1,0,5,1,9,0,0,0,20840,744,20096,19994,19766,62,54,103,5,4,102,100,2,0,0,0,16208,16115,15782,33,36,72,6,186,93,91,2,0,0,0,16208,439,15769,15717,15574,32,33,71,5,2,52,51,1,0,0,0,10009,9035,974
Meeker County,MN,50,2,4,27,93,1575174983,94784627,23300,10674,45.1231555,-94.527346,23300,23128,22663,77,44,59,13,272,172,165,47,50,25,2,35,1,0,0,2,0,1,0,0,2,0,7,0,0,0,23300,767,22533,22410,22233,68,33,59,9,8,123,121,2,0,0,0,17380,17316,17033,32,31,43,3,174,64,62,2,0,0,0,17380,407,16973,16920,16816,30,25,43,3,3,53,52,1,0,0,0,10674,9176,1498
Mille Lacs County,MN,50,2,4,27,95,1482276069,283011102,26097,12750,45.9290434,-93.6329964,26097,25614,23778,97,1571,83,7,78,483,466,87,267,56,4,33,10,2,0,0,3,1,3,0,0,0,17,0,0,0,26097,377,25720,25304,23582,96,1534,79,2,11,416,400,16,0,0,0,19482,19269,18162,47,948,57,5,50,213,207,6,0,0,0,19482,205,19277,19095,18049,46,936,55,2,7,182,176,6,0,0,0,12750,10166,2584
Morrison County,MN,50,2,4,27,97,2913897170,73362648,33198,15731,46.0204839,-94.2666194,33198,32839,32426,131,66,101,11,104,359,324,72,167,43,6,29,2,0,0,0,3,0,0,2,0,0,26,7,2,0,33198,402,32796,32475,32174,122,61,101,9,8,321,291,21,7,2,0,25033,24878,24614,75,51,63,6,69,155,140,12,3,0,0,25033,236,24797,24653,24463,68,49,63,6,4,144,130,11,3,0,0,15731,13080,2651
Mower County,MN,50,2,4,27,99,1842332613,617163,39163,17027,43.6662486,-92.7595136,39163,38435,35495,818,97,649,40,1336,728,689,198,99,121,8,174,5,8,0,37,0,0,8,4,21,6,38,1,0,0,39163,4138,35025,34530,32975,791,62,636,36,30,495,462,33,0,0,0,29280,29013,27230,442,61,470,27,783,267,254,12,1,0,0,29280,2309,26971,26800,25831,426,45,462,24,12,171,161,10,0,0,0,17027,15828,1199
Murray County,MN,50,2,4,27,101,1825169529,38332592,8725,4556,44.0155937,-95.7615809,8725,8654,8435,25,11,78,2,103,71,69,16,27,11,0,11,0,0,0,0,0,1,2,1,0,0,2,0,0,0,8725,242,8483,8435,8326,20,11,78,0,0,48,47,1,0,0,0,6791,6759,6631,10,8,48,1,61,32,30,2,0,0,0,6791,136,6655,6631,6567,8,8,48,0,0,24,23,1,0,0,0,4556,3717,839
Nicollet County,MN,50,2,4,27,103,1161593168,47263601,32727,12873,44.3588195,-94.245685,32727,32261,30666,667,99,431,1,397,466,437,124,102,114,3,64,8,5,0,1,1,1,5,6,2,1,29,0,0,0,32727,1226,31501,31121,29944,658,74,429,1,15,380,355,25,0,0,0,25344,25141,24020,424,76,337,1,283,203,191,12,0,0,0,25344,737,24607,24438,23612,419,61,335,1,10,169,160,9,0,0,0,12873,12201,672
Nobles County,MN,50,2,4,27,105,1852116504,19298885,21378,8535,43.6776863,-95.7631323,21378,20984,16206,743,111,1168,10,2746,394,375,51,56,80,8,119,5,11,1,16,8,0,2,2,15,1,18,1,0,0,21378,4820,16558,16335,14365,727,67,1144,7,25,223,209,13,1,0,0,15895,15709,12619,495,66,804,6,1719,186,178,8,0,0,0,15895,2880,13015,12920,11592,480,40,792,4,12,95,87,8,0,0,0,8535,7946,589
Norman County,MN,50,2,4,27,107,2260512228,10208292,6852,3421,47.3294703,-96.4638068,6852,6694,6455,13,109,25,0,92,158,155,12,108,12,2,10,7,0,1,0,0,0,2,0,1,0,3,0,0,0,6852,276,6576,6433,6293,11,100,25,0,4,143,140,3,0,0,0,5186,5108,4946,4,80,15,0,63,78,77,1,0,0,0,5186,160,5026,4956,4859,4,76,15,0,2,70,69,1,0,0,0,3421,2863,558
Olmsted County,MN,50,2,4,27,109,1692165422,3755969,144248,60495,44.0034295,-92.4067216,144248,141067,123605,6870,353,7806,65,2368,3181,2978,907,357,968,42,284,53,73,5,147,19,0,13,19,84,7,191,12,0,0,144248,6081,138167,135470,120348,6751,297,7771,57,246,2697,2532,163,2,0,0,107808,106648,95199,4200,275,5468,46,1460,1160,1068,85,7,0,0,107808,3656,104152,103202,93207,4136,231,5451,43,134,950,874,74,2,0,0,60495,57080,3415
Otter Tail County,MN,50,2,4,27,111,5107632889,653895064,57303,35594,46.405725,-95.7145779,57303,56604,55080,430,279,271,34,510,699,667,111,309,113,19,79,9,1,4,6,1,1,3,1,10,0,31,1,0,0,57303,1490,55813,55233,54244,422,261,264,29,13,580,555,24,1,0,0,44846,44528,43555,227,209,187,18,332,318,304,13,1,0,0,44846,852,43994,43720,43092,222,201,182,16,7,274,264,9,1,0,0,35594,24055,11539
Pennington County,MN,50,2,4,27,113,1596909321,4351512,13930,6297,48.069247,-96.0377254,13930,13681,13067,192,213,87,1,121,249,242,52,128,39,0,18,4,0,0,0,1,0,0,0,0,0,7,0,0,0,13930,380,13550,13334,12867,181,193,86,1,6,216,210,6,0,0,0,10619,10517,10109,118,146,65,1,78,102,100,2,0,0,0,10619,196,10423,10330,10010,114,138,64,1,3,93,91,2,0,0,0,6297,5836,461
Pine County,MN,50,2,4,27,115,3655220961,60267678,29750,17276,46.1009402,-92.7630936,29750,29192,27347,597,921,131,8,188,558,530,118,265,69,11,28,18,4,0,6,3,0,2,4,2,0,26,2,0,0,29750,723,29027,28531,26924,576,890,129,8,4,496,470,24,2,0,0,23151,22876,21406,560,642,109,8,151,275,263,12,0,0,0,23151,525,22626,22381,21099,541,624,107,8,2,245,234,11,0,0,0,17276,11373,5903
Pipestone County,MN,50,2,4,27,117,1204486122,2349264,9596,4483,44.0153614,-96.2570147,9596,9416,8975,56,100,69,0,216,180,168,31,90,17,0,12,2,0,0,8,2,0,4,0,2,0,12,0,0,0,9596,355,9241,9102,8880,52,96,69,0,5,139,129,10,0,0,0,7205,7133,6854,31,75,54,0,119,72,69,3,0,0,0,7205,195,7010,6952,6798,27,72,54,0,1,58,56,2,0,0,0,4483,4054,429
Polk County,MN,50,2,4,27,119,5105199042,69042023,31600,14610,47.7742536,-96.4000266,31600,30935,29495,270,453,218,2,497,665,650,91,340,62,14,92,18,11,0,2,4,0,13,1,0,2,14,1,0,0,31600,1720,29880,29379,28497,248,413,210,2,9,501,492,9,0,0,0,24079,23787,22809,179,306,172,1,320,292,284,7,1,0,0,24079,966,23113,22879,22256,162,286,170,1,4,234,228,6,0,0,0,14610,12704,1906
Pope County,MN,50,2,4,27,121,1734549440,122740995,10995,6435,45.5896228,-95.4467052,10995,10898,10766,38,24,39,2,29,97,93,30,38,9,2,9,5,0,0,0,0,0,0,0,0,0,1,3,0,0,10995,95,10900,10818,10720,35,22,39,2,0,82,80,1,1,0,0,8658,8616,8538,18,16,23,2,19,42,40,0,2,0,0,8658,49,8609,8573,8517,16,15,23,2,0,36,35,0,1,0,0,6435,4736,1699
Ramsey County,MN,50,2,4,27,123,394228284,46271710,508640,217197,45.0152499,-93.1001408,508640,491084,356547,56170,4043,59301,247,14776,17556,15761,5895,2613,3034,112,1441,891,360,102,351,161,10,166,204,362,59,1674,110,10,1,508640,36483,472157,458137,340194,54835,3143,59033,195,737,14020,12689,1273,51,7,0,390147,382209,296079,36450,2866,37205,179,9430,7938,7222,659,47,9,1,390147,22447,367700,361269,285549,35749,2340,37060,142,429,6431,5875,525,25,6,0,217197,202691,14506
Red Lake County,MN,50,2,4,27,125,1119929367,227816,4089,1948,47.8654866,-96.08718,4089,4029,3934,8,52,4,4,27,60,55,15,29,5,0,3,0,0,0,0,0,0,3,0,0,0,5,0,0,0,4089,101,3988,3939,3876,7,52,4,0,0,49,46,3,0,0,0,3082,3063,3013,3,32,2,1,12,19,19,0,0,0,0,3082,46,3036,3019,2982,3,32,2,0,0,17,17,0,0,0,0,1948,1737,211
Redwood County,MN,50,2,4,27,127,2275491832,8230403,16059,7272,44.4035357,-95.2542415,16059,15744,14305,75,796,507,2,59,315,300,21,176,48,3,9,23,0,0,0,3,2,4,0,11,0,15,0,0,0,16059,335,15724,15443,14119,71,744,504,2,3,281,267,14,0,0,0,12042,11920,11119,42,464,261,2,32,122,118,4,0,0,0,12042,160,11882,11770,11028,40,440,259,2,1,112,108,4,0,0,0,7272,6580,692
Renville County,MN,50,2,4,27,129,2545715384,10851943,15730,7355,44.7236969,-94.9556169,15730,15565,15014,44,91,54,6,356,165,157,42,73,25,3,12,1,0,0,0,1,0,0,0,0,0,8,0,0,0,15730,1046,14684,14534,14351,40,76,54,4,9,150,142,8,0,0,0,12074,11997,11670,26,57,37,2,205,77,75,2,0,0,0,12074,547,11527,11455,11338,24,48,37,2,6,72,70,2,0,0,0,7355,6564,791
Rice County,MN,50,2,4,27,131,1283814887,52450706,64142,24453,44.3509428,-93.2985032,64142,62979,57275,2072,300,1314,40,1978,1163,1086,285,162,291,15,260,14,12,4,11,5,1,2,4,14,6,69,8,0,0,64142,5122,59020,58218,54566,2021,247,1289,38,57,802,741,59,2,0,0,48979,48431,44333,1592,241,1044,27,1194,548,516,30,2,0,0,48979,3042,45937,45554,42705,1555,207,1027,26,34,383,359,23,1,0,0,24453,22315,2138
Rock County,MN,50,2,4,27,133,1249552632,698235,9687,4262,43.6695866,-96.2632376,9687,9568,9365,59,34,53,1,56,119,114,27,31,31,11,7,2,2,0,0,1,1,0,0,1,0,4,1,0,0,9687,197,9490,9386,9239,58,31,53,1,4,104,99,4,1,0,0,7184,7144,7014,40,20,35,1,34,40,39,1,0,0,0,7184,97,7087,7050,6952,40,19,35,1,3,37,36,1,0,0,0,4262,3918,344
Roseau County,MN,50,2,4,27,135,4329428887,16925618,15629,7469,48.7610655,-95.8215298,15629,15419,14767,39,201,392,3,17,210,197,30,106,35,2,11,1,1,0,0,3,1,0,2,5,0,13,0,0,0,15629,116,15513,15323,14696,37,199,385,3,3,190,180,10,0,0,0,11525,11452,11023,20,137,256,2,14,73,67,6,0,0,0,11525,59,11466,11397,10987,18,135,253,2,2,69,65,4,0,0,0,7469,6300,1169
St. Louis County,MN,50,2,4,27,137,16180692391,1585336402,200226,103058,47.5838524,-92.4636448,200226,195711,186212,2739,4477,1774,64,445,4515,4216,1125,2055,588,46,162,131,25,2,20,17,5,7,16,16,1,282,11,6,0,200226,2409,197817,193649,184769,2688,4277,1760,60,95,4168,3913,239,10,6,0,160667,158427,151676,1880,3120,1433,40,278,2240,2140,92,6,2,0,160667,1464,159203,157113,150740,1849,3024,1422,36,42,2090,2004,79,5,2,0,103058,84783,18275
Scott County,MN,50,2,4,27,139,923268376,30838423,129928,47124,44.6519322,-93.534553,129928,126990,112212,3376,1072,7347,97,2886,2938,2769,698,600,762,37,330,43,55,6,25,34,4,33,28,95,19,162,7,0,0,129928,5771,124157,121723,109816,3298,969,7303,94,243,2434,2298,133,3,0,0,90700,89616,80188,1964,729,4916,56,1763,1084,1027,54,3,0,0,90700,3304,87396,86519,78849,1915,678,4887,56,134,877,831,46,0,0,0,47124,45108,2016
Sherburne County,MN,50,2,4,27,141,1121251072,46945726,88499,32379,45.4431712,-93.7750915,88499,86999,83211,1689,439,1131,18,511,1500,1411,474,426,332,13,95,24,12,4,4,6,1,2,7,9,2,86,3,0,0,88499,1941,86558,85222,81983,1644,389,1126,18,62,1336,1260,74,2,0,0,62722,62181,59502,1197,329,847,13,293,541,511,28,2,0,0,62722,1139,61583,61097,58735,1168,303,844,13,34,486,462,23,1,0,0,32379,30212,2167
Sibley County,MN,50,2,4,27,143,1524931233,30410849,15226,6582,44.5757343,-94.2301232,15226,15046,14430,48,30,85,2,451,180,177,48,40,55,3,23,0,0,0,0,0,0,7,0,0,1,2,1,0,0,15226,1098,14128,13990,13835,41,22,80,2,10,138,137,0,1,0,0,11323,11261,10917,29,13,54,2,246,62,59,2,1,0,0,11323,571,10752,10710,10621,23,9,52,2,3,42,41,0,1,0,0,6582,6034,548
Stearns County,MN,50,2,4,27,145,3478697697,121259844,150642,61974,45.5552345,-94.6104822,150642,148307,138262,4658,473,2982,61,1871,2335,2169,799,418,516,23,251,31,29,18,36,10,0,3,9,17,9,158,8,0,0,150642,4190,146452,144495,136414,4595,392,2949,38,107,1957,1823,131,3,0,0,115742,114807,108064,2904,323,2349,42,1125,935,860,69,6,0,0,115742,2390,113352,112574,106999,2876,290,2328,28,53,778,716,59,3,0,0,61974,56232,5742
Steele County,MN,50,2,4,27,147,1112775578,6976790,36576,15343,44.0152607,-93.2204527,36576,36066,34038,1013,86,281,8,640,510,496,168,102,94,6,97,5,3,0,11,1,0,4,0,4,1,14,0,0,0,36576,2282,34294,33917,32544,1003,66,278,8,18,377,370,7,0,0,0,26926,26744,25607,520,61,187,6,363,182,179,3,0,0,0,26926,1214,25712,25589,24829,516,49,186,6,3,123,120,3,0,0,0,15343,14330,1013
Stevens County,MN,50,2,4,27,149,1459726518,30342360,9726,4160,45.5934609,-95.9923145,9726,9555,9110,76,89,146,5,129,171,162,28,91,23,0,14,0,0,0,1,2,1,1,0,1,0,9,0,0,0,9726,337,9389,9237,8931,75,81,146,1,3,152,143,9,0,0,0,7689,7576,7215,61,74,126,2,98,113,108,5,0,0,0,7689,246,7443,7337,7080,60,67,126,1,3,106,101,5,0,0,0,4160,3726,434
Swift County,MN,50,2,4,27,151,1921985452,26172205,9783,4835,45.2754495,-95.6903976,9783,9691,9453,49,36,21,3,129,92,78,35,21,1,1,15,2,0,0,0,0,0,3,0,0,0,14,0,0,0,9783,350,9433,9373,9271,48,30,21,3,0,60,53,7,0,0,0,7600,7569,7420,27,27,13,2,80,31,27,4,0,0,0,7600,201,7399,7377,7315,26,21,13,2,0,22,19,3,0,0,0,4835,4236,599
Todd County,MN,50,2,4,27,153,2447491054,89402110,24895,12917,46.0665694,-94.9005758,24895,24571,23727,94,87,103,44,516,324,298,81,108,49,9,37,4,0,1,4,0,0,0,1,4,0,24,2,0,0,24895,1288,23607,23348,23052,73,71,102,38,12,259,241,16,2,0,0,18685,18543,18015,60,57,75,33,303,142,135,7,0,0,0,18685,687,17998,17878,17671,46,48,74,30,9,120,114,6,0,0,0,12917,9756,3161
Traverse County,MN,50,2,4,27,155,1486399478,30952260,3558,2073,45.76984,-96.4750489,3558,3518,3352,13,139,4,1,9,40,35,4,23,1,2,1,3,0,0,0,1,0,0,0,0,0,5,0,0,0,3558,50,3508,3471,3324,12,129,4,1,1,37,33,4,0,0,0,2780,2760,2654,10,88,3,1,4,20,19,1,0,0,0,2780,28,2752,2734,2637,9,84,3,1,0,18,17,1,0,0,0,2073,1524,549
Wabasha County,MN,50,2,4,27,157,1354518312,68982638,21676,9997,44.289693,-92.2333405,21676,21461,21000,80,38,97,1,245,215,198,53,65,43,1,27,1,0,0,8,0,0,0,0,0,0,17,0,0,0,21676,592,21084,20922,20712,80,29,93,1,7,162,147,15,0,0,0,16623,16530,16224,46,27,73,1,159,93,88,5,0,0,0,16623,344,16279,16204,16057,46,23,71,1,6,75,71,4,0,0,0,9997,8822,1175
Wadena County,MN,50,2,4,27,159,1388928925,18038953,13843,6899,46.5867841,-94.9883305,13843,13632,13380,111,65,36,0,40,211,187,43,100,21,1,8,6,4,0,0,0,1,3,0,0,0,24,0,0,0,13843,176,13667,13472,13262,109,64,36,0,1,195,171,24,0,0,0,10517,10426,10262,72,47,23,0,22,91,83,8,0,0,0,10517,88,10429,10343,10203,71,46,23,0,0,86,78,8,0,0,0,6899,5705,1194
Waseca County,MN,50,2,4,27,161,1096487773,24907919,19136,7903,44.0184598,-93.5898443,19136,18844,17933,380,148,128,5,250,292,282,100,46,38,5,68,5,1,0,10,0,1,2,4,2,0,10,0,0,0,19136,985,18151,17947,17308,371,129,127,4,8,204,196,8,0,0,0,14613,14464,13754,320,136,84,5,165,149,143,6,0,0,0,14613,644,13969,13883,13355,313,124,83,4,4,86,82,4,0,0,0,7903,7281,622
Washington County,MN,50,2,4,27,163,995285532,99618899,238136,92374,45.037929,-92.890117,238136,233127,209012,8579,1088,12071,77,2300,5009,4652,1599,881,1298,69,375,78,66,6,55,34,3,36,55,84,13,334,23,0,0,238136,8127,230009,225769,204111,8376,973,12023,72,214,4240,3977,256,7,0,0,174538,172644,157094,5536,810,7797,63,1344,1894,1753,129,12,0,0,174538,4648,169890,168303,154217,5431,743,7757,60,95,1587,1481,102,4,0,0,92374,87859,4515
Watonwan County,MN,50,2,4,27,165,1126508610,12386100,11211,5047,43.9783661,-94.6141282,11211,11079,9740,82,48,89,2,1118,132,131,24,14,23,1,42,2,0,0,13,1,0,5,1,3,2,0,0,1,0,11211,2338,8873,8820,8632,74,22,86,2,4,53,52,0,0,1,0,8403,8345,7553,43,28,70,2,649,58,57,0,0,1,0,8403,1291,7112,7089,6964,41,13,68,2,1,23,22,0,0,1,0,5047,4520,527
Wilkin County,MN,50,2,4,27,167,1944970552,550670,6576,3078,46.3623354,-96.476657,6576,6505,6381,15,64,18,0,27,71,70,18,37,6,2,6,0,0,0,0,0,0,0,0,1,0,1,0,0,0,6576,130,6446,6384,6294,13,59,18,0,0,62,61,1,0,0,0,5002,4969,4892,6,41,11,0,19,33,33,0,0,0,0,5002,68,4934,4903,4849,5,38,11,0,0,31,31,0,0,0,0,3078,2690,388
Winona County,MN,50,2,4,27,169,1621864753,39825401,51461,20760,43.9822682,-91.7767076,51461,50860,48573,650,133,1101,2,401,601,576,188,150,117,13,81,4,5,0,2,2,0,1,7,5,1,22,2,1,0,51461,1244,50217,49712,47828,642,116,1097,2,27,505,485,19,1,0,0,41492,41184,39532,431,101,846,2,272,308,298,7,2,1,0,41492,791,40701,40438,39059,423,89,844,2,21,263,255,7,1,0,0,20760,19554,1206
Wright County,MN,50,2,4,27,171,1713164762,136781631,124700,49000,45.1750914,-93.9663965,124700,122794,118518,1328,419,1478,44,1007,1906,1806,632,390,473,28,197,26,6,0,6,8,0,10,10,18,2,94,3,3,0,124700,3052,121648,120047,116786,1286,397,1459,42,77,1601,1518,78,2,3,0,87339,86698,84022,772,286,988,26,604,641,603,34,1,3,0,87339,1683,85656,85109,83041,753,273,979,26,37,547,516,27,1,3,0,49000,44473,4527
Yellow Medicine County,MN,50,2,4,27,173,1966062753,10685860,10438,4760,44.7157358,-95.862756,10438,10313,9806,16,314,33,6,138,125,114,21,65,11,3,9,4,1,0,0,0,0,0,0,0,0,8,3,0,0,10438,397,10041,9937,9581,15,301,30,2,8,104,96,8,0,0,0,7963,7914,7610,9,203,19,4,69,49,45,4,0,0,0,7963,193,7770,7726,7498,9,195,17,2,5,44,40,4,0,0,0,4760,4292,468
Adams County,MS,50,3,6,28,1,1197628202,65113803,32297,14656,31.4862176,-91.3517814,32297,31851,13793,17287,104,127,4,536,446,405,118,56,19,6,96,34,20,5,41,1,2,6,0,1,0,38,1,2,0,32297,2150,30147,29863,12485,17150,76,126,3,23,284,262,20,0,2,0,25102,24790,11661,12446,76,110,3,494,312,285,24,1,2,0,25102,2042,23060,22900,10395,12326,49,109,2,19,160,148,10,0,2,0,14656,12643,2013
Alcorn County,MS,50,3,6,28,3,1036092671,3425827,37057,17077,34.8866484,-88.5810139,37057,36680,31656,4221,77,117,8,601,377,359,137,121,27,2,53,5,4,1,8,0,0,1,0,0,0,18,0,0,0,37057,1010,36047,35733,31313,4209,62,116,5,28,314,297,17,0,0,0,28036,27846,24364,2928,62,80,7,405,190,180,10,0,0,0,28036,668,27368,27206,24137,2923,47,79,5,15,162,152,10,0,0,0,17077,15039,2038
Amite County,MS,50,3,6,28,5,1890950982,3877858,13131,6635,31.2039333,-90.7955421,13131,13058,7574,5427,22,12,1,22,73,68,18,21,4,1,0,4,13,3,3,1,0,0,0,0,0,4,1,0,0,13131,110,13021,12951,7516,5396,22,12,1,4,70,65,4,1,0,0,10176,10124,6040,4046,18,8,1,11,52,49,2,1,0,0,10176,70,10106,10057,6004,4026,18,8,1,0,49,46,2,1,0,0,6635,5351,1284
Attala County,MS,50,3,6,28,7,1903594473,4421428,19564,9126,33.0904703,-89.5886221,19564,19443,11000,8208,44,54,4,133,121,103,32,19,13,1,19,13,4,0,1,0,0,0,0,1,0,17,1,0,0,19564,323,19241,19144,10866,8180,35,53,4,6,97,82,15,0,0,0,14478,14420,8534,5726,34,38,3,85,58,47,10,1,0,0,14478,191,14287,14243,8459,5710,29,38,3,4,44,36,8,0,0,0,9126,7619,1507
Benton County,MS,50,3,6,28,9,1053131367,5279205,8729,4186,34.8107726,-89.2000291,8729,8641,5284,3252,25,6,2,72,88,82,16,31,2,0,15,11,0,0,4,0,0,0,2,0,1,6,0,0,0,8729,148,8581,8515,5229,3244,25,6,1,10,66,62,4,0,0,0,6572,6525,4134,2322,21,4,2,42,47,43,4,0,0,0,6572,81,6491,6448,4100,2314,21,4,1,8,43,39,4,0,0,0,4186,3404,782
Bolivar County,MS,50,3,6,28,11,2270314566,75742120,34145,14070,33.799278,-90.8844762,34145,33932,11446,21920,42,189,11,324,213,200,59,27,26,5,17,32,9,2,3,0,0,0,8,10,2,13,0,0,0,34145,639,33506,33329,11241,21839,38,186,10,15,177,171,6,0,0,0,25502,25380,9417,15556,34,144,11,218,122,116,6,0,0,0,25502,437,25065,24963,9270,15500,30,142,10,11,102,98,4,0,0,0,14070,12727,1343
Calhoun County,MS,50,3,6,28,13,1519218090,3590400,14962,6913,33.9366339,-89.3371142,14962,14791,10096,4149,17,16,2,511,171,171,71,39,8,0,28,15,2,2,4,0,0,1,1,0,0,0,0,0,0,14962,805,14157,14014,9851,4128,17,15,2,1,143,143,0,0,0,0,11223,11151,7900,2931,15,12,0,293,72,72,0,0,0,0,11223,456,10767,10703,7757,2920,15,11,0,0,64,64,0,0,0,0,6913,5988,925
Carroll County,MS,50,3,6,28,15,1627140835,16426885,10597,5052,33.4407948,-89.918887,10597,10500,6956,3461,15,20,0,48,97,92,27,25,10,1,5,9,3,5,6,1,0,0,0,0,0,2,2,0,1,10597,106,10491,10408,6927,3444,15,19,0,3,83,81,1,1,0,0,8314,8256,5603,2600,10,17,0,26,58,54,2,1,0,1,8314,70,8244,8194,5581,2586,10,16,0,1,50,48,1,1,0,0,5052,4188,864
Chickasaw County,MS,50,3,6,28,17,1299602163,6388917,17392,7514,33.9216539,-88.9458075,17392,17225,9386,7319,23,53,2,442,167,161,54,28,11,3,29,11,5,1,11,1,0,0,0,3,4,6,0,0,0,17392,643,16749,16619,9254,7292,22,43,1,7,130,125,5,0,0,0,12820,12745,7297,5114,19,41,2,272,75,69,6,0,0,0,12820,386,12434,12374,7224,5095,18,34,1,2,60,55,5,0,0,0,7514,6639,875
Choctaw County,MS,50,3,6,28,19,1083074478,4345757,8547,4150,33.3459637,-89.2513319,8547,8455,5846,2574,16,8,1,10,92,82,29,30,8,0,5,3,3,2,0,1,0,0,0,1,0,7,3,0,0,8547,76,8471,8395,5803,2571,10,8,1,2,76,69,7,0,0,0,6470,6425,4529,1867,14,8,1,6,45,36,6,3,0,0,6470,45,6425,6392,4507,1864,10,8,1,2,33,27,6,0,0,0,4150,3446,704
Claiborne County,MS,50,3,6,28,21,1262375165,35735962,9604,4223,31.9728096,-90.9154239,9604,9549,1367,8104,9,40,0,29,55,48,16,7,2,1,5,10,2,4,0,0,0,0,1,0,0,7,0,0,0,9604,74,9530,9480,1353,8072,9,40,0,6,50,43,7,0,0,0,7335,7288,1182,6042,8,29,0,27,47,40,7,0,0,0,7335,70,7265,7222,1168,6012,8,29,0,5,43,36,7,0,0,0,4223,3440,783
Clarke County,MS,50,3,6,28,23,1791117740,5129339,16732,7876,32.0484478,-88.6859638,16732,16633,10741,5759,60,29,1,43,99,97,40,23,7,0,9,5,1,11,1,0,0,0,0,0,0,2,0,0,0,16732,132,16600,16518,10674,5749,59,29,1,6,82,80,2,0,0,0,12604,12559,8477,4006,29,21,1,25,45,44,1,0,0,0,12604,79,12525,12486,8434,4002,28,21,1,0,39,38,1,0,0,0,7876,6733,1143
Clay County,MS,50,3,6,28,25,1062093753,15355523,20634,9180,33.6617336,-88.7833258,20634,20514,8350,12017,27,46,2,72,120,107,30,19,7,2,7,24,13,1,3,0,0,0,0,1,0,9,1,3,0,20634,199,20435,20341,8276,11977,27,45,2,14,94,85,6,0,3,0,15332,15258,6765,8392,21,31,2,47,74,62,9,0,3,0,15332,146,15186,15132,6713,8359,21,30,2,7,54,45,6,0,3,0,9180,8029,1151
Coahoma County,MS,50,3,6,28,27,1430818231,79539470,26151,10792,34.2286699,-90.603165,26151,26019,5989,19752,23,123,4,128,132,115,39,4,10,1,12,18,17,1,7,0,0,0,0,2,4,15,2,0,0,26151,293,25858,25761,5918,19698,20,114,4,7,97,89,7,1,0,0,18487,18410,4956,13264,17,89,2,82,77,63,12,2,0,0,18487,202,18285,18229,4903,13225,14,84,2,1,56,50,5,1,0,0,10792,9461,1331
Copiah County,MS,50,3,6,28,29,2013052970,5751013,29449,12184,31.8669151,-90.4487578,29449,29224,13627,14983,58,90,4,462,225,202,82,33,20,0,17,20,9,14,4,2,0,1,0,0,0,23,0,0,0,29449,773,28676,28481,13399,14924,51,89,3,15,195,177,18,0,0,0,22065,21949,10899,10600,43,73,4,330,116,99,17,0,0,0,22065,526,21539,21438,10753,10559,40,72,3,11,101,89,12,0,0,0,12184,10708,1476
Covington County,MS,50,3,6,28,31,1071716796,2948833,19568,8496,31.633331,-89.5488968,19568,19402,12319,6825,24,43,4,187,166,163,50,36,14,1,33,6,7,9,7,0,0,0,0,0,0,3,0,0,0,19568,369,19199,19070,12202,6798,20,42,4,4,129,126,3,0,0,0,14481,14409,9576,4646,20,28,4,135,72,70,2,0,0,0,14481,237,14244,14180,9505,4625,19,27,4,0,64,62,2,0,0,0,8496,7430,1066
DeSoto County,MS,50,3,6,28,33,1233210616,54041937,161252,61634,34.874266,-89.99324,161252,158706,116440,35266,432,2033,86,4449,2546,2424,797,427,419,25,454,112,47,15,48,14,2,9,4,25,26,110,10,2,0,161252,8086,153166,151252,113553,35124,343,2011,76,145,1914,1830,78,6,0,0,115627,114553,86955,23002,315,1474,63,2744,1074,1022,47,4,1,0,115627,4907,110720,109923,85173,22921,261,1460,56,52,797,758,38,1,0,0,61634,57748,3886
Forrest County,MS,50,3,6,28,35,1207748039,10150274,74934,32289,31.1885802,-89.2594467,74934,73920,44726,27082,185,498,45,1384,1014,900,348,170,105,15,88,61,31,7,42,3,0,14,4,7,5,110,4,0,0,74934,2637,72297,71475,43766,26956,152,494,33,74,822,727,91,4,0,0,57231,56706,35983,19152,153,422,35,961,525,462,61,2,0,0,57231,1828,55403,54975,35294,19067,127,419,26,42,428,376,50,2,0,0,32289,28746,3543
Franklin County,MS,50,3,6,28,37,1460181336,7728355,8118,4154,31.4777975,-90.8958836,8118,8073,5257,2791,14,5,0,6,45,38,14,17,0,0,1,5,0,0,1,0,0,0,0,0,0,4,0,3,0,8118,47,8071,8026,5230,2776,14,5,0,1,45,38,4,0,3,0,6075,6049,4082,1948,10,5,0,4,26,21,2,0,3,0,6075,35,6040,6014,4061,1937,10,5,0,1,26,21,2,0,3,0,4154,3211,943
George County,MS,50,3,6,28,39,1239849234,12806128,22578,9330,30.8554305,-88.6422679,22578,22370,20266,1829,69,47,0,159,208,199,44,87,17,6,32,12,0,0,1,0,0,0,0,0,0,7,2,0,0,22578,453,22125,21955,20009,1821,66,47,0,12,170,161,7,2,0,0,16518,16409,14893,1320,58,31,0,107,109,104,5,0,0,0,16518,292,16226,16128,14720,1315,56,31,0,6,98,93,5,0,0,0,9330,7982,1348
Greene County,MS,50,3,6,28,41,1846027833,15386763,14400,5123,31.2128455,-88.6348108,14400,14273,10441,3749,40,19,1,23,127,119,47,32,8,2,17,13,0,0,0,0,0,0,0,0,0,7,0,1,0,14400,133,14267,14160,10363,3735,40,19,1,2,107,100,6,0,1,0,11244,11188,7930,3191,34,12,1,20,56,51,4,0,1,0,11244,100,11144,11095,7867,3181,34,12,1,0,49,44,4,0,1,0,5123,4306,817
Grenada County,MS,50,3,6,28,43,1093251406,70698555,21906,10155,33.770031,-89.8027404,21906,21740,12465,9140,36,60,2,37,166,161,54,39,17,3,8,24,3,5,3,0,0,0,1,4,0,5,0,0,0,21906,197,21709,21555,12350,9106,33,60,0,6,154,149,5,0,0,0,16515,16422,9720,6612,25,44,0,21,93,88,5,0,0,0,16515,136,16379,16294,9638,6589,22,44,0,1,85,80,5,0,0,0,10155,8779,1376
Hancock County,MS,50,3,6,28,45,1227002554,203966042,43929,21840,30.3914372,-89.4798501,43929,43003,38842,3138,213,419,21,370,926,862,284,315,133,15,49,14,8,4,11,6,1,6,4,7,5,53,9,2,0,43929,1446,42483,41676,37914,3075,193,416,20,58,807,757,41,7,2,0,33431,32962,29982,2214,166,315,17,268,469,438,26,4,1,0,33431,955,32476,32067,29375,2181,154,312,16,29,409,384,20,4,1,0,21840,17380,4460
Harrison County,MS,50,3,6,28,47,1486637454,1041633627,187105,85181,30.4165357,-89.0833762,187105,182118,130366,41393,863,5322,263,3911,4987,4626,1457,891,963,92,532,181,174,29,124,36,3,28,49,46,21,329,28,4,0,187105,9937,177168,173134,125741,40975,719,5258,227,214,4034,3757,258,17,2,0,141252,138838,102343,28512,645,4186,212,2940,2414,2244,155,11,4,0,141252,7020,134232,132315,99064,28250,546,4138,182,135,1917,1779,131,5,2,0,85181,71476,13705
Hinds County,MS,50,3,6,28,49,2252618859,19556755,245285,103421,32.2679235,-90.4658999,245285,243151,69769,169370,375,1874,56,1707,2134,1914,817,209,143,18,136,286,124,46,83,9,1,5,10,25,2,195,20,5,0,245285,3630,241655,239822,68609,168839,343,1851,29,151,1833,1650,167,11,5,0,180242,179071,57645,118419,276,1496,46,1189,1171,1031,128,10,2,0,180242,2523,177719,176721,56801,118076,259,1475,26,84,998,879,111,6,2,0,103421,91351,12070
Holmes County,MS,50,3,6,28,51,1959840949,20509212,19198,8415,33.1259415,-90.0911968,19198,19089,3001,16018,19,30,1,20,109,93,36,1,4,0,13,21,7,8,3,0,0,0,0,0,0,16,0,0,0,19198,134,19064,18973,2993,15925,18,30,1,6,91,79,12,0,0,0,13621,13559,2582,10926,13,24,1,13,62,49,13,0,0,0,13621,95,13526,13477,2574,10865,13,24,1,0,49,39,10,0,0,0,8415,6926,1489
Humphreys County,MS,50,3,6,28,53,1083886754,33003099,9375,3855,33.1329783,-90.523911,9375,9306,2203,6987,12,20,0,84,69,66,32,8,5,0,0,3,14,0,3,1,0,0,0,0,0,3,0,0,0,9375,202,9173,9113,2133,6949,10,20,0,1,60,57,3,0,0,0,6673,6634,1814,4742,10,18,0,50,39,39,0,0,0,0,6673,126,6547,6512,1769,4717,8,18,0,0,35,35,0,0,0,0,3855,3373,482
Issaquena County,MS,50,3,6,28,55,1069781903,73507406,1406,560,32.7549765,-90.9885518,1406,1403,486,906,3,6,0,2,3,3,0,1,0,0,1,1,0,0,0,0,0,0,0,0,0,0,0,0,0,1406,8,1398,1396,482,905,3,6,0,0,2,2,0,0,0,0,1125,1122,412,702,2,4,0,2,3,3,0,0,0,0,1125,8,1117,1115,408,701,2,4,0,0,2,2,0,0,0,0,560,472,88
Itawamba County,MS,50,3,6,28,57,1379911657,19847169,23401,10126,34.2810747,-88.3631269,23401,23261,21623,1391,47,52,3,145,140,133,45,54,3,1,20,4,0,0,2,0,0,0,0,4,0,7,0,0,0,23401,300,23101,22986,21490,1386,44,52,3,11,115,111,4,0,0,0,18001,17927,16697,1060,40,42,3,85,74,69,5,0,0,0,18001,189,17812,17745,16604,1055,38,42,3,3,67,63,4,0,0,0,10126,8881,1245
Jackson County,MS,50,3,6,28,59,1871923538,830458907,139668,60067,30.4584911,-88.6199906,139668,137046,100735,30034,565,3023,79,2610,2622,2446,757,554,493,17,269,112,93,20,60,5,0,14,26,22,4,167,8,1,0,139668,6378,133290,131146,97670,29768,523,2991,68,126,2144,2011,125,8,0,0,104068,102867,77612,20774,431,2237,63,1750,1201,1128,72,1,0,0,104068,4149,99919,98938,75592,20609,402,2214,53,68,981,921,59,1,0,0,60067,52205,7862
Jasper County,MS,50,3,6,28,61,1751461017,3181592,17062,8212,32.0169894,-89.1194302,17062,16960,7894,8970,17,16,1,62,102,91,36,12,7,1,2,7,5,11,3,0,1,0,0,0,6,11,0,0,0,17062,136,16926,16833,7855,8944,14,16,0,4,93,82,11,0,0,0,12939,12887,6378,6439,14,11,0,45,52,45,7,0,0,0,12939,93,12846,12797,6352,6422,11,11,0,1,49,42,7,0,0,0,8212,6798,1414
Jefferson County,MS,50,3,6,28,63,1346620575,18988093,7726,3673,31.7336333,-91.0438779,7726,7699,1060,6620,13,2,1,3,27,24,6,3,2,0,1,6,2,4,0,0,0,0,0,0,0,3,0,0,0,7726,28,7698,7675,1056,6601,13,2,1,2,23,20,3,0,0,0,5901,5889,932,4940,11,2,1,3,12,11,1,0,0,0,5901,15,5886,5876,928,4932,11,2,1,2,10,9,1,0,0,0,3673,2929,744
Jefferson Davis County,MS,50,3,6,28,65,1057862259,1800965,12487,5876,31.5647338,-89.8266262,12487,12400,4834,7477,32,18,2,37,87,83,31,13,4,0,11,8,7,4,1,3,0,1,0,0,0,3,1,0,0,12487,101,12386,12318,4802,7461,32,18,2,3,68,64,3,1,0,0,9539,9487,4063,5367,17,14,2,24,52,49,2,1,0,0,9539,67,9472,9432,4041,5356,17,14,2,2,40,37,2,1,0,0,5876,4977,899
Jones County,MS,50,3,6,28,67,1799510829,12724862,67761,28424,31.6210444,-89.167262,67761,67144,45531,19153,328,303,19,1810,617,574,164,109,70,3,115,46,10,5,31,2,1,10,1,4,3,30,1,12,0,67761,3199,64562,64130,44432,19076,288,302,7,25,432,410,21,1,0,0,50413,50103,35465,12992,217,211,14,1204,310,285,19,1,5,0,50413,2102,48311,48086,34729,12944,185,210,6,12,225,212,12,1,0,0,28424,25247,3177
Kemper County,MS,50,3,6,28,69,1984403181,2182347,10456,4722,32.7501361,-88.6256306,10456,10380,3689,6288,385,10,0,8,76,70,20,15,1,1,0,26,3,0,2,0,2,0,0,0,0,6,0,0,0,10456,52,10404,10334,3665,6273,385,10,0,1,70,65,5,0,0,0,8015,7979,3111,4604,250,8,0,6,36,31,5,0,0,0,8015,38,7977,7944,3093,4592,250,8,0,1,33,29,4,0,0,0,4722,3920,802
Lafayette County,MS,50,3,6,28,71,1636116444,123022249,47351,22729,34.3492982,-89.4859026,47351,46860,33976,11201,121,1006,23,533,491,448,125,82,128,11,35,26,10,6,10,4,0,1,3,7,0,40,3,0,0,47351,1073,46278,45842,33538,11155,87,1003,16,43,436,406,27,3,0,0,38591,38265,28577,8346,97,836,18,391,326,296,27,3,0,0,38591,832,37759,37475,28217,8312,70,833,12,31,284,265,16,3,0,0,22729,18356,4373
Lamar County,MS,50,3,6,28,73,1287367637,8749351,55658,24070,31.1971349,-89.5149516,55658,55039,43011,10883,124,656,20,345,619,593,225,133,79,8,87,23,10,1,4,1,1,12,2,5,2,26,0,0,0,55658,1205,54453,53946,42296,10834,109,655,19,33,507,486,21,0,0,0,41050,40744,32627,7312,90,468,20,227,306,291,15,0,0,0,41050,768,40282,40028,32164,7280,81,467,19,17,254,243,11,0,0,0,24070,21542,2528
Lauderdale County,MS,50,3,6,28,75,1822402881,29835947,80261,34698,32.4039981,-88.6604488,80261,79595,43957,34330,178,580,30,520,666,626,245,88,79,4,61,53,21,22,35,1,1,4,4,6,2,33,7,0,0,80261,1448,78813,78262,43312,34158,140,569,17,66,551,518,27,6,0,0,60181,59837,35041,23860,136,450,17,333,344,310,28,6,0,0,60181,961,59220,58927,34602,23744,109,440,9,23,293,264,23,6,0,0,34698,31090,3608
Lawrence County,MS,50,3,6,28,77,1115424285,13213420,12929,6019,31.5500087,-90.1075299,12929,12836,8624,3974,18,33,2,185,93,86,28,22,11,0,10,5,2,1,0,5,0,0,0,2,0,7,0,0,0,12929,274,12655,12582,8567,3961,17,33,0,4,73,72,1,0,0,0,9663,9609,6623,2777,17,22,2,168,54,47,7,0,0,0,9663,226,9437,9395,6589,2767,16,22,0,1,42,41,1,0,0,0,6019,5078,941
Leake County,MS,50,3,6,28,79,1509963962,6414131,23805,9415,32.753268,-89.5225675,23805,23604,11793,9654,1439,50,0,668,201,190,49,52,10,1,26,27,6,6,6,0,1,4,0,2,0,10,1,0,0,23805,1020,22785,22634,11611,9620,1352,49,0,2,151,143,8,0,0,0,16443,16355,8935,6058,895,42,0,425,88,81,6,1,0,0,16443,632,15811,15748,8828,6039,839,42,0,0,63,58,5,0,0,0,9415,8272,1143
Lee County,MS,50,3,6,28,81,1165367603,8349403,82910,35872,34.2889645,-88.6808868,82910,81876,57497,22619,132,517,20,1091,1034,973,470,165,102,5,88,39,22,6,40,4,1,8,1,21,1,55,6,0,0,82910,1991,80919,80037,56854,22498,120,513,19,33,882,834,42,6,0,0,60804,60372,44087,15121,106,368,17,673,432,395,32,5,0,0,60804,1210,59594,59229,43690,15049,95,367,16,12,365,336,24,5,0,0,35872,32086,3786
Leflore County,MS,50,3,6,28,83,1534668183,35847069,32317,13199,33.5497896,-90.2949343,32317,32119,8038,23342,69,184,2,484,198,182,67,21,9,0,10,33,8,13,16,0,1,1,1,2,0,9,1,6,0,32317,743,31574,31411,7930,23246,39,183,2,11,163,153,9,1,0,0,23566,23442,6667,16240,51,140,2,342,124,115,5,0,4,0,23566,498,23068,22958,6602,16175,31,139,2,9,110,105,5,0,0,0,13199,11577,1622
Lincoln County,MS,50,3,6,28,85,1518030804,5334341,34869,15255,31.5352155,-90.4535663,34869,34607,23864,10443,63,117,8,112,262,243,95,59,15,7,13,30,7,2,4,2,0,1,0,8,0,18,1,0,0,34869,330,34539,34306,23702,10400,63,117,8,16,233,216,16,1,0,0,25766,25647,18050,7398,47,78,5,69,119,116,2,1,0,0,25766,207,25559,25453,17949,7368,47,78,5,6,106,103,2,1,0,0,15255,13296,1959
Lowndes County,MS,50,3,6,28,87,1309262931,28374834,59779,26556,33.4714237,-88.4397227,59779,59127,32259,25993,113,399,31,332,652,588,191,121,100,9,54,42,29,4,21,4,0,2,2,9,0,62,2,0,0,59779,914,58865,58308,31847,25904,98,394,31,34,557,501,54,2,0,0,44724,44393,25553,18167,95,326,17,235,331,299,31,1,0,0,44724,629,44095,43806,25265,18110,84,321,17,9,289,261,27,1,0,0,26556,23487,3069
Madison County,MS,50,3,6,28,89,1850562626,70638762,95203,38558,32.6343703,-90.0341603,95203,94410,54270,36368,165,2040,26,1541,793,744,206,101,159,6,72,45,26,3,31,10,0,18,10,40,17,40,4,3,2,95203,2806,92397,91755,53287,36227,124,2029,18,70,642,601,35,3,1,2,69555,69129,41217,25235,117,1458,16,1086,426,391,27,4,2,2,69555,1921,67634,67304,40558,25150,90,1448,11,47,330,299,25,3,1,2,38558,35829,2729
Marion County,MS,50,3,6,28,91,1404766851,16152552,27088,11838,31.2301257,-89.8217357,27088,26845,17822,8752,46,85,9,131,243,236,94,46,37,8,18,21,3,0,3,4,0,0,0,2,0,7,0,0,0,27088,336,26752,26535,17661,8729,42,84,9,10,217,212,5,0,0,0,20156,20055,13698,6168,38,61,6,84,101,97,4,0,0,0,20156,215,19941,19851,13595,6151,34,60,6,5,90,88,2,0,0,0,11838,10135,1703
Marshall County,MS,50,3,6,28,93,1829030244,9254534,37144,14881,34.7661897,-89.504231,37144,36853,18614,17439,84,75,7,634,291,265,108,63,20,2,28,16,8,1,11,1,0,5,0,0,2,19,7,0,0,37144,1192,35952,35701,18161,17369,67,74,6,24,251,230,15,6,0,0,28441,28300,14877,12909,72,57,7,378,141,126,11,4,0,0,28441,736,27705,27580,14590,12864,57,57,6,6,125,112,10,3,0,0,14881,13369,1512
Monroe County,MS,50,3,6,28,95,1981584651,18134176,36989,16455,33.8900295,-88.4850379,36989,36698,25035,11420,63,71,4,105,291,282,121,81,13,3,19,15,11,7,7,0,3,2,0,0,0,9,0,0,0,36989,355,36634,36373,24847,11381,57,71,4,13,261,252,9,0,0,0,27907,27761,19402,8185,46,55,4,69,146,141,5,0,0,0,27907,224,27683,27549,19291,8151,42,55,4,6,134,129,5,0,0,0,16455,14485,1970
Montgomery County,MS,50,3,6,28,97,1054074954,2352272,10925,5194,33.5007144,-89.6396251,10925,10870,5790,4967,16,39,1,57,55,55,16,11,4,0,5,8,4,1,5,0,0,1,0,0,0,0,0,0,0,10925,97,10828,10778,5769,4948,16,39,1,5,50,50,0,0,0,0,8255,8220,4611,3520,14,33,1,41,35,35,0,0,0,0,8255,72,8183,8151,4595,3505,14,33,1,3,32,32,0,0,0,0,5194,4438,756
Neshoba County,MS,50,3,6,28,99,1476657637,3814277,29676,12357,32.752518,-89.1192743,29676,29247,17974,6207,4815,102,9,140,429,408,112,111,25,4,21,98,7,0,4,9,1,15,0,1,0,19,2,0,0,29676,469,29207,28825,17797,6169,4745,102,6,6,382,364,16,2,0,0,21161,21023,13826,4058,2972,67,6,94,138,132,4,2,0,0,21161,269,20892,20758,13706,4031,2948,67,4,2,134,129,3,2,0,0,12357,10856,1501
Newton County,MS,50,3,6,28,101,1497282694,3879399,21720,9373,32.4019702,-89.1184115,21720,21531,13734,6567,1092,52,0,86,189,182,66,59,14,1,14,20,3,0,0,0,0,3,0,0,2,7,0,0,0,21720,287,21433,21267,13599,6536,1072,51,0,9,166,162,4,0,0,0,16067,15982,10626,4663,593,40,0,60,85,82,3,0,0,0,16067,171,15896,15822,10550,4642,588,39,0,3,74,71,3,0,0,0,9373,8214,1159
Noxubee County,MS,50,3,6,28,103,1800400143,12539541,11545,5170,33.1062703,-88.5657874,11545,11486,3133,8262,20,22,1,48,59,55,21,8,3,3,1,8,6,0,1,0,1,2,0,0,1,4,0,0,0,11545,92,11453,11406,3113,8249,20,22,1,1,47,43,4,0,0,0,8416,8379,2440,5877,19,13,1,29,37,35,2,0,0,0,8416,63,8353,8325,2427,5864,19,13,1,1,28,26,2,0,0,0,5170,4305,865
Oktibbeha County,MS,50,3,6,28,105,1186733896,9665139,47671,20947,33.4223134,-88.8761514,47671,47104,28224,17431,91,1156,16,186,567,518,176,80,122,5,34,46,20,4,12,1,0,3,1,13,1,48,1,0,0,47671,683,46988,46473,27825,17356,83,1151,12,46,515,466,48,1,0,0,38965,38630,24517,12922,82,951,13,145,335,305,29,1,0,0,38965,515,38450,38140,24200,12876,76,946,10,32,310,280,29,1,0,0,20947,18820,2127
Panola County,MS,50,3,6,28,107,1774515519,51767046,34707,14697,34.3652052,-89.9630654,34707,34402,17161,16875,76,68,0,222,305,288,98,79,28,4,16,40,10,10,1,0,0,0,1,1,0,16,1,0,0,34707,494,34213,33927,16981,16801,70,61,0,14,286,272,13,1,0,0,25363,25223,13557,11430,61,45,0,130,140,135,4,1,0,0,25363,298,25065,24933,13455,11376,59,40,0,3,132,127,4,1,0,0,14697,12839,1858
Pearl River County,MS,50,3,6,28,109,2100125644,20836787,55834,23968,30.7737908,-89.5868315,55834,54863,46924,6872,312,228,34,493,971,902,282,375,108,14,65,22,6,2,10,3,1,6,3,5,0,60,8,1,0,55834,1636,54198,53346,45911,6853,281,222,31,48,852,805,46,0,1,0,42102,41586,35976,4830,238,181,28,333,516,478,31,6,1,0,42102,1089,41013,40559,35287,4820,222,176,25,29,454,428,25,0,1,0,23968,20816,3152
Perry County,MS,50,3,6,28,111,1676373773,7640180,12250,5519,31.1693073,-88.9887554,12250,12128,9575,2451,36,22,3,41,122,121,57,32,6,0,15,9,0,0,2,0,0,0,0,0,0,1,0,0,0,12250,119,12131,12021,9514,2449,32,14,0,12,110,109,1,0,0,0,9136,9079,7296,1711,29,19,1,23,57,56,1,0,0,0,9136,75,9061,9008,7254,1710,28,13,0,3,53,52,1,0,0,0,5519,4674,845
Pike County,MS,50,3,6,28,113,1059342907,4348109,40404,17861,31.1775167,-90.3977249,40404,40098,18745,20813,116,232,9,183,306,285,98,85,21,0,12,24,9,5,19,3,0,1,2,6,0,15,1,5,0,40404,489,39915,39654,18564,20740,111,229,2,8,261,248,12,1,0,0,29433,29272,14641,14251,86,164,8,122,161,150,7,1,3,0,29433,328,29105,28966,14513,14204,83,161,2,3,139,133,5,1,0,0,17861,15370,2491
Pontotoc County,MS,50,3,6,28,115,1289009028,8630228,29957,12440,34.2270808,-89.0372387,29957,29550,23984,4131,67,56,12,1300,407,391,145,135,22,3,53,17,1,2,6,0,0,5,0,2,0,7,2,7,0,29957,1849,28108,27766,23531,4096,47,56,7,29,342,333,7,2,0,0,21877,21686,17872,2902,56,38,8,810,191,182,5,2,2,0,21877,1152,20725,20571,17594,2880,40,38,4,15,154,147,5,2,0,0,12440,11172,1268
Prentiss County,MS,50,3,6,28,117,1074793690,8338031,25276,11054,34.6208655,-88.5222401,25276,25015,21312,3488,44,33,3,135,261,256,144,61,16,1,18,3,3,1,5,1,0,0,1,2,0,5,0,0,0,25276,307,24969,24735,21172,3481,29,33,2,18,234,232,2,0,0,0,19391,19292,16552,2600,28,27,2,83,99,95,4,0,0,0,19391,199,19192,19110,16466,2594,20,27,1,2,82,81,1,0,0,0,11054,9812,1242
Quitman County,MS,50,3,6,28,119,1048977108,3676001,8223,3589,34.2526398,-90.2905254,8223,8158,2381,5724,19,11,1,22,65,64,19,15,1,0,1,18,2,0,6,0,0,0,0,2,0,1,0,0,0,8223,55,8168,8109,2369,5709,18,11,1,1,59,58,1,0,0,0,6070,6030,1989,4000,12,10,1,18,40,39,1,0,0,0,6070,45,6025,5990,1981,3987,11,10,1,0,35,34,1,0,0,0,3589,3058,531
Rankin County,MS,50,3,6,28,121,2008496804,79255480,141617,56487,32.262057,-89.9465517,141617,140102,109523,26634,260,1582,92,2011,1515,1452,501,326,220,15,189,63,24,5,42,14,0,7,5,19,22,61,2,0,0,141617,3795,137822,136588,108086,26519,227,1574,91,91,1234,1189,43,2,0,0,106083,105407,83566,19062,191,1154,68,1366,676,645,30,1,0,0,106083,2465,103618,103071,82634,18997,171,1149,67,53,547,524,22,1,0,0,56487,52836,3651
Scott County,MS,50,3,6,28,123,1577781371,3122208,28264,11470,32.4271272,-89.5332094,28264,27866,15051,10585,87,51,61,2031,398,383,159,33,8,0,66,20,3,9,25,3,0,48,0,9,0,12,3,0,0,28264,3013,25251,25015,14353,10502,66,50,30,14,236,226,9,1,0,0,20630,20430,11609,7289,52,39,46,1395,200,187,10,3,0,0,20630,2081,18549,18461,11119,7235,41,38,25,3,88,80,7,1,0,0,11470,10248,1222
Sharkey County,MS,50,3,6,28,125,1118149626,8806466,4916,2100,32.8924897,-90.827388,4916,4894,1370,3490,3,11,0,20,22,21,11,0,0,0,0,3,3,3,1,0,0,0,0,0,0,1,0,0,0,4916,39,4877,4856,1366,3475,3,11,0,1,21,20,1,0,0,0,3660,3650,1123,2501,2,11,0,13,10,9,1,0,0,0,3660,26,3634,3625,1121,2490,2,11,0,1,9,8,1,0,0,0,2100,1834,266
Simpson County,MS,50,3,6,28,127,1525925833,3383248,27503,11934,31.9025034,-89.9177072,27503,27279,17260,9666,49,78,35,191,224,213,70,63,15,2,17,16,12,3,8,0,0,2,3,2,0,10,0,1,0,27503,387,27116,26918,17131,9624,35,78,34,16,198,189,9,0,0,0,20252,20141,13287,6624,42,45,13,130,111,102,8,0,1,0,20252,243,20009,19909,13215,6600,31,45,12,6,100,93,7,0,0,0,11934,10330,1604
Smith County,MS,50,3,6,28,129,1647885256,2640270,16491,7237,32.0190335,-89.4949726,16491,16400,12503,3776,19,13,2,87,91,91,37,21,11,0,11,9,0,0,1,0,0,0,0,1,0,0,0,0,0,16491,198,16293,16214,12421,3758,18,13,2,2,79,79,0,0,0,0,12230,12196,9526,2582,18,11,2,57,34,34,0,0,0,0,12230,134,12096,12066,9467,2568,17,11,2,1,30,30,0,0,0,0,7237,6221,1016
Stone County,MS,50,3,6,28,131,1153800111,6712392,17786,7161,30.790184,-89.112297,17786,17597,13982,3404,90,58,5,58,189,182,43,68,38,2,18,6,2,0,3,0,0,1,1,0,0,7,0,0,0,17786,239,17547,17376,13820,3395,86,57,5,13,171,164,7,0,0,0,13455,13362,10760,2446,61,49,4,42,93,88,5,0,0,0,13455,156,13299,13213,10654,2440,59,48,4,8,86,81,5,0,0,0,7161,6165,996
Sunflower County,MS,50,3,6,28,133,1807175516,23758961,29450,9685,33.6055289,-90.5950901,29450,29312,7493,21479,56,84,10,190,138,135,39,14,4,3,5,39,8,8,5,1,0,1,0,7,1,2,0,1,0,29450,404,29046,28919,7410,21362,47,82,10,8,127,124,2,0,1,0,22303,22200,6382,15578,42,67,7,124,103,100,2,0,1,0,22303,272,22031,21935,6326,15495,37,66,7,4,96,93,2,0,1,0,9685,8822,863
Tallahatchie County,MS,50,3,6,28,135,1671287200,17751357,15378,5530,33.9558908,-90.1728334,15378,15201,5988,8679,42,117,12,363,177,160,39,25,8,1,48,19,4,0,8,0,1,2,0,3,2,15,0,2,0,15378,866,14512,14391,5580,8634,32,116,11,18,121,106,14,0,1,0,11893,11744,5012,6209,38,115,12,358,149,134,13,0,2,0,11893,851,11042,10949,4611,6169,28,114,11,16,93,80,12,0,1,0,5530,4856,674
Tate County,MS,50,3,6,28,137,1048320034,16092718,28886,10947,34.6495534,-89.9431049,28886,28541,19313,8755,62,65,7,339,345,326,135,85,27,3,45,9,6,5,7,1,0,0,3,0,0,16,2,1,0,28886,639,28247,27961,19091,8723,62,65,2,18,286,267,16,2,1,0,21427,21277,14777,6194,52,49,4,201,150,140,10,0,0,0,21427,370,21057,20939,14653,6172,52,49,2,11,118,108,10,0,0,0,10947,10035,912
Tippah County,MS,50,3,6,28,139,1185734808,5542365,22232,9696,34.7636183,-88.9188185,22232,21915,17779,3544,54,34,3,501,317,308,172,56,10,3,48,6,0,2,8,1,0,2,0,0,0,9,0,0,0,22232,985,21247,20996,17404,3509,34,34,1,14,251,247,4,0,0,0,16589,16491,13635,2490,44,23,3,296,98,93,5,0,0,0,16589,592,15997,15916,13394,2463,31,23,1,4,81,79,2,0,0,0,9696,8597,1099
Tishomingo County,MS,50,3,6,28,141,1098813904,52484941,19593,10295,34.7376991,-88.2360673,19593,19429,18509,519,37,21,1,342,164,153,54,58,12,2,22,1,1,0,3,0,0,0,0,0,0,11,0,0,0,19593,553,19040,18897,18326,516,32,21,1,1,143,132,11,0,0,0,15055,14968,14317,398,32,13,1,207,87,82,5,0,0,0,15055,326,14729,14649,14209,396,29,13,1,1,80,75,5,0,0,0,10295,8148,2147
Tunica County,MS,50,3,6,28,143,1177584065,67492130,10778,4803,34.6522011,-90.3717697,10778,10679,2553,7918,14,61,9,124,99,85,22,10,2,4,17,14,5,4,5,0,0,0,1,0,1,13,1,0,0,10778,245,10533,10461,2486,7894,14,60,5,2,72,60,11,1,0,0,7561,7506,2154,5186,12,58,8,88,55,43,11,1,0,0,7561,165,7396,7355,2107,5175,12,57,4,0,41,31,9,1,0,0,4803,3927,876
Union County,MS,50,3,6,28,145,1076394333,3387488,27134,11520,34.4891011,-89.0022997,27134,26803,21973,3935,46,46,11,792,331,323,144,73,27,8,43,9,7,0,11,0,0,0,1,0,0,8,0,0,0,27134,1210,25924,25656,21649,3911,29,46,5,16,268,262,6,0,0,0,20144,20008,16672,2777,26,31,10,492,136,132,4,0,0,0,20144,741,19403,19291,16469,2761,22,31,5,3,112,109,3,0,0,0,11520,10317,1203
Walthall County,MS,50,3,6,28,147,1046210318,1195916,15443,7132,31.164492,-90.1034306,15443,15270,8250,6873,55,24,3,65,173,162,46,46,9,9,9,10,21,0,6,2,2,0,1,0,1,5,6,0,0,15443,238,15205,15069,8145,6837,49,24,3,11,136,131,5,0,0,0,11368,11282,6470,4701,40,22,3,46,86,80,2,4,0,0,11368,154,11214,11147,6404,4676,37,22,3,5,67,65,2,0,0,0,7132,5888,1244
Warren County,MS,50,3,6,28,149,1524210117,77836802,48773,21896,32.3570054,-90.8517913,48773,48349,24548,22920,129,413,10,329,424,394,140,90,40,1,32,27,22,8,19,0,0,1,0,13,1,24,4,2,0,48773,896,47877,47522,24143,22836,106,412,10,15,355,341,14,0,0,0,36135,35900,19486,15755,99,320,9,231,235,216,13,4,2,0,36135,593,35542,35350,19229,15705,84,319,9,4,192,187,5,0,0,0,21896,18941,2955
Washington County,MS,50,3,6,28,151,1877071141,94495559,51137,21708,33.2731314,-90.9444296,51137,50836,13784,36468,69,291,9,215,301,280,105,30,20,4,30,42,16,5,17,2,0,1,1,5,2,18,3,0,0,51137,529,50608,50368,13654,36348,56,291,6,13,240,220,18,2,0,0,36800,36635,11356,24851,51,220,8,149,165,151,11,3,0,0,36800,346,36454,36318,11273,24767,45,220,6,7,136,123,11,2,0,0,21708,18936,2772
Wayne County,MS,50,3,6,28,153,2099832593,7168386,20747,9213,31.6447604,-88.6820566,20747,20586,12300,8071,39,34,7,135,161,146,58,36,8,2,12,8,11,6,2,0,0,0,3,0,0,12,3,0,0,20747,246,20501,20355,12243,8035,38,34,2,3,146,136,7,3,0,0,15313,15240,9594,5487,28,26,6,99,73,61,10,2,0,0,15313,172,15141,15075,9557,5463,27,26,1,1,66,59,5,2,0,0,9213,8104,1109
Webster County,MS,50,3,6,28,155,1090230505,5938458,10253,4804,33.6120482,-89.2838356,10253,10175,8065,2040,21,11,0,38,78,75,36,19,4,2,1,2,3,0,3,4,0,0,0,0,1,3,0,0,0,10253,104,10149,10075,8007,2036,15,11,0,6,74,71,3,0,0,0,7674,7637,6156,1427,17,10,0,27,37,35,2,0,0,0,7674,77,7597,7564,6114,1425,13,10,0,2,33,31,2,0,0,0,4804,4060,744
Wilkinson County,MS,50,3,6,28,157,1756287189,25019030,9878,5037,31.1602492,-91.3255665,9878,9846,2834,6992,12,2,0,6,32,28,10,9,3,0,0,3,0,1,1,1,0,0,0,0,0,4,0,0,0,9878,41,9837,9806,2820,6969,12,1,0,4,31,27,4,0,0,0,7607,7586,2368,5200,11,2,0,5,21,19,2,0,0,0,7607,31,7576,7556,2355,5185,11,1,0,4,20,18,2,0,0,0,5037,3455,1582
Winston County,MS,50,3,6,28,159,1572757155,7357963,19198,8745,33.0787236,-89.0373913,19198,19032,9972,8753,219,37,4,47,166,162,77,23,6,2,26,18,4,0,2,0,0,0,0,4,0,4,0,0,0,19198,184,19014,18879,9891,8729,215,37,3,4,135,133,2,0,0,0,14409,14344,7992,6162,129,27,3,31,65,64,1,0,0,0,14409,126,14283,14236,7933,6145,126,27,3,2,47,46,1,0,0,0,8745,7494,1251
Yalobusha County,MS,50,3,6,28,161,1209858331,72197034,12678,6344,34.0306685,-89.703793,12678,12564,7667,4805,32,20,1,39,114,109,61,11,9,2,10,12,2,0,1,0,0,1,0,0,0,5,0,0,0,12678,151,12527,12433,7606,4772,30,20,1,4,94,93,1,0,0,0,9656,9619,6104,3449,29,14,1,22,37,36,1,0,0,0,9656,92,9564,9532,6061,3427,27,14,1,2,32,31,1,0,0,0,6344,5166,1178
Yazoo County,MS,50,3,6,28,163,2390421148,29316416,28065,10074,32.7656747,-90.3879282,28065,27634,11212,16013,82,125,4,198,431,400,64,57,10,6,191,23,9,3,18,2,0,4,1,11,1,26,5,0,0,28065,1301,26764,26562,10477,15893,59,124,4,5,202,183,15,4,0,0,20988,20649,9105,11189,75,99,3,178,339,310,25,4,0,0,20988,1245,19743,19626,8380,11091,52,98,3,2,117,99,14,4,0,0,10074,8860,1214
Adair County,MO,50,2,4,29,1,1469361117,5468982,25607,11263,40.1906655,-92.6035922,25607,25172,24066,408,79,453,13,153,435,407,135,126,105,8,19,2,2,0,1,1,1,0,1,6,0,28,0,0,0,25607,523,25084,24694,23751,392,72,453,12,14,390,370,20,0,0,0,20635,20364,19441,346,53,404,11,109,271,256,15,0,0,0,20635,388,20247,19999,19191,335,50,404,10,9,248,236,12,0,0,0,11263,9877,1386
Andrew County,MO,50,2,4,29,3,1120694861,9651366,17291,7306,39.9888628,-94.8035511,17291,17097,16843,72,51,75,2,54,194,184,52,93,15,4,13,4,0,0,1,0,0,1,0,1,0,10,0,0,0,17291,290,17001,16836,16641,70,46,75,0,4,165,155,10,0,0,0,13127,13038,12875,42,42,40,2,37,89,83,6,0,0,0,13127,175,12952,12873,12753,40,37,40,0,3,79,73,6,0,0,0,7306,6700,606
Atchison County,MO,50,2,4,29,5,1417505255,7319663,5685,2985,40.431846,-95.4375546,5685,5644,5600,17,10,9,3,5,41,38,7,26,3,0,1,0,0,0,0,0,0,1,0,0,0,3,0,0,0,5685,55,5630,5594,5556,17,9,9,3,0,36,36,0,0,0,0,4503,4484,4455,12,7,6,1,3,19,19,0,0,0,0,4503,24,4479,4460,4435,12,6,6,1,0,19,19,0,0,0,0,2985,2498,487
Audrain County,MO,50,2,4,29,7,1792879633,11881468,25529,10852,39.2144798,-91.8434148,25529,25089,22931,1646,91,115,8,298,440,410,227,81,48,11,32,2,2,1,2,0,0,0,4,0,0,26,3,1,0,25529,665,24864,24466,22613,1637,81,115,4,16,398,370,24,3,1,0,19160,19010,17464,1278,64,64,6,134,150,139,10,0,1,0,19160,347,18813,18675,17274,1270,61,64,4,2,138,127,10,0,1,0,10852,9590,1262
Barry County,MO,50,2,4,29,9,2015660483,32940910,35597,17523,36.6993775,-93.8343258,35597,34924,32792,107,317,467,8,1233,673,647,69,374,37,19,115,1,0,1,0,1,4,1,8,17,0,23,3,0,0,35597,2745,32852,32354,31505,87,289,459,6,8,498,484,13,1,0,0,26957,26566,25214,69,243,288,7,745,391,381,9,1,0,0,26957,1571,25386,25062,24489,55,222,285,5,6,324,316,7,1,0,0,17523,14057,3466
Barton County,MO,50,2,4,29,11,1533067694,12435199,12402,5600,37.5007989,-94.3440893,12402,12096,11788,47,142,29,4,86,306,302,36,215,18,11,17,3,0,2,0,0,0,0,0,0,0,4,0,0,0,12402,231,12171,11910,11704,42,129,29,2,4,261,258,3,0,0,0,9188,9019,8823,17,101,24,4,50,169,167,2,0,0,0,9188,120,9068,8912,8778,15,92,24,2,1,156,155,1,0,0,0,5600,4929,671
Bates County,MO,50,2,4,29,13,2167014473,38051024,17049,7842,38.2572171,-94.3392459,17049,16813,16464,150,104,27,2,66,236,230,45,139,16,7,21,1,0,0,0,0,0,1,0,0,0,6,0,0,0,17049,275,16774,16567,16296,143,94,27,2,5,207,201,6,0,0,0,12795,12665,12403,126,77,19,0,40,130,127,3,0,0,0,12795,146,12649,12533,12319,120,73,19,0,2,116,113,3,0,0,0,7842,6744,1098
Benton County,MO,50,2,4,29,15,1823507941,125579882,19056,14150,38.3010358,-93.2879421,19056,18801,18508,58,117,54,5,59,255,246,30,153,31,4,21,3,0,0,1,0,0,1,2,0,0,9,0,0,0,19056,291,18765,18537,18311,56,105,53,5,7,228,220,8,0,0,0,15619,15451,15244,37,90,38,4,38,168,163,5,0,0,0,15619,169,15450,15296,15130,37,83,37,4,5,154,150,4,0,0,0,14150,8449,5701
Bollinger County,MO,50,2,4,29,17,1600368466,8528361,12363,5878,37.3183491,-90.0246011,12363,12259,12106,32,77,26,0,18,104,103,8,70,20,0,3,0,0,0,0,0,0,1,0,1,0,1,0,0,0,12363,98,12265,12172,12037,32,73,26,0,4,93,92,1,0,0,0,9446,9377,9258,22,56,25,0,16,69,68,1,0,0,0,9446,60,9386,9323,9221,22,53,25,0,2,63,62,1,0,0,0,5878,4847,1031
Boone County,MO,50,2,4,29,19,1775212930,14419681,162642,69551,38.989657,-92.3107786,162642,158069,134621,15111,624,6144,93,1476,4573,4247,1929,832,847,50,248,139,66,3,41,15,3,13,16,43,2,292,27,7,0,162642,4895,157747,153651,131677,14943,523,6112,82,314,4096,3828,239,22,7,0,128391,126150,109164,10555,468,4887,74,1002,2241,2062,162,11,6,0,128391,3263,125128,123142,107178,10456,413,4867,67,161,1986,1839,131,10,6,0,69551,64077,5474
Buchanan County,MO,50,2,4,29,21,1056784404,17173359,89201,38427,39.6603695,-94.8081728,89201,87016,79443,4662,396,722,185,1608,2185,2047,992,449,161,29,292,30,8,3,30,5,0,11,21,12,4,117,20,1,0,89201,4674,84527,82762,76937,4572,327,704,149,73,1765,1664,84,17,0,0,68238,67290,61872,3487,293,547,114,977,948,888,49,10,1,0,68238,2869,65369,64604,60252,3444,247,537,96,28,765,715,41,9,0,0,38427,34509,3918
Butler County,MO,50,2,4,29,23,1799185123,11194895,42794,19731,36.7151802,-90.40313,42794,41869,38860,2256,234,283,15,221,925,904,340,354,83,5,53,39,5,0,14,3,1,0,4,3,0,18,2,1,0,42794,666,42128,41287,38504,2235,215,283,15,35,841,820,18,2,1,0,32823,32366,30270,1559,189,211,9,128,457,446,10,0,1,0,32823,384,32439,32024,30070,1547,177,211,9,10,415,404,10,0,1,0,19731,17614,2117
Caldwell County,MO,50,2,4,29,25,1104352197,8402507,9424,4605,39.6589977,-93.9791785,9424,9267,9091,40,36,18,2,80,157,154,33,73,29,3,11,3,0,0,0,0,0,0,2,0,0,3,0,0,0,9424,143,9281,9130,9035,39,33,18,2,3,151,149,2,0,0,0,7020,6940,6792,35,28,12,2,71,80,79,1,0,0,0,7020,105,6915,6836,6762,34,25,12,2,1,79,79,0,0,0,0,4605,3676,929
Callaway County,MO,50,2,4,29,27,2161538606,33106941,44332,18522,38.8359656,-91.9240894,44332,43490,40778,2032,217,245,17,201,842,818,305,337,80,17,33,22,2,4,7,1,0,1,6,3,0,23,1,0,0,44332,707,43625,42850,40350,2006,204,236,15,39,775,752,22,1,0,0,34329,33884,31739,1628,177,204,11,125,445,429,16,0,0,0,34329,451,33878,33458,31455,1613,166,200,11,13,420,405,15,0,0,0,18522,16333,2189
Camden County,MO,50,2,4,29,29,1698831838,136548740,44002,41183,38.031995,-92.7651375,44002,43420,42468,179,219,184,8,362,582,566,114,254,100,19,63,2,0,1,2,2,1,4,2,0,2,16,0,0,0,44002,1014,42988,42486,41913,170,199,175,7,22,502,487,15,0,0,0,35612,35274,34621,118,166,140,7,222,338,326,12,0,0,0,35612,605,35007,34702,34287,114,153,133,6,9,305,294,11,0,0,0,41183,19068,22115
Cape Girardeau County,MO,50,2,4,29,31,1498398199,20174852,75674,32616,37.3838819,-89.6849079,75674,74284,67137,5330,186,898,23,710,1390,1317,641,308,164,13,92,31,18,2,18,3,2,5,5,15,0,63,5,5,0,75674,1476,74198,72960,66532,5290,171,887,19,61,1238,1191,40,2,5,0,59075,58482,53532,3560,144,753,17,476,593,562,23,3,5,0,59075,953,58122,57600,53138,3533,136,745,15,33,522,500,15,2,5,0,32616,29848,2768
Carroll County,MO,50,2,4,29,33,1799061284,17533455,9295,4630,39.4273754,-93.5002266,9295,9193,8981,154,21,12,8,17,102,98,46,25,7,5,9,0,0,4,0,0,0,1,1,0,0,4,0,0,0,9295,118,9177,9082,8893,149,21,10,8,1,95,92,3,0,0,0,7103,7063,6920,103,18,9,6,7,40,38,2,0,0,0,7103,59,7044,7006,6874,100,18,7,6,1,38,36,2,0,0,0,4630,3865,765
Carter County,MO,50,2,4,29,35,1314058615,4298919,6265,3247,36.9447832,-90.9456257,6265,6165,6053,7,70,9,1,25,100,89,13,61,12,0,0,0,0,0,0,0,0,0,3,0,0,11,0,0,0,6265,104,6161,6075,5992,5,65,9,1,3,86,80,6,0,0,0,4750,4696,4618,1,53,8,1,15,54,52,2,0,0,0,4750,53,4697,4646,4585,1,48,8,1,3,51,49,2,0,0,0,3247,2559,688
Cass County,MO,50,2,4,29,37,1804797172,14638089,99478,40030,38.6471588,-94.3542424,99478,97441,91261,3517,544,641,68,1410,2037,1941,545,680,321,44,242,35,19,2,10,2,0,3,12,21,5,91,4,1,0,99478,3988,95490,93778,89079,3444,504,623,62,66,1712,1634,75,2,1,0,73093,72141,68066,2292,393,478,34,878,952,925,26,0,1,0,73093,2323,70770,69956,66804,2254,366,468,32,32,814,789,24,0,1,0,40030,37150,2880
Cedar County,MO,50,2,4,29,39,1228906021,62602899,13982,7224,37.7336549,-93.8500144,13982,13736,13544,14,83,44,3,48,246,240,22,157,19,4,32,0,0,2,0,0,0,3,1,0,0,6,0,0,0,13982,204,13778,13565,13432,14,72,44,3,0,213,209,4,0,0,0,10674,10525,10386,9,63,39,0,28,149,146,3,0,0,0,10674,107,10567,10426,10323,9,55,39,0,0,141,138,3,0,0,0,7224,5838,1386
Chariton County,MO,50,2,4,29,41,1945550588,40354830,7831,4167,39.5179685,-92.9616205,7831,7765,7571,156,19,7,0,12,66,65,36,18,2,4,3,1,0,0,0,0,0,1,0,0,0,1,0,0,0,7831,40,7791,7727,7544,155,18,7,0,3,64,63,1,0,0,0,6062,6035,5879,132,16,4,0,4,27,26,1,0,0,0,6062,20,6042,6015,5865,131,15,4,0,0,27,26,1,0,0,0,4167,3242,925
Christian County,MO,50,2,4,29,43,1457243827,3012596,77422,31576,36.9697388,-93.1876139,77422,76050,74122,449,491,393,53,542,1372,1293,302,587,227,47,98,6,2,3,5,1,0,4,1,8,2,74,5,0,0,77422,1898,75524,74321,72982,433,442,385,50,29,1203,1149,53,1,0,0,56236,55600,54353,279,342,262,33,331,636,615,20,1,0,0,56236,1075,55161,54588,53702,270,309,258,31,18,573,556,17,0,0,0,31576,29077,2499
Clark County,MO,50,2,4,29,45,1307146971,18473547,7139,3473,40.4072748,-91.729472,7139,7067,7011,19,9,23,0,5,72,70,12,45,6,2,3,0,1,0,0,1,0,0,0,0,0,2,0,0,0,7139,42,7097,7027,6978,19,8,22,0,0,70,68,2,0,0,0,5422,5377,5338,10,7,17,0,5,45,44,1,0,0,0,5422,21,5401,5357,5324,10,7,16,0,0,44,43,1,0,0,0,3473,2933,540
Clay County,MO,50,2,4,29,47,1028998027,29455718,221939,93918,39.3155512,-94.4215023,221939,215841,194100,11506,1176,4551,586,3922,6098,5720,1790,1460,995,126,827,122,57,17,189,13,2,14,46,51,11,359,19,0,0,221939,13101,208838,204170,186611,11220,1015,4503,549,272,4668,4392,261,15,0,0,164672,162006,147366,7620,900,3187,381,2552,2666,2520,137,9,0,0,164672,7863,156809,154699,142792,7469,797,3161,364,116,2110,1995,108,7,0,0,93918,87217,6701
Clinton County,MO,50,2,4,29,49,1085089929,11723669,20743,8876,39.6087233,-94.3958028,20743,20406,19802,290,153,72,2,87,337,312,113,112,39,10,30,0,0,0,5,1,1,0,1,0,0,19,0,6,0,20743,322,20421,20122,19606,284,144,72,2,14,299,277,16,0,6,0,15649,15473,15034,221,106,53,2,57,176,157,13,0,6,0,15649,186,15463,15303,14919,218,104,53,2,7,160,142,12,0,6,0,8876,7951,925
Cole County,MO,50,2,4,29,51,1019808362,21172451,75990,32324,38.5068473,-92.2714039,75990,74570,64137,8512,242,966,46,667,1420,1331,633,271,167,18,85,61,23,4,32,5,3,3,6,19,1,81,4,4,0,75990,1795,74195,72951,63247,8421,214,956,44,69,1244,1165,71,4,4,0,58053,57445,49761,6366,192,699,34,393,608,568,34,2,4,0,58053,1091,56962,56433,49201,6308,170,691,33,30,529,492,31,2,4,0,32324,29722,2602
Cooper County,MO,50,2,4,29,53,1462735802,11436318,17601,7463,38.8453861,-92.8123231,17601,17299,15914,1207,58,78,3,39,302,283,141,88,33,1,10,6,0,0,0,0,0,2,1,0,1,19,0,0,0,17601,232,17369,17092,15754,1201,49,77,3,8,277,262,15,0,0,0,13622,13495,12311,1043,52,61,3,25,127,123,4,0,0,0,13622,133,13489,13366,12213,1040,44,61,3,5,123,119,4,0,0,0,7463,6554,909
Crawford County,MO,50,2,4,29,55,1923109129,3203495,24696,11955,37.9665605,-91.3139328,24696,24410,24020,67,112,73,11,127,286,271,51,177,27,1,10,0,0,0,0,2,0,1,1,0,1,9,5,1,0,24696,365,24331,24065,23804,64,105,73,11,8,266,256,7,2,1,0,18695,18538,18272,41,95,52,8,70,157,146,7,3,1,0,18695,214,18481,18333,18141,40,88,52,8,4,148,141,6,0,1,0,11955,9831,2124
Dade County,MO,50,2,4,29,57,1269124871,42068886,7883,3965,37.4323495,-93.854878,7883,7709,7570,30,70,22,3,14,174,169,15,135,8,2,7,2,0,0,0,0,0,0,0,0,0,5,0,0,0,7883,121,7762,7602,7476,29,70,22,3,2,160,156,4,0,0,0,6098,5989,5882,19,59,18,3,8,109,105,4,0,0,0,6098,61,6037,5931,5830,19,59,18,3,2,106,103,3,0,0,0,3965,3271,694
Dallas County,MO,50,2,4,29,59,1400586526,5388319,16777,7662,37.6835832,-93.0338115,16777,16486,16182,35,142,40,11,76,291,277,37,183,15,12,24,0,3,0,1,1,0,0,1,0,0,13,1,0,0,16777,260,16517,16256,16037,29,139,40,8,3,261,249,11,1,0,0,12608,12421,12216,20,100,33,7,45,187,182,4,1,0,0,12608,141,12467,12292,12135,16,99,33,7,2,175,170,4,1,0,0,7662,6524,1138
Daviess County,MO,50,2,4,29,61,1458784509,15035690,8433,4199,39.9628387,-93.970053,8433,8335,8266,23,32,5,2,7,98,87,18,47,8,3,10,0,0,0,0,0,0,0,0,0,1,11,0,0,0,8433,87,8346,8264,8211,23,23,5,2,0,82,72,10,0,0,0,6181,6144,6096,15,20,5,2,6,37,33,4,0,0,0,6181,46,6135,6101,6061,15,18,5,2,0,34,31,3,0,0,0,4199,3214,985
DeKalb County,MO,50,2,4,29,63,1091307336,11563121,12892,4329,39.8946645,-94.4071901,12892,12794,11205,1459,56,32,13,29,98,93,19,42,9,0,14,0,0,0,0,0,0,1,6,2,0,5,0,0,0,12892,219,12673,12591,11045,1454,49,31,12,0,82,78,4,0,0,0,10582,10521,8988,1442,39,23,11,18,61,57,4,0,0,0,10582,172,10410,10356,8851,1437,36,22,10,0,54,50,4,0,0,0,4329,3839,490
Dent County,MO,50,2,4,29,65,1949717319,4445126,15657,7285,37.60325,-91.4959157,15657,15400,15129,55,135,41,7,33,257,240,41,148,31,7,7,0,4,1,1,0,0,0,0,0,0,17,0,0,0,15657,148,15509,15264,15021,55,135,41,7,5,245,228,17,0,0,0,12005,11835,11637,40,100,35,2,21,170,163,7,0,0,0,12005,95,11910,11748,11568,40,100,35,2,3,162,155,7,0,0,0,7285,6338,947
Douglas County,MO,50,2,4,29,67,2107296301,2498266,13684,6519,36.9465168,-92.5158918,13684,13439,13284,30,77,31,0,17,245,231,16,175,21,1,15,0,0,0,0,1,0,1,1,0,0,14,0,0,0,13684,110,13574,13353,13218,28,74,30,0,3,221,209,12,0,0,0,10623,10460,10341,14,62,29,0,14,163,152,11,0,0,0,10623,68,10555,10409,10304,14,60,28,0,3,146,137,9,0,0,0,6519,5587,932
Dunklin County,MO,50,2,4,29,69,1401361859,15838797,31953,14419,36.1530246,-90.0622538,31953,31454,27179,3105,71,108,9,982,499,488,250,134,32,11,41,6,4,2,5,0,0,1,2,0,0,11,0,0,0,31953,1727,30226,29774,26498,3081,67,107,7,14,452,441,11,0,0,0,23869,23660,21033,1949,55,86,8,529,209,204,5,0,0,0,23869,940,22929,22737,20651,1939,52,85,7,3,192,187,5,0,0,0,14419,12837,1582
Franklin County,MO,50,2,4,29,71,2389732948,20730526,101492,43419,38.4083125,-91.0734098,101492,100309,98241,854,318,413,31,452,1183,1126,355,468,163,18,82,6,1,2,12,6,0,1,5,4,3,48,8,1,0,101492,1397,100095,99030,97390,847,290,410,30,63,1065,1018,39,7,1,0,76388,75812,74357,628,225,295,22,285,576,552,20,3,1,0,76388,833,75555,75020,73849,625,209,292,21,24,535,514,17,3,1,0,43419,39170,4249
Gasconade County,MO,50,2,4,29,73,1341103601,17192339,15222,8205,38.4411826,-91.5057795,15222,15054,14903,27,32,53,6,33,168,159,34,75,23,10,15,1,0,0,0,1,0,0,0,0,0,7,1,1,0,15222,152,15070,14918,14801,26,26,53,6,6,152,145,6,1,0,0,11858,11755,11641,19,25,44,5,21,103,97,4,1,1,0,11858,86,11772,11678,11586,18,21,44,5,4,94,89,4,1,0,0,8205,6250,1955
Gentry County,MO,50,2,4,29,75,1272776760,762384,6738,3209,40.2093789,-94.4041102,6738,6692,6629,21,13,18,0,11,46,44,13,25,3,1,1,0,0,0,0,0,0,0,1,0,0,2,0,0,0,6738,36,6702,6657,6604,20,12,18,0,3,45,43,2,0,0,0,5084,5056,5020,7,9,15,0,5,28,28,0,0,0,0,5084,21,5063,5036,5006,7,8,15,0,0,27,27,0,0,0,0,3209,2674,535
Greene County,MO,50,2,4,29,77,1749030414,6670734,275174,125387,37.2581957,-93.3406409,275174,267999,250866,7892,1856,4535,304,2546,7175,6754,2306,2346,1002,114,571,142,49,24,68,23,4,18,37,48,2,398,20,1,2,275174,8207,266967,260771,246378,7738,1667,4489,291,208,6196,5858,325,10,1,2,216801,213103,200408,5752,1441,3614,201,1687,3698,3502,184,10,1,1,216801,5260,211541,208301,197447,5669,1307,3578,191,109,3240,3072,160,6,1,1,125387,114244,11143
Grundy County,MO,50,2,4,29,79,1127360747,7123002,10261,5023,40.1125409,-93.5650538,10261,10156,9947,59,43,37,3,67,105,99,14,58,10,1,12,0,0,0,1,0,0,0,0,3,0,4,2,0,0,10261,178,10083,9994,9854,58,38,36,2,6,89,86,2,1,0,0,7794,7728,7592,37,33,24,2,40,66,63,2,1,0,0,7794,100,7694,7636,7544,36,28,23,2,3,58,57,0,1,0,0,5023,4204,819
Harrison County,MO,50,2,4,29,81,1871276203,10104176,8957,4407,40.34562,-93.9925818,8957,8874,8738,30,32,18,9,47,83,81,16,41,10,4,10,0,0,0,0,0,0,0,0,0,0,2,0,0,0,8957,141,8816,8746,8659,28,28,16,9,6,70,69,1,0,0,0,6736,6699,6604,22,24,14,5,30,37,35,2,0,0,0,6736,90,6646,6614,6553,21,20,12,5,3,32,31,1,0,0,0,4407,3669,738
Henry County,MO,50,2,4,29,83,1805085008,91639657,22272,10886,38.3864909,-93.7926278,22272,21949,21473,226,111,52,13,74,323,312,82,170,31,0,24,1,0,0,1,3,0,0,0,0,0,11,0,0,0,22272,369,21903,21623,21230,219,101,52,13,8,280,274,6,0,0,0,17316,17141,16809,155,89,38,8,42,175,170,5,0,0,0,17316,207,17109,16949,16668,151,81,38,8,3,160,156,4,0,0,0,10886,9405,1481
Hickory County,MO,50,2,4,29,85,1033641536,32677678,9627,6835,37.9367003,-93.3228345,9627,9479,9338,25,67,16,8,25,148,142,10,114,7,3,7,1,0,0,0,0,0,0,0,0,0,5,1,0,0,9627,91,9536,9394,9278,24,67,16,8,1,142,137,4,1,0,0,7962,7845,7740,14,54,12,6,19,117,112,5,0,0,0,7962,58,7904,7790,7704,13,54,12,6,1,114,110,4,0,0,0,6835,4371,2464
Holt County,MO,50,2,4,29,87,1198369596,19839057,4912,2806,40.095724,-95.2190716,4912,4886,4801,8,48,15,1,13,26,24,4,16,2,2,0,0,0,0,0,0,0,0,0,0,0,2,0,0,0,4912,39,4873,4849,4775,7,48,15,1,3,24,24,0,0,0,0,3941,3925,3871,6,34,9,1,4,16,16,0,0,0,0,3941,18,3923,3907,3857,6,34,9,1,0,16,16,0,0,0,0,2806,2133,673
Howard County,MO,50,2,4,29,89,1201362829,19893539,10144,4582,39.143365,-92.6959255,10144,9954,9310,532,47,26,4,35,190,183,85,42,28,9,9,7,0,0,0,0,0,2,1,0,0,7,0,0,0,10144,122,10022,9845,9240,527,45,25,3,5,177,170,7,0,0,0,7966,7880,7357,438,39,18,4,24,86,82,4,0,0,0,7966,73,7893,7813,7320,433,37,18,3,2,80,76,4,0,0,0,4582,3981,601
Howell County,MO,50,2,4,29,91,2401562178,2913505,40400,18021,36.7743685,-91.8873677,40400,39743,38903,156,270,198,14,202,657,638,67,391,91,9,49,5,0,0,0,2,0,3,8,12,1,19,0,0,0,40400,697,39703,39125,38499,154,249,195,14,14,578,564,14,0,0,0,30336,29923,29339,102,197,140,14,131,413,405,8,0,0,0,30336,407,29929,29553,29105,102,184,140,14,8,376,371,5,0,0,0,18021,16192,1829
Iron County,MO,50,2,4,29,93,1425165244,4675092,10630,5329,37.6259598,-90.699627,10630,10474,10250,138,51,11,0,24,156,153,27,92,12,8,12,1,0,0,0,0,0,0,1,0,0,3,0,0,0,10630,133,10497,10357,10162,131,51,11,0,2,140,139,1,0,0,0,8227,8130,7970,94,41,10,0,15,97,95,2,0,0,0,8227,83,8144,8054,7911,90,41,10,0,2,90,90,0,0,0,0,5329,4378,951
Jackson County,MO,50,2,4,29,95,1565549922,30521580,674158,312105,39.0072333,-94.3425074,674158,653472,451073,161367,3352,10755,1610,25315,20686,18949,6772,3546,2310,512,2524,1514,371,182,660,55,11,136,95,193,68,1577,135,21,4,674158,56434,617724,601643,426574,159442,2668,10621,1492,846,16081,14740,1246,79,16,0,508523,498462,356840,113648,2570,8324,1097,15983,10061,9246,737,61,15,2,508523,35017,473506,465632,341185,112632,2109,8227,1032,447,7874,7219,611,34,10,0,312105,274804,37301
Jasper County,MO,50,2,4,29,97,1653674930,7229559,117404,50668,37.2008646,-94.3388687,117404,113669,103596,2267,1778,1167,293,4568,3735,3557,905,1674,279,66,413,62,10,4,42,13,2,31,17,25,14,172,6,0,0,117404,8027,109377,106287,101019,2166,1617,1160,233,92,3090,2959,125,6,0,0,87125,85250,78711,1612,1241,860,165,2661,1875,1811,63,1,0,0,87125,4516,82609,80961,77202,1569,1153,854,136,47,1648,1595,52,1,0,0,50668,45639,5029
Jefferson County,MO,50,2,4,29,99,1700660922,19828021,218733,87626,38.2574144,-90.5431382,218733,215784,211007,1798,677,1417,49,836,2949,2812,865,1056,548,37,219,25,7,0,5,6,0,5,20,17,2,119,15,3,0,218733,3408,215325,212697,208742,1776,608,1403,48,120,2628,2519,96,10,3,0,163745,162349,158985,1246,530,1020,33,535,1396,1327,61,6,2,0,163745,2077,161668,160403,157580,1234,485,1008,33,63,1265,1210,48,5,2,0,87626,81700,5926
Johnson County,MO,50,2,4,29,101,2147829735,10126753,52595,21528,38.7458799,-93.8059991,52595,51225,47344,2279,278,802,124,398,1370,1269,388,352,294,31,109,22,21,3,14,1,2,0,12,17,3,92,2,6,1,52595,1611,50984,49784,46367,2227,245,781,120,44,1200,1120,73,1,5,1,40552,39816,36729,1809,222,667,96,293,736,679,53,1,2,1,40552,1031,39521,38880,36130,1774,199,656,92,29,641,596,42,1,1,1,21528,19311,2217
Knox County,MO,50,2,4,29,103,1305381639,7301639,4131,2289,40.1367764,-92.1468094,4131,4089,4047,14,7,8,0,13,42,41,9,22,5,4,0,0,0,0,0,0,0,0,1,0,0,1,0,0,0,4131,34,4097,4056,4027,14,7,8,0,0,41,40,1,0,0,0,3099,3075,3046,10,6,8,0,5,24,23,1,0,0,0,3099,19,3080,3056,3032,10,6,8,0,0,24,23,1,0,0,0,2289,1708,581
Laclede County,MO,50,2,4,29,105,1980608825,8534395,35571,15778,37.6596901,-92.5948322,35571,34885,34051,241,240,156,18,179,686,656,132,311,94,26,60,9,4,1,3,3,2,1,6,4,0,30,0,0,0,35571,719,34852,34243,33596,237,229,148,16,17,609,582,27,0,0,0,26664,26318,25736,162,180,115,16,109,346,333,13,0,0,0,26664,404,26260,25949,25484,160,170,110,15,10,311,299,12,0,0,0,15778,14081,1697
Lafayette County,MO,50,2,4,29,107,1627634631,27220864,33381,14718,39.0687048,-93.8026388,33381,32731,31422,742,140,133,48,246,650,628,231,246,71,15,47,15,0,0,1,1,0,0,1,0,0,15,7,0,0,33381,740,32641,32049,31002,726,131,125,45,20,592,571,14,7,0,0,25194,24888,23900,591,103,97,39,158,306,294,9,3,0,0,25194,456,24738,24460,23641,581,96,93,38,11,278,267,8,3,0,0,14718,13022,1696
Lawrence County,MO,50,2,4,29,109,1584390538,4249575,38634,16649,37.1061352,-93.8332618,38634,37981,36179,102,329,136,25,1210,653,631,91,369,52,7,97,1,1,0,4,1,0,2,2,4,0,22,0,0,0,38634,2444,36190,35669,35140,83,301,124,10,11,521,504,17,0,0,0,28459,28101,27022,64,227,95,17,676,358,344,14,0,0,0,28459,1336,27123,26812,26446,54,207,93,8,4,311,297,14,0,0,0,16649,14869,1780
Lewis County,MO,50,2,4,29,111,1308052730,14901513,10211,4535,40.0845592,-91.7288031,10211,10069,9635,323,30,25,7,49,142,141,61,41,12,6,8,2,3,0,6,1,0,0,1,0,0,1,0,0,0,10211,159,10052,9924,9546,321,25,22,7,3,128,127,1,0,0,0,7816,7748,7401,261,23,24,6,33,68,67,1,0,0,0,7816,103,7713,7652,7344,259,20,22,6,1,61,60,1,0,0,0,4535,3874,661
Lincoln County,MO,50,2,4,29,113,1622772175,36019423,52566,21011,39.058568,-90.9577713,52566,51629,49938,984,173,193,13,328,937,880,336,318,120,7,65,17,2,0,2,0,2,4,1,4,2,54,1,2,0,52566,1032,51534,50711,49364,963,154,191,11,28,823,778,42,1,2,0,37840,37432,36282,704,136,125,7,178,408,384,21,1,2,0,37840,561,37279,36919,35962,696,123,124,6,8,360,342,15,1,2,0,21011,18906,2105
Linn County,MO,50,2,4,29,115,1594303225,15054103,12761,6429,39.8644404,-93.108019,12761,12602,12401,86,31,27,1,56,159,153,78,38,12,0,20,1,1,0,3,0,0,0,0,0,0,6,0,0,0,12761,193,12568,12438,12297,85,26,26,1,3,130,127,3,0,0,0,9605,9545,9397,65,28,25,1,29,60,60,0,0,0,0,9605,104,9501,9452,9336,65,24,24,1,2,49,49,0,0,0,0,6429,5299,1130
Livingston County,MO,50,2,4,29,117,1378726390,16155419,15195,6730,39.778587,-93.5482013,15195,15013,14494,367,49,42,3,58,182,172,76,49,32,2,9,2,0,0,1,0,0,0,1,0,0,10,0,0,0,15195,181,15014,14843,14386,365,45,40,3,4,171,161,10,0,0,0,11866,11792,11354,321,40,39,3,35,74,72,2,0,0,0,11866,110,11756,11688,11288,320,37,38,3,2,68,66,2,0,0,0,6730,5871,859
McDonald County,MO,50,2,4,29,119,1397247203,520250,23083,9925,36.630218,-94.3439556,23083,22333,19619,133,663,192,258,1468,750,726,63,474,37,11,106,1,1,3,10,1,1,4,11,1,2,23,1,0,0,23083,2587,20496,19870,18700,127,599,186,255,3,626,607,18,1,0,0,16608,16171,14472,106,454,123,168,848,437,432,5,0,0,0,16608,1445,15163,14771,13970,105,408,121,166,1,392,387,5,0,0,0,9925,8404,1521
Macon County,MO,50,2,4,29,121,2075167141,28864245,15566,7665,39.829795,-92.56434,15566,15324,14816,353,33,64,9,49,242,233,107,99,12,4,5,6,0,0,0,0,0,0,0,0,0,9,0,0,0,15566,150,15416,15194,14735,349,30,63,9,8,222,214,8,0,0,0,11787,11689,11347,242,29,40,7,24,98,94,4,0,0,0,11787,87,11700,11612,11295,241,26,39,7,4,88,84,4,0,0,0,7665,6412,1253
Madison County,MO,50,2,4,29,123,1280463424,8313020,12226,5970,37.4732347,-90.3454526,12226,12124,11873,34,44,42,3,128,102,101,22,45,9,7,14,1,0,0,0,2,0,0,1,0,0,1,0,0,0,12226,244,11982,11892,11781,32,34,41,1,3,90,90,0,0,0,0,9295,9241,9081,17,27,34,2,80,54,54,0,0,0,0,9295,137,9158,9105,9031,15,22,33,1,3,53,53,0,0,0,0,5970,4898,1072
Maries County,MO,50,2,4,29,125,1364869338,7636526,9176,4611,38.1626154,-91.923601,9176,9072,8964,24,54,5,1,24,104,102,15,67,8,4,6,2,0,0,0,0,0,0,0,0,0,2,0,0,0,9176,75,9101,9000,8912,24,52,5,1,6,101,99,2,0,0,0,7022,6956,6875,23,39,3,1,15,66,66,0,0,0,0,7022,42,6980,6915,6847,23,37,3,1,4,65,65,0,0,0,0,4611,3705,906
Marion County,MO,50,2,4,29,127,1131627516,19114256,28781,12826,39.8075383,-91.6353791,28781,28170,26421,1417,51,153,21,107,611,577,304,145,44,9,44,14,0,0,4,1,0,1,2,9,0,34,0,0,0,28781,391,28390,27845,26202,1400,46,153,20,24,545,524,21,0,0,0,21893,21653,20404,1017,41,112,14,65,240,228,12,0,0,0,21893,237,21656,21448,20266,1006,38,112,13,13,208,200,8,0,0,0,12826,11377,1449
Mercer County,MO,50,2,4,29,129,1175427598,3302258,3785,2135,40.4214135,-93.5676313,3785,3749,3700,6,17,19,1,6,36,36,9,20,4,2,1,0,0,0,0,0,0,0,0,0,0,0,0,0,0,3785,28,3757,3725,3683,6,17,19,0,0,32,32,0,0,0,0,2822,2806,2769,5,12,13,1,6,16,16,0,0,0,0,2822,18,2804,2790,2760,5,12,13,0,0,14,14,0,0,0,0,2135,1560,575
Miller County,MO,50,2,4,29,131,1534813196,19159067,24748,12758,38.2167197,-92.4298711,24748,24378,23941,99,136,70,36,96,370,359,70,195,36,6,40,0,0,0,0,0,2,6,2,0,2,9,0,2,0,24748,343,24405,24089,23762,95,123,69,36,4,316,311,5,0,0,0,18604,18403,18119,47,100,52,23,62,201,195,4,0,2,0,18604,196,18408,18227,18013,45,91,51,23,4,181,178,3,0,0,0,12758,9917,2841
Mississippi County,MO,50,2,4,29,133,1065995440,44494570,14358,5711,36.826264,-89.2959286,14358,14207,10633,3440,30,24,1,79,151,147,60,35,10,1,20,11,1,1,4,0,0,1,2,1,0,4,0,0,0,14358,231,14127,14001,10521,3423,29,19,1,8,126,122,4,0,0,0,11170,11099,8389,2623,21,19,1,46,71,68,3,0,0,0,11170,143,11027,10967,8311,2613,21,17,1,4,60,57,3,0,0,0,5711,5180,531
Moniteau County,MO,50,2,4,29,135,1074910753,9960727,15607,6176,38.6330371,-92.5836417,15607,15421,14426,581,54,56,10,294,186,177,18,103,15,5,23,0,1,0,2,5,1,1,3,0,0,9,0,0,0,15607,586,15021,14861,14160,580,54,48,9,10,160,153,7,0,0,0,11681,11571,10760,558,33,42,8,170,110,104,6,0,0,0,11681,337,11344,11244,10608,558,33,35,7,3,100,94,6,0,0,0,6176,5532,644
Monroe County,MO,50,2,4,29,137,1677414025,58301278,8840,4798,39.4982695,-92.0064582,8840,8731,8403,264,26,28,1,9,109,104,56,29,8,0,7,0,0,0,1,3,0,0,0,0,0,5,0,0,0,8840,85,8755,8653,8340,263,22,27,1,0,102,97,5,0,0,0,6779,6728,6496,189,17,18,1,7,51,49,2,0,0,0,6779,45,6734,6687,6465,189,15,17,1,0,47,45,2,0,0,0,4798,3638,1160
Montgomery County,MO,50,2,4,29,139,1388874432,14919654,12236,6130,38.9351623,-91.4654372,12236,12054,11713,201,23,31,2,84,182,176,52,87,13,3,12,3,0,2,0,3,0,0,1,0,0,6,0,0,0,12236,172,12064,11899,11642,199,22,31,2,3,165,161,4,0,0,0,9383,9285,9027,145,22,29,2,60,98,96,2,0,0,0,9383,121,9262,9175,8979,144,21,29,2,0,87,86,1,0,0,0,6130,4868,1262
Morgan County,MO,50,2,4,29,141,1547855851,42450326,20565,15517,38.4208069,-92.8748352,20565,20201,19770,131,135,76,2,87,364,341,48,205,41,2,37,4,0,0,0,0,2,1,0,0,1,21,2,0,0,20565,365,20200,19890,19573,123,113,75,2,4,310,294,16,0,0,0,16031,15799,15497,96,108,46,2,50,232,216,14,2,0,0,16031,211,15820,15623,15388,91,94,45,2,3,197,186,11,0,0,0,15517,8450,7067
New Madrid County,MO,50,2,4,29,143,1747828331,56291671,18956,8531,36.5942608,-89.6559485,18956,18680,15491,2999,45,80,7,58,276,263,125,84,18,2,20,8,0,0,3,0,0,1,1,1,0,12,1,0,0,18956,214,18742,18493,15380,2983,40,75,7,8,249,240,9,0,0,0,14442,14321,12116,2070,41,57,3,34,121,112,8,1,0,0,14442,118,14324,14213,12061,2057,36,54,3,2,111,105,6,0,0,0,8531,7742,789
Newton County,MO,50,2,4,29,145,1618133227,4717540,58114,24313,36.9080167,-94.3347407,58114,56327,51914,438,1339,770,507,1359,1787,1736,219,1130,113,60,118,14,1,3,2,2,4,6,9,26,29,49,2,0,0,58114,2537,55577,53968,50967,429,1286,758,488,40,1609,1565,43,1,0,0,43352,42356,39554,298,893,497,300,814,996,971,23,2,0,0,43352,1458,41894,40969,39006,294,863,493,290,23,925,904,20,1,0,0,24313,22021,2292
Nodaway County,MO,50,2,4,29,147,2271326393,2361606,23370,9524,40.3604838,-94.8832814,23370,23153,22083,566,45,378,3,78,217,208,56,61,52,5,14,8,4,0,2,1,0,1,2,1,1,9,0,0,0,23370,302,23068,22876,21881,563,41,377,3,11,192,184,8,0,0,0,19107,18968,18011,523,41,325,3,65,139,133,6,0,0,0,19107,242,18865,18745,17850,520,37,324,3,11,120,115,5,0,0,0,9524,8545,979
Oregon County,MO,50,2,4,29,149,2045561195,4528601,10881,5486,36.6848672,-91.4029021,10881,10698,10511,15,126,32,4,10,183,183,11,142,11,1,11,0,0,0,0,0,2,1,0,0,4,0,0,0,0,10881,131,10750,10578,10407,15,115,32,4,5,172,172,0,0,0,0,8455,8321,8180,7,94,27,3,10,134,134,0,0,0,0,8455,84,8371,8242,8112,7,88,27,3,5,129,129,0,0,0,0,5486,4527,959
Osage County,MO,50,2,4,29,151,1565248144,15812863,13878,6533,38.4642535,-91.8595036,13878,13812,13718,28,32,14,7,13,66,65,20,31,7,4,2,1,0,0,0,0,0,0,0,0,0,1,0,0,0,13878,84,13794,13730,13654,28,29,14,4,1,64,63,1,0,0,0,10445,10400,10334,19,23,11,5,8,45,44,1,0,0,0,10445,61,10384,10341,10286,19,21,11,4,0,43,42,1,0,0,0,6533,5328,1205
Ozark County,MO,50,2,4,29,153,1929467474,26574823,9723,5652,36.6496431,-92.4585804,9723,9588,9468,11,70,13,0,26,135,131,15,89,10,3,10,1,0,0,0,2,0,0,1,0,0,1,1,2,0,9723,128,9595,9471,9387,11,58,13,0,2,124,121,1,1,1,0,7774,7681,7596,5,52,13,0,15,93,89,1,1,2,0,7774,84,7690,7604,7540,5,44,13,0,2,86,83,1,1,1,0,5652,4194,1458
Pemiscot County,MO,50,2,4,29,155,1275682068,54104401,18296,8161,36.2099162,-89.7859419,18296,18025,12882,4899,50,41,7,146,271,268,135,79,9,3,18,7,3,1,5,0,0,0,0,8,0,3,0,0,0,18296,341,17955,17706,12741,4879,37,41,0,8,249,246,3,0,0,0,13262,13165,9946,3047,42,33,7,90,97,97,0,0,0,0,13262,208,13054,12962,9859,3031,33,33,0,6,92,92,0,0,0,0,8161,7350,811
Perry County,MO,50,2,4,29,157,1228570257,25398710,18971,8568,37.7111296,-89.8021249,18971,18801,18442,75,61,85,6,132,170,162,32,71,28,9,18,1,1,0,0,0,0,0,0,1,1,1,0,7,0,18971,318,18653,18501,18299,70,45,85,1,1,152,144,1,0,7,0,14209,14120,13861,54,51,63,4,87,89,85,0,0,4,0,14209,196,14013,13932,13778,52,38,63,1,0,81,77,0,0,4,0,8568,7357,1211
Pettis County,MO,50,2,4,29,159,1766947035,10482137,42201,18249,38.7273667,-93.2852073,42201,41250,37839,1264,177,253,31,1686,951,909,373,212,101,16,149,15,9,3,11,1,1,14,2,0,2,39,3,0,0,42201,3046,39155,38400,36701,1244,137,247,30,41,755,722,31,2,0,0,31417,31010,28748,929,131,205,19,978,407,388,17,2,0,0,31417,1724,29693,29371,28114,917,108,201,19,12,322,304,16,2,0,0,18249,16428,1821
Phelps County,MO,50,2,4,29,161,1739911952,6574662,45156,19533,37.8663263,-91.7903492,45156,44185,41409,1008,251,1316,33,168,971,924,262,368,185,21,45,8,8,1,7,1,1,2,6,9,0,43,3,1,0,45156,923,44233,43359,40792,977,221,1313,29,27,874,832,38,3,1,0,35364,34798,32565,757,203,1134,23,116,566,535,29,1,1,0,35364,598,34766,34249,32160,738,184,1131,21,15,517,488,27,1,1,0,19533,17564,1969
Pike County,MO,50,2,4,29,163,1736425445,36979764,18516,7875,39.3441784,-91.1710415,18516,18255,16698,1333,39,43,3,139,261,244,116,52,24,4,27,10,0,0,4,1,0,0,6,0,0,17,0,0,0,18516,331,18185,17960,16519,1327,38,43,3,30,225,209,16,0,0,0,14409,14299,12943,1212,30,31,2,81,110,104,6,0,0,0,14409,211,14198,14100,12826,1206,29,31,2,6,98,93,5,0,0,0,7875,6560,1315
Platte County,MO,50,2,4,29,165,1088286859,17131989,89322,39223,39.3786957,-94.7614717,89322,87128,77914,5270,449,2051,292,1152,2194,2027,599,503,478,53,226,34,31,8,35,10,2,6,10,29,3,155,4,8,0,89322,4424,84898,83093,75135,5147,370,2031,287,123,1805,1676,117,4,8,0,67326,66303,59772,3670,344,1554,182,781,1023,952,67,2,2,0,67326,2760,64566,63720,58043,3601,285,1541,180,70,846,794,48,2,2,0,39223,36103,3120
Polk County,MO,50,2,4,29,167,1645996569,17839794,31137,13304,37.6167611,-93.4008166,31137,30661,29946,235,197,105,9,169,476,448,89,250,49,9,38,3,0,1,3,0,1,1,3,1,0,27,1,0,0,31137,615,30522,30103,29565,226,190,104,9,9,419,393,25,1,0,0,23471,23183,22684,162,154,74,8,101,288,273,14,1,0,0,23471,348,23123,22858,22467,157,151,73,8,2,265,250,14,1,0,0,13304,11677,1627
Pulaski County,MO,50,2,4,29,169,1416979227,11347396,52274,17904,37.8248346,-92.2070224,52274,49742,40506,5984,410,1346,298,1198,2532,2293,734,476,461,56,192,70,74,15,77,22,1,7,50,32,26,216,20,3,0,52274,4705,47569,45557,37863,5680,352,1295,292,75,2012,1830,166,14,2,0,39737,38495,31261,4608,327,1145,220,934,1242,1139,92,11,0,0,39737,3287,36450,35438,29399,4391,281,1107,214,46,1012,932,74,6,0,0,17904,16004,1900
Putnam County,MO,50,2,4,29,171,1339845120,5942197,4979,2982,40.4786055,-93.0145314,4979,4937,4889,9,7,24,1,7,42,41,6,25,8,1,1,0,0,0,0,0,0,0,0,0,0,1,0,0,0,4979,36,4943,4904,4865,9,7,22,1,0,39,38,1,0,0,0,3819,3797,3766,4,6,17,1,3,22,21,1,0,0,0,3819,21,3798,3777,3750,4,6,16,1,0,21,20,1,0,0,0,2982,2132,850
Ralls County,MO,50,2,4,29,173,1216726347,36397428,10167,5183,39.5534554,-91.5247867,10167,10068,9892,108,14,20,12,22,99,98,28,42,16,1,9,0,0,1,0,0,0,0,1,0,0,0,0,1,0,10167,98,10069,9985,9828,107,14,19,12,5,84,84,0,0,0,0,7789,7747,7608,88,12,13,8,18,42,41,0,0,1,0,7789,61,7728,7690,7567,88,12,12,8,3,38,38,0,0,0,0,5183,4091,1092
Randolph County,MO,50,2,4,29,175,1250145642,13315608,25414,10714,39.4416013,-92.4927245,25414,24879,23133,1490,74,106,3,73,535,520,251,161,49,10,22,9,2,0,5,1,0,2,4,4,0,15,0,0,0,25414,413,25001,24526,22865,1477,66,105,3,10,475,468,7,0,0,0,19535,19340,17886,1267,57,82,3,45,195,191,4,0,0,0,19535,235,19300,19123,17720,1264,53,81,3,2,177,174,3,0,0,0,10714,9342,1372
Ray County,MO,50,2,4,29,177,1473198814,13288734,23494,9984,39.3084005,-93.9957462,23494,23171,22635,280,119,61,17,59,323,320,117,117,37,9,19,2,1,0,6,5,0,2,1,3,1,3,0,0,0,23494,415,23079,22795,22338,265,114,60,15,3,284,281,3,0,0,0,17627,17466,17066,215,94,42,11,38,161,159,2,0,0,0,17627,238,17389,17245,16898,206,90,41,10,0,144,142,2,0,0,0,9984,8957,1027
Reynolds County,MO,50,2,4,29,179,2093947170,15372837,6696,4033,37.3608568,-90.9695158,6696,6592,6477,45,41,12,1,16,104,103,12,82,5,2,1,0,0,0,1,0,0,0,0,0,0,1,0,0,0,6696,64,6632,6529,6433,45,37,12,1,1,103,102,1,0,0,0,5164,5083,5012,17,32,9,1,12,81,80,1,0,0,0,5164,40,5124,5044,4988,17,29,9,1,0,80,79,1,0,0,0,4033,2778,1255
Ripley County,MO,50,2,4,29,181,1630492528,5449067,14100,6597,36.6489017,-90.8670597,14100,13901,13649,49,124,47,1,31,199,187,18,127,21,1,17,2,0,0,0,0,0,0,1,0,0,12,0,0,0,14100,142,13958,13782,13563,49,122,44,0,4,176,168,8,0,0,0,10793,10672,10508,14,99,33,0,18,121,116,5,0,0,0,10793,85,10708,10594,10450,14,97,30,0,3,114,109,5,0,0,0,6597,5637,960
St. Charles County,MO,50,2,4,29,183,1451520382,83325897,360485,141016,38.7811023,-90.6749153,360485,354175,327018,14960,851,7850,173,3323,6310,5949,2269,1259,1394,82,451,123,70,3,71,19,2,18,51,124,13,339,18,4,0,360485,9983,350502,344966,321078,14827,692,7789,153,427,5536,5239,278,17,2,0,267625,264991,246351,10242,621,5604,117,2056,2634,2467,158,5,4,0,267625,6158,261467,259177,242626,10177,514,5559,104,197,2290,2153,130,5,2,0,141016,134274,6742
St. Clair County,MO,50,2,4,29,185,1735247885,83056509,9805,5640,38.0390688,-93.7730765,9805,9629,9464,53,68,12,1,31,176,170,24,102,13,2,24,2,0,0,1,1,0,1,0,0,0,6,0,0,0,9805,170,9635,9485,9366,47,58,12,1,1,150,146,4,0,0,0,7845,7714,7592,37,50,11,1,23,131,125,6,0,0,0,7845,100,7745,7631,7535,36,47,11,1,1,114,110,4,0,0,0,5640,4161,1479
Ste. Genevieve County,MO,50,2,4,29,186,1292799524,19740673,18145,8637,37.8901797,-90.1811702,18145,17966,17715,118,53,49,2,29,179,164,54,85,9,2,8,0,0,0,0,2,0,2,2,0,0,15,0,0,0,18145,149,17996,17828,17607,117,52,49,1,2,168,153,15,0,0,0,13924,13836,13636,99,42,36,1,22,88,83,5,0,0,0,13924,91,13833,13750,13573,98,41,36,1,1,83,78,5,0,0,0,8637,7040,1597
St. Francois County,MO,50,2,4,29,187,1170380864,7217225,65359,28458,37.8107068,-90.4738684,65359,64603,61180,2775,246,244,32,126,756,720,204,341,92,9,48,6,2,1,8,1,0,3,4,1,0,25,6,5,0,65359,778,64581,63904,60631,2759,228,242,32,12,677,647,19,6,5,0,50951,50531,47469,2579,190,177,23,93,420,399,16,2,3,0,50951,529,50422,50042,47098,2566,175,175,23,5,380,363,12,2,3,0,28458,23981,4477
St. Louis County,MO,50,2,4,29,189,1315195242,39414600,998954,438032,38.6407022,-90.4459541,998954,980358,701948,233029,1962,34597,307,8515,18596,17048,6359,2345,4421,192,1014,1040,495,109,441,78,15,43,122,347,27,1418,109,20,1,998954,25024,973930,957343,687984,231801,1632,34466,273,1187,16587,15264,1224,84,14,1,764780,755909,558920,163927,1432,25933,213,5484,8871,8010,782,62,16,1,764780,16286,748494,740610,549509,163198,1243,25845,194,621,7884,7140,681,50,12,1,438032,404765,33267
Saline County,MO,50,2,4,29,195,1956746210,29558146,23370,10117,39.1358403,-93.2041639,23370,22808,20135,1235,75,124,158,1081,562,550,236,136,44,11,77,8,8,0,13,0,0,10,3,2,2,11,1,0,0,23370,1925,21445,21003,19441,1217,49,123,152,21,442,435,7,0,0,0,17974,17717,15786,980,57,104,95,695,257,249,7,1,0,0,17974,1170,16804,16598,15384,970,41,103,92,8,206,201,5,0,0,0,10117,8883,1234
Schuyler County,MO,50,2,4,29,197,795911533,2216869,4431,2102,40.4693611,-92.5190156,4431,4395,4369,1,7,10,0,8,36,36,11,14,2,2,6,0,0,0,0,0,0,0,1,0,0,0,0,0,0,4431,29,4402,4371,4353,1,7,10,0,0,31,31,0,0,0,0,3291,3274,3259,0,5,4,0,6,17,17,0,0,0,0,3291,15,3276,3259,3250,0,5,4,0,0,17,17,0,0,0,0,2102,1796,306
Scotland County,MO,50,2,4,29,199,1130971492,6798720,4843,2369,40.4476855,-92.1428235,4843,4820,4776,3,12,11,0,18,23,22,8,13,1,0,0,0,0,0,0,0,0,0,0,0,0,0,1,0,0,4843,33,4810,4787,4760,3,12,11,0,1,23,22,0,1,0,0,3481,3468,3441,2,7,9,0,9,13,12,0,1,0,0,3481,17,3464,3451,3432,2,7,9,0,1,13,12,0,1,0,0,2369,1880,489
Scott County,MO,50,2,4,29,201,1087768829,15196632,39191,16987,37.0477927,-89.5680975,39191,38555,33606,4468,83,133,10,255,636,610,275,202,38,15,56,16,1,0,4,0,0,2,1,0,0,25,1,0,0,39191,705,38486,37923,33257,4436,77,133,8,12,563,539,23,1,0,0,29341,29051,25839,2882,71,93,9,157,290,281,9,0,0,0,29341,402,28939,28670,25638,2863,66,93,7,3,269,261,8,0,0,0,16987,15538,1449
Shannon County,MO,50,2,4,29,203,2599881132,464007,8441,4164,37.1519796,-91.3983635,8441,8249,8103,17,77,15,0,37,192,191,12,154,9,3,13,0,0,0,0,0,0,0,0,0,0,1,0,0,0,8441,139,8302,8122,8014,16,76,15,0,1,180,179,1,0,0,0,6470,6335,6210,14,69,13,0,29,135,134,1,0,0,0,6470,72,6398,6272,6175,14,69,13,0,1,126,125,1,0,0,0,4164,3448,716
Shelby County,MO,50,2,4,29,205,1297230497,3764583,6373,3206,39.7975309,-92.0887194,6373,6326,6249,32,11,13,0,21,47,40,23,14,3,0,0,0,0,0,0,0,0,0,0,0,0,7,0,0,0,6373,71,6302,6256,6202,32,9,13,0,0,46,39,7,0,0,0,4776,4765,4718,16,7,9,0,15,11,9,2,0,0,0,4776,49,4727,4717,4687,16,5,9,0,0,10,8,2,0,0,0,3206,2581,625
Stoddard County,MO,50,2,4,29,207,2132134868,15019714,29968,13609,36.8554282,-89.9417354,29968,29666,29150,275,109,51,4,77,302,297,64,147,35,5,33,5,0,0,1,0,1,6,0,0,0,5,0,0,0,29968,356,29612,29352,28931,274,91,51,2,3,260,257,3,0,0,0,23137,22958,22586,206,80,35,3,48,179,177,2,0,0,0,23137,212,22925,22767,22458,205,66,35,2,1,158,156,2,0,0,0,13609,12255,1354
Stone County,MO,50,2,4,29,209,1201840755,121066344,32202,20373,36.7478573,-93.4677823,32202,31766,31299,53,182,96,10,126,436,416,61,265,29,9,44,3,0,0,1,1,1,1,0,1,0,13,3,4,0,32202,553,31649,31277,30938,46,172,95,8,18,372,360,12,0,0,0,26170,25919,25566,35,154,73,9,82,251,241,8,1,1,0,26170,345,25825,25600,25339,28,145,72,7,9,225,218,7,0,0,0,20373,13690,6683
Sullivan County,MO,50,2,4,29,211,1678263572,9124043,6714,3358,40.209587,-93.1097826,6714,6634,5957,34,44,8,9,582,80,78,8,28,4,1,35,0,0,0,0,0,0,0,0,1,1,2,0,0,0,6714,1248,5466,5425,5350,30,32,8,1,4,41,39,2,0,0,0,5089,5048,4609,17,22,6,9,385,41,40,1,0,0,0,5089,797,4292,4267,4223,16,20,6,1,1,25,24,1,0,0,0,3358,2740,618
Taney County,MO,50,2,4,29,213,1638002904,49736703,51675,29255,36.6498267,-93.0428188,51675,50546,48375,449,410,337,46,929,1129,1057,206,467,137,41,150,8,1,1,2,8,1,27,4,3,1,71,0,1,0,51675,2494,49181,48286,47083,405,376,329,40,53,895,845,50,0,0,0,40248,39597,38042,314,326,266,32,617,651,616,34,0,1,0,40248,1562,38686,38160,37260,275,298,258,30,39,526,502,24,0,0,0,29255,20755,8500
Texas County,MO,50,2,4,29,215,3049104495,5071374,26008,11685,37.3142565,-91.9644783,26008,25533,24332,876,180,81,8,56,475,462,72,301,54,4,18,0,2,0,1,2,0,2,1,3,2,11,2,0,0,26008,425,25583,25146,24010,871,167,80,7,11,437,425,11,1,0,0,20287,19972,18872,850,141,60,7,42,315,307,7,1,0,0,20287,269,20018,19725,18673,845,133,59,7,8,293,286,7,0,0,0,11685,10057,1628
Vernon County,MO,50,2,4,29,217,2140360166,27016708,21159,9495,37.8501957,-94.3415972,21159,20864,20409,102,155,104,8,86,295,287,50,187,22,5,12,1,1,0,0,1,1,1,0,5,1,8,0,0,0,21159,336,20823,20553,20197,100,141,103,8,4,270,265,5,0,0,0,15896,15731,15408,73,116,73,4,57,165,162,3,0,0,0,15896,205,15691,15539,15284,71,105,72,4,3,152,149,3,0,0,0,9495,8396,1099
Warren County,MO,50,2,4,29,219,1110071693,23747239,32513,14685,38.761902,-91.1593065,32513,31938,30685,621,133,136,11,352,575,549,239,163,74,2,52,7,1,0,7,2,0,0,1,1,0,22,4,0,0,32513,957,31556,31053,30201,598,113,123,10,8,503,479,20,4,0,0,24387,24158,23296,447,90,103,8,214,229,213,14,2,0,0,24387,561,23826,23623,23007,428,80,96,8,4,203,187,14,2,0,0,14685,12339,2346
Washington County,MO,50,2,4,29,221,1968164689,6670629,25195,11017,37.942315,-90.8970558,25195,24889,24142,557,100,48,5,37,306,291,68,171,20,3,22,3,1,0,0,0,0,1,2,0,0,14,0,1,0,25195,255,24940,24679,23969,554,95,48,5,8,261,253,7,0,1,0,19132,18942,18290,513,87,30,5,17,190,180,9,0,1,0,19132,153,18979,18811,18181,510,83,30,5,2,168,164,3,0,1,0,11017,9355,1662
Wayne County,MO,50,2,4,29,223,1966257806,38559098,13521,8083,37.1138253,-90.4608682,13521,13306,13138,38,56,32,2,40,215,213,31,148,11,1,14,4,0,0,0,0,0,1,2,0,1,2,0,0,0,13521,140,13381,13180,13053,33,55,32,2,5,201,200,1,0,0,0,10715,10553,10433,22,51,23,2,22,162,160,2,0,0,0,10715,92,10623,10468,10375,17,50,23,2,1,155,154,1,0,0,0,8083,5717,2366
Webster County,MO,50,2,4,29,225,1534729111,3111540,36202,14417,37.2808043,-92.8760795,36202,35643,34855,326,244,74,8,136,559,531,97,324,46,18,29,5,1,0,0,1,2,2,2,2,2,27,1,0,0,36202,612,35590,35097,34469,320,221,70,6,11,493,473,20,0,0,0,26163,25847,25251,289,173,50,5,79,316,309,6,1,0,0,26163,325,25838,25553,25046,284,164,48,4,7,285,279,6,0,0,0,14417,13062,1355
Worth County,MO,50,2,4,29,227,690523510,535495,2171,1281,40.4804817,-94.4191286,2171,2157,2121,12,5,6,0,13,14,14,1,5,2,0,3,0,0,0,2,0,0,1,0,0,0,0,0,0,0,2171,23,2148,2140,2115,11,5,6,0,3,8,8,0,0,0,0,1727,1720,1700,5,3,5,0,7,7,7,0,0,0,0,1727,11,1716,1710,1696,5,3,5,0,1,6,6,0,0,0,0,1281,944,337
Wright County,MO,50,2,4,29,229,1765779860,3533329,18815,8700,37.2676356,-92.4800104,18815,18575,18289,88,106,54,8,30,240,231,27,153,21,4,23,0,0,0,3,0,0,0,0,0,0,8,1,0,0,18815,238,18577,18368,18123,87,96,51,8,3,209,201,7,1,0,0,13943,13786,13592,49,83,39,4,19,157,149,7,1,0,0,13943,134,13809,13662,13493,49,77,36,4,3,147,140,6,1,0,0,8700,7499,1201
St. Louis city,MO,50,2,4,29,510,160343174,10683076,319294,176002,38.6356988,-90.2445816,319294,311732,140267,157160,838,9291,74,4102,7562,6799,2576,819,1257,84,460,773,256,80,276,41,3,18,38,106,12,708,45,9,1,319294,11130,308164,301548,134702,156389,684,9233,62,478,6616,5948,621,37,9,1,251755,247387,122651,113315,688,7882,64,2787,4368,3893,441,27,6,1,251755,7911,243844,240031,118488,112813,565,7836,58,271,3813,3392,390,24,6,1,176002,142057,33945
Beaverhead County,MT,50,4,8,30,1,14352738393,78393828,9246,5273,45.1338633,-112.8928694,9246,9096,8765,23,127,36,38,107,150,147,11,85,16,3,23,2,0,0,0,1,0,1,5,0,0,3,0,0,0,9246,338,8908,8784,8567,19,117,36,38,7,124,122,2,0,0,0,7386,7290,7037,16,88,30,32,87,96,94,2,0,0,0,7386,233,7153,7067,6904,14,81,30,32,6,86,85,1,0,0,0,5273,4014,1259
Big Horn County,MT,50,4,8,30,3,12938187715,49592964,12865,4695,45.407869,-107.5181625,12865,12529,4035,31,8275,59,3,126,336,323,4,246,24,0,17,15,0,0,0,2,3,12,0,0,0,13,0,0,0,12865,510,12355,12060,3908,30,8053,59,3,7,295,284,11,0,0,0,8597,8419,3301,15,4965,50,3,85,178,174,4,0,0,0,8597,279,8318,8164,3217,15,4872,50,3,7,154,151,3,0,0,0,4695,4004,691
Blaine County,MT,50,4,8,30,5,10949294445,29085813,6491,2843,48.4282823,-108.9676475,6491,6364,3130,7,3208,6,1,12,127,124,1,100,9,0,5,2,0,0,0,1,1,5,0,0,0,3,0,0,0,6491,115,6376,6261,3107,7,3138,6,1,2,115,113,2,0,0,0,4542,4459,2450,5,1988,5,1,10,83,82,1,0,0,0,4542,64,4478,4401,2435,5,1955,5,1,0,77,77,0,0,0,0,2843,2357,486
Broadwater County,MT,50,4,8,30,7,3088667752,119697770,5612,2695,46.3344755,-111.496103,5612,5527,5401,15,73,9,11,18,85,85,6,57,10,3,6,0,1,0,2,0,0,0,0,0,0,0,0,0,0,5612,126,5486,5413,5310,15,68,9,11,0,73,73,0,0,0,0,4350,4305,4225,9,53,4,5,9,45,45,0,0,0,0,4350,73,4277,4236,4170,9,48,4,5,0,41,41,0,0,0,0,2695,2347,348
Carbon County,MT,50,4,8,30,9,5306336324,34640087,10078,6441,45.2244745,-109.0285509,10078,9977,9793,33,84,22,3,42,101,94,10,64,8,2,8,0,0,0,2,0,0,0,0,0,0,7,0,0,0,10078,188,9890,9801,9668,30,76,22,3,2,89,82,7,0,0,0,8092,8025,7898,19,58,17,3,30,67,63,4,0,0,0,8092,113,7979,7918,7827,18,51,17,3,2,61,57,4,0,0,0,6441,4571,1870
Carter County,MT,50,4,8,30,11,8652506323,19496295,1160,810,45.5168247,-104.5153243,1160,1151,1135,1,11,1,0,3,9,9,2,4,0,0,3,0,0,0,0,0,0,0,0,0,0,0,0,0,0,1160,8,1152,1145,1132,1,11,1,0,0,7,7,0,0,0,0,957,951,939,1,7,1,0,3,6,6,0,0,0,0,957,6,951,946,937,1,7,1,0,0,5,5,0,0,0,0,810,532,278
Cascade County,MT,50,4,8,30,13,6988196577,34515098,81327,37276,47.3164427,-111.350571,81327,78380,72584,1010,3487,684,89,526,2947,2735,391,1476,404,47,194,84,29,2,6,31,4,34,26,6,1,194,17,1,0,81327,2711,78616,76120,71100,958,3274,665,78,45,2496,2331,154,11,0,0,62697,61208,56956,767,2462,570,69,384,1489,1413,69,6,1,0,62697,1657,61040,59719,56002,734,2343,554,59,27,1321,1259,56,6,0,0,37276,33809,3467
Chouteau County,MT,50,4,8,30,15,10288696814,62773734,5813,2879,47.886837,-110.4361888,5813,5722,4409,3,1267,21,6,16,91,84,2,53,7,2,1,13,0,0,0,6,0,0,0,0,0,6,0,1,0,5813,94,5719,5631,4387,1,1213,21,6,3,88,82,5,0,1,0,4262,4211,3494,1,688,13,4,11,51,48,2,0,1,0,4262,45,4217,4169,3485,0,665,13,4,2,48,46,1,0,1,0,2879,2294,585
Custer County,MT,50,4,8,30,17,9798863306,25524624,11699,5560,46.2614807,-105.550508,11699,11514,11174,34,196,37,9,64,185,176,23,106,28,7,4,2,0,0,0,2,2,1,1,0,0,9,0,0,0,11699,263,11436,11271,11009,31,185,37,3,6,165,161,4,0,0,0,9042,8945,8714,19,132,27,4,49,97,93,4,0,0,0,9042,153,8889,8800,8623,18,125,27,3,4,89,87,2,0,0,0,5560,5031,529
Daniels County,MT,50,4,8,30,19,3693594413,1021700,1751,1111,48.794429,-105.5417385,1751,1722,1676,3,37,4,0,2,29,27,1,21,3,0,1,0,0,0,0,1,0,0,0,0,0,2,0,0,0,1751,27,1724,1697,1653,3,36,4,0,1,27,26,1,0,0,0,1383,1376,1349,2,19,4,0,2,7,7,0,0,0,0,1383,19,1364,1358,1333,2,18,4,0,1,6,6,0,0,0,0,1111,798,313
Dawson County,MT,50,4,8,30,21,6143100615,29283737,8966,4233,47.2724248,-104.9010267,8966,8823,8582,27,156,27,4,27,143,142,20,101,7,0,12,1,1,0,0,0,0,0,0,0,0,1,0,0,0,8966,178,8788,8675,8477,25,141,26,3,3,113,112,1,0,0,0,7097,7020,6835,22,112,25,4,22,77,76,1,0,0,0,7097,102,6995,6932,6778,20,105,24,3,2,63,62,1,0,0,0,4233,3749,484
Deer Lodge County,MT,50,4,8,30,23,1907605107,12098953,9298,5122,46.0990592,-113.1391079,9298,9064,8660,38,285,29,4,48,234,212,26,135,14,4,21,5,4,1,0,1,1,0,0,0,0,20,0,2,0,9298,271,9027,8828,8518,36,242,28,2,2,199,182,15,0,2,0,7540,7398,7077,27,227,23,4,40,142,128,12,0,2,0,7540,182,7358,7229,6983,26,194,22,2,2,129,116,11,0,2,0,5122,4018,1104
Fallon County,MT,50,4,8,30,25,4197780621,5915343,2890,1470,46.3181841,-104.4057182,2890,2852,2814,2,12,17,2,5,38,38,14,12,6,2,4,0,0,0,0,0,0,0,0,0,0,0,0,0,0,2890,34,2856,2823,2793,2,9,17,2,0,33,33,0,0,0,0,2211,2193,2159,2,11,14,2,5,18,18,0,0,0,0,2211,23,2188,2173,2147,2,8,14,2,0,15,15,0,0,0,0,1470,1233,237
Fergus County,MT,50,4,8,30,27,11240038932,27482986,11586,5836,47.2229967,-109.2232798,11586,11410,11193,25,143,27,0,22,176,172,20,103,22,10,16,0,0,0,0,0,0,1,0,0,0,3,1,0,0,11586,171,11415,11265,11085,18,135,27,0,0,150,148,1,1,0,0,9246,9137,8967,8,123,21,0,18,109,105,3,1,0,0,9246,104,9142,9043,8899,5,118,21,0,0,99,97,1,1,0,0,5836,5099,737
Flathead County,MT,50,4,8,30,29,13176979222,437135591,90928,46963,48.3146961,-114.0543188,90928,89004,86802,201,1028,531,58,384,1924,1820,183,1059,344,52,118,16,5,2,4,8,6,10,8,2,3,98,4,2,0,90928,2070,88858,87176,85439,180,934,522,50,51,1682,1602,75,4,1,0,69674,68574,66961,128,763,410,43,269,1100,1046,50,2,2,0,69674,1253,68421,67423,66130,117,706,403,37,30,998,957,38,2,1,0,46963,37504,9459
Gallatin County,MT,50,4,8,30,31,6740934490,76086709,89513,42289,45.5355586,-111.1734431,89513,87855,85084,289,781,1027,68,606,1658,1563,205,632,446,61,155,7,2,0,11,5,1,7,8,22,1,79,15,1,0,89513,2470,87043,85663,83545,277,718,1011,56,56,1380,1308,58,13,1,0,70780,69783,67713,194,585,819,56,416,997,942,45,9,1,0,70780,1612,69168,68313,66689,184,546,808,47,39,855,810,35,9,1,0,42289,36550,5739
Garfield County,MT,50,4,8,30,33,12109116880,445782449,1206,844,47.2811742,-106.9822116,1206,1200,1189,3,5,1,0,2,6,6,1,5,0,0,0,0,0,0,0,0,0,0,0,0,0,0,0,0,0,1206,3,1203,1197,1187,3,5,1,0,1,6,6,0,0,0,0,927,926,918,0,5,1,0,2,1,1,0,0,0,0,927,2,925,924,917,0,5,1,0,1,1,1,0,0,0,0,844,532,312
Glacier County,MT,50,4,8,30,35,7759441299,106156930,13399,5348,48.7056706,-112.9905023,13399,13027,4165,17,8795,26,1,23,372,370,6,312,4,1,5,25,0,0,0,8,3,4,1,0,1,2,0,0,0,13399,241,13158,12810,4117,17,8644,26,1,5,348,346,2,0,0,0,9163,8936,3249,16,5630,20,1,20,227,225,2,0,0,0,9163,106,9057,8836,3218,16,5576,20,1,5,221,219,2,0,0,0,5348,4361,987
Golden Valley County,MT,50,4,8,30,37,3044122460,2588281,884,476,46.3806243,-109.1745855,884,865,831,0,9,6,0,19,19,19,0,14,0,0,3,0,0,0,2,0,0,0,0,0,0,0,0,0,0,884,31,853,842,822,0,9,6,0,5,11,11,0,0,0,0,692,682,661,0,5,4,0,12,10,10,0,0,0,0,692,20,672,665,654,0,5,4,0,2,7,7,0,0,0,0,476,363,113
Granite County,MT,50,4,8,30,39,4473983997,14583588,3079,2822,46.3953581,-113.4256827,3079,3027,3001,3,13,3,1,6,52,52,2,38,8,0,4,0,0,0,0,0,0,0,0,0,0,0,0,0,0,3079,44,3035,2989,2968,3,13,2,1,2,46,46,0,0,0,0,2555,2518,2497,3,12,3,1,2,37,37,0,0,0,0,2555,30,2525,2491,2473,3,12,2,1,0,34,34,0,0,0,0,2822,1417,1405
Hill County,MT,50,4,8,30,41,7508258549,44208947,16096,7250,48.6283314,-110.1063715,16096,15562,11896,50,3497,67,7,45,534,510,31,350,53,10,22,18,0,0,0,11,1,10,3,1,0,23,1,0,0,16096,373,15723,15255,11741,47,3393,66,6,2,468,449,19,0,0,0,11786,11506,9260,34,2121,51,7,33,280,272,8,0,0,0,11786,209,11577,11323,9161,32,2072,50,6,2,254,248,6,0,0,0,7250,6275,975
Jefferson County,MT,50,4,8,30,43,4289687010,6690786,11406,5055,46.1265574,-112.0567713,11406,11152,10889,16,163,40,2,42,254,249,30,170,31,6,12,0,0,0,0,0,0,0,0,0,0,5,0,0,0,11406,224,11182,10946,10724,16,159,39,2,6,236,231,5,0,0,0,8775,8627,8439,5,118,34,2,29,148,147,1,0,0,0,8775,137,8638,8500,8341,5,115,33,2,4,138,137,1,0,0,0,5055,4512,543
Judith Basin County,MT,50,4,8,30,45,4842813779,2066741,2072,1336,47.032558,-110.30532,2072,2058,2036,1,17,2,0,2,14,13,1,8,1,3,0,0,0,0,0,0,0,0,0,0,0,1,0,0,0,2072,24,2048,2034,2014,1,17,2,0,0,14,13,1,0,0,0,1645,1637,1619,0,16,1,0,1,8,7,1,0,0,0,1645,17,1628,1620,1603,0,16,1,0,0,8,7,1,0,0,0,1336,924,412
Lake County,MT,50,4,8,30,47,3859469950,423637498,28746,16588,47.6429007,-114.0836866,28746,26655,19945,98,6328,115,17,152,2091,2044,43,1801,53,14,63,25,0,2,0,24,3,13,0,3,0,45,0,2,0,28746,998,27748,25826,19568,88,6028,112,16,14,1922,1888,34,0,0,0,21465,20270,15930,60,4072,88,14,106,1195,1172,21,0,2,0,21465,551,20914,19789,15689,58,3930,86,13,13,1125,1109,16,0,0,0,16588,11432,5156
Lewis and Clark County,MT,50,4,8,30,49,8958322731,100717209,63395,30180,47.1221333,-112.3829537,63395,61843,59605,217,1335,354,44,288,1552,1482,166,914,193,26,127,9,4,0,3,9,6,9,8,4,4,61,9,0,0,63395,1582,61813,60493,58599,203,1259,350,43,39,1320,1278,38,4,0,0,49019,48176,46593,129,945,277,31,201,843,815,25,3,0,0,49019,918,48101,47341,45986,118,905,274,31,27,760,746,14,0,0,0,30180,26694,3486
Liberty County,MT,50,4,8,30,51,3703800609,44369051,2339,1043,48.5596541,-111.0369242,2339,2312,2296,2,5,3,1,5,27,24,5,14,1,2,0,1,0,0,0,0,0,0,1,0,0,3,0,0,0,2339,8,2331,2304,2293,2,5,3,1,0,27,24,3,0,0,0,1825,1818,1805,2,3,2,1,5,7,7,0,0,0,0,1825,8,1817,1810,1802,2,3,2,1,0,7,7,0,0,0,0,1043,822,221
Lincoln County,MT,50,4,8,30,53,9357408916,161123155,19687,11413,48.5422316,-115.4043432,19687,19226,18881,23,182,60,9,71,461,438,38,276,61,7,41,6,1,0,6,2,0,0,0,0,0,22,1,0,0,19687,462,19225,18813,18546,20,174,58,9,6,412,391,20,1,0,0,15791,15516,15244,13,155,46,9,49,275,264,10,1,0,0,15791,289,15502,15250,15032,11,149,46,9,3,252,242,9,1,0,0,11413,8843,2570
McCone County,MT,50,4,8,30,55,6845784269,102696937,1734,1008,47.6296277,-105.757222,1734,1713,1699,4,7,2,0,1,21,19,5,11,1,1,1,0,0,0,0,0,0,0,0,0,0,2,0,0,0,1734,13,1721,1701,1689,3,7,2,0,0,20,18,2,0,0,0,1371,1362,1353,3,4,1,0,1,9,9,0,0,0,0,1371,8,1363,1354,1347,2,4,1,0,0,9,9,0,0,0,0,1008,774,234
Madison County,MT,50,4,8,30,57,9291541248,39648957,7691,6940,45.3192879,-111.9173279,7691,7587,7445,15,38,26,0,63,104,100,13,69,8,0,8,0,0,0,0,0,0,0,1,0,1,4,0,0,0,7691,186,7505,7416,7335,15,35,26,0,5,89,85,4,0,0,0,6327,6259,6154,10,31,17,0,47,68,66,2,0,0,0,6327,139,6188,6131,6072,10,28,17,0,4,57,55,2,0,0,0,6940,3560,3380
Meagher County,MT,50,4,8,30,59,6195025766,7377415,1891,1432,46.5857058,-110.9217812,1891,1867,1852,2,5,6,0,2,24,23,1,20,0,0,0,0,0,0,0,1,0,1,0,0,0,1,0,0,0,1891,28,1863,1841,1827,2,4,6,0,2,22,21,1,0,0,0,1526,1506,1495,1,5,3,0,2,20,20,0,0,0,0,1526,22,1504,1486,1476,1,4,3,0,2,18,18,0,0,0,0,1432,806,626
Mineral County,MT,50,4,8,30,61,3158326912,9898609,4223,2446,47.1552126,-115.0645501,4223,4121,4007,11,63,30,0,10,102,102,15,64,13,0,10,0,0,0,0,0,0,0,0,0,0,0,0,0,0,4223,80,4143,4051,3952,9,60,30,0,0,92,92,0,0,0,0,3465,3391,3297,7,52,26,0,9,74,74,0,0,0,0,3465,43,3422,3353,3270,7,50,26,0,0,69,69,0,0,0,0,2446,1911,535
Missoula County,MT,50,4,8,30,63,6716936093,64479320,109299,50106,47.0272626,-113.8926807,109299,106456,101320,445,2872,1236,105,478,2843,2654,354,1392,539,46,166,38,16,2,4,20,13,22,28,9,5,173,15,1,0,109299,2861,106438,103962,99489,412,2641,1220,103,97,2476,2332,134,9,1,0,87471,85831,82083,335,2010,967,79,357,1640,1547,84,8,1,0,87471,1896,85575,84130,80856,309,1864,956,77,68,1445,1380,60,4,1,0,50106,45926,4180
Musselshell County,MT,50,4,8,30,65,4838499504,7127210,4538,2654,46.5056647,-108.4369821,4538,4453,4360,10,61,10,2,10,85,85,8,53,4,1,18,1,0,0,0,0,0,0,0,0,0,0,0,0,0,4538,118,4420,4358,4278,10,58,10,2,0,62,62,0,0,0,0,3604,3560,3490,6,45,9,2,8,44,44,0,0,0,0,3604,62,3542,3503,3442,6,44,9,2,0,39,39,0,0,0,0,2654,2046,608
Park County,MT,50,4,8,30,67,7259898824,27012589,15636,9375,45.4219048,-110.5327983,15636,15379,15090,21,131,52,5,80,257,243,23,123,42,9,27,3,0,0,1,3,4,2,2,3,1,13,1,0,0,15636,325,15311,15104,14893,19,120,51,5,16,207,202,5,0,0,0,12550,12394,12188,15,91,48,4,48,156,146,10,0,0,0,12550,194,12356,12218,12059,13,86,47,4,9,138,134,4,0,0,0,9375,7310,2065
Petroleum County,MT,50,4,8,30,69,4286096708,49036246,494,324,47.1419168,-108.2265753,494,488,488,0,0,0,0,0,6,5,2,0,0,0,3,0,0,0,0,0,0,0,0,0,0,1,0,0,0,494,5,489,486,486,0,0,0,0,0,3,2,1,0,0,0,381,379,379,0,0,0,0,0,2,2,0,0,0,0,381,2,379,378,378,0,0,0,0,0,1,1,0,0,0,0,324,225,99
Phillips County,MT,50,4,8,30,71,13312629334,186077847,4253,2335,48.2501547,-107.9288331,4253,4082,3702,1,351,10,1,17,171,170,2,136,5,0,15,2,0,0,0,1,3,2,4,0,0,1,0,0,0,4253,81,4172,4020,3665,1,343,10,1,0,152,151,1,0,0,0,3269,3173,2909,0,247,6,1,10,96,95,1,0,0,0,3269,43,3226,3141,2889,0,245,6,1,0,85,84,1,0,0,0,2335,1819,516
Pondera County,MT,50,4,8,30,73,4203194623,43967890,6153,2659,48.2303122,-112.2199279,6153,6007,5086,7,890,13,0,11,146,141,17,91,8,5,6,11,0,0,0,0,2,0,1,0,0,5,0,0,0,6153,87,6066,5949,5060,7,868,13,0,1,117,115,2,0,0,0,4617,4538,3943,4,573,8,0,10,79,77,2,0,0,0,4617,42,4575,4508,3929,4,567,8,0,0,67,67,0,0,0,0,2659,2285,374
Powder River County,MT,50,4,8,30,75,8539962788,1566748,1743,1022,45.4088904,-105.5552589,1743,1707,1656,1,27,3,0,20,36,36,3,29,0,0,4,0,0,0,0,0,0,0,0,0,0,0,0,0,0,1743,24,1719,1687,1645,1,27,3,0,11,32,32,0,0,0,0,1380,1364,1331,0,18,3,0,12,16,16,0,0,0,0,1380,11,1369,1354,1326,0,18,3,0,7,15,15,0,0,0,0,1022,755,267
Powell County,MT,50,4,8,30,77,6025327864,16197534,7027,3105,46.8442254,-112.9310998,7027,6938,6494,69,310,33,2,30,89,86,14,49,18,0,4,0,1,0,0,0,0,0,0,0,0,3,0,0,0,7027,117,6910,6828,6425,65,302,31,2,3,82,79,3,0,0,0,5808,5760,5356,54,292,26,2,30,48,47,1,0,0,0,5808,87,5721,5677,5308,53,287,24,2,3,44,43,1,0,0,0,3105,2466,639
Prairie County,MT,50,4,8,30,79,4498127620,15097116,1179,673,46.8524335,-105.375808,1179,1146,1136,0,2,6,0,2,33,33,2,20,8,0,3,0,0,0,0,0,0,0,0,0,0,0,0,0,0,1179,16,1163,1133,1125,0,2,6,0,0,30,30,0,0,0,0,970,958,948,0,2,6,0,2,12,12,0,0,0,0,970,9,961,950,942,0,2,6,0,0,11,11,0,0,0,0,673,551,122
Ravalli County,MT,50,4,8,30,81,6192198176,24296474,40212,19583,46.0792979,-114.1190647,40212,39453,38546,79,360,208,23,237,759,726,60,468,116,23,55,0,0,0,0,0,0,1,1,2,0,31,2,0,0,40212,1195,39017,38380,37764,72,303,205,21,15,637,615,20,2,0,0,31388,30954,30301,52,262,162,16,161,434,412,21,1,0,0,31388,716,30672,30298,29835,50,228,160,14,11,374,358,15,1,0,0,19583,16933,2650
Richland County,MT,50,4,8,30,83,5397905671,49581823,9746,4550,47.7855132,-104.5633871,9746,9540,9259,13,161,24,1,82,206,198,22,111,19,7,36,0,0,0,0,0,0,0,0,3,0,8,0,0,0,9746,297,9449,9282,9089,12,156,24,1,0,167,160,7,0,0,0,7463,7351,7144,9,112,19,1,66,112,109,3,0,0,0,7463,196,7267,7181,7043,9,109,19,1,0,86,84,2,0,0,0,4550,4167,383
Roosevelt County,MT,50,4,8,30,85,6098886500,37876242,10425,4063,48.2827471,-104.9951698,10425,10114,3736,13,6297,45,2,21,311,296,4,256,16,1,6,3,0,0,0,2,3,5,0,0,0,15,0,0,0,10425,132,10293,9996,3709,12,6228,45,2,0,297,285,12,0,0,0,7114,6965,3046,5,3861,35,2,16,149,146,3,0,0,0,7114,83,7031,6889,3028,5,3819,35,2,0,142,139,3,0,0,0,4063,3553,510
Rosebud County,MT,50,4,8,30,87,12976880880,43007467,9233,4057,46.1617341,-106.7019526,9233,8978,5664,25,3202,42,3,42,255,243,7,179,25,4,13,9,0,0,0,5,0,0,1,0,0,11,1,0,0,9233,313,8920,8701,5556,23,3077,42,3,0,219,210,9,0,0,0,6501,6383,4366,17,1932,32,2,34,118,113,4,1,0,0,6501,166,6335,6228,4311,15,1868,32,2,0,107,103,4,0,0,0,4057,3395,662
Sanders County,MT,50,4,8,30,89,7149723773,76301017,11413,6678,47.7564686,-115.1802247,11413,11054,10453,17,505,34,1,44,359,346,19,269,26,6,21,0,0,0,0,0,0,5,0,0,0,12,0,1,0,11413,233,11180,10853,10320,17,475,32,1,8,327,317,9,0,1,0,9059,8856,8406,10,379,28,1,32,203,197,5,0,1,0,9059,150,8909,8725,8323,10,358,26,1,7,184,181,2,0,1,0,6678,5121,1557
Sheridan County,MT,50,4,8,30,91,4343616730,75142943,3384,2089,48.7055228,-104.5339129,3384,3318,3229,7,57,14,0,11,66,61,7,42,6,0,5,0,1,0,0,0,0,0,0,0,0,5,0,0,0,3384,51,3333,3276,3201,7,54,14,0,0,57,56,1,0,0,0,2726,2691,2631,3,39,9,0,9,35,34,1,0,0,0,2726,30,2696,2664,2615,3,37,9,0,0,32,31,1,0,0,0,2089,1587,502
Silver Bow County,MT,50,4,8,30,93,1860847940,1488572,34200,16717,45.895959,-112.6602218,34200,33479,32292,111,655,165,23,233,721,688,56,436,86,16,62,6,3,0,2,2,1,10,1,1,6,32,1,0,0,34200,1253,32947,32401,31515,103,587,161,22,13,546,527,18,1,0,0,27016,26604,25705,77,482,139,15,186,412,399,12,1,0,0,27016,819,26197,25882,25216,71,434,137,14,10,315,307,7,1,0,0,16717,14932,1785
Stillwater County,MT,50,4,8,30,95,4649935552,23914264,9117,4803,45.6634955,-109.3917515,9117,8974,8823,9,73,29,2,38,143,136,16,66,20,7,10,2,6,0,2,3,2,0,2,0,0,5,1,1,0,9117,214,8903,8780,8688,9,54,28,1,0,123,118,4,1,0,0,7023,6930,6828,5,46,26,1,24,93,89,2,1,1,0,7023,128,6895,6817,6748,5,39,25,0,0,78,76,1,1,0,0,4803,3796,1007
Sweet Grass County,MT,50,4,8,30,97,4804957748,17686401,3651,2148,45.8130601,-109.9413124,3651,3595,3528,4,15,24,1,23,56,52,0,40,10,2,0,0,0,0,0,0,0,0,0,0,0,1,3,0,0,3651,51,3600,3546,3491,4,15,22,1,13,54,50,1,3,0,0,2811,2777,2734,3,13,17,1,9,34,32,1,1,0,0,2811,27,2784,2751,2712,3,13,17,1,5,33,31,1,1,0,0,2148,1590,558
Teton County,MT,50,4,8,30,99,5885423184,52172846,6073,2892,47.8190352,-112.2817249,6073,5960,5847,3,88,8,1,13,113,106,8,77,13,0,7,0,0,0,0,1,0,0,0,0,0,7,0,0,0,6073,76,5997,5892,5792,3,86,8,1,2,105,98,7,0,0,0,4659,4591,4502,1,76,4,1,7,68,67,1,0,0,0,4659,38,4621,4556,4473,1,75,4,1,2,65,64,1,0,0,0,2892,2450,442
Toole County,MT,50,4,8,30,101,4961503682,78006626,5324,2336,48.6450515,-111.7334927,5324,5221,4896,29,241,23,1,31,103,97,8,69,8,3,7,1,0,0,0,1,0,0,0,0,0,4,2,0,0,5324,129,5195,5098,4813,28,233,23,1,0,97,91,4,2,0,0,4221,4167,3889,23,204,20,1,30,54,52,1,1,0,0,4221,88,4133,4082,3840,22,199,20,1,0,51,49,1,1,0,0,2336,2015,321
Treasure County,MT,50,4,8,30,103,2531448178,17161233,718,422,46.209636,-107.2804935,718,697,674,0,6,3,0,14,21,19,0,11,1,2,5,0,0,0,0,0,0,0,0,0,0,2,0,0,0,718,25,693,677,666,0,6,3,0,2,16,14,2,0,0,0,584,571,554,0,2,3,0,12,13,11,2,0,0,0,584,17,567,557,550,0,2,3,0,2,10,8,2,0,0,0,422,335,87
Valley County,MT,50,4,8,30,105,12757810954,352165096,7369,4879,48.3657129,-106.687883,7369,7214,6409,17,724,37,3,24,155,152,13,109,13,3,10,1,0,0,0,1,1,0,1,0,0,3,0,0,0,7369,91,7278,7137,6364,17,715,36,3,2,141,138,3,0,0,0,5662,5578,5079,10,445,25,2,17,84,83,1,0,0,0,5662,53,5609,5531,5053,10,440,24,2,2,78,77,1,0,0,0,4879,3198,1681
Wheatland County,MT,50,4,8,30,107,3686057039,13071168,2168,1197,46.4970466,-109.8571467,2168,2116,2078,7,10,12,0,9,52,50,11,29,0,1,9,0,0,0,0,0,0,0,0,0,0,2,0,0,0,2168,32,2136,2092,2064,7,9,11,0,1,44,42,2,0,0,0,1655,1637,1606,3,10,9,0,9,18,18,0,0,0,0,1655,20,1635,1619,1598,3,9,8,0,1,16,16,0,0,0,0,1197,887,310
Wibaux County,MT,50,4,8,30,109,2303184548,1713204,1017,538,46.9628656,-104.2744656,1017,1005,993,0,4,5,0,3,12,12,3,3,3,0,3,0,0,0,0,0,0,0,0,0,0,0,0,0,0,1017,13,1004,996,987,0,4,5,0,0,8,8,0,0,0,0,800,794,785,0,3,3,0,3,6,6,0,0,0,0,800,9,791,787,781,0,3,3,0,0,4,4,0,0,0,0,538,457,81
Yellowstone County,MT,50,4,8,30,111,6820199333,40760707,147972,63943,45.9369867,-108.2766564,147972,143860,134228,935,5881,939,114,1763,4112,3835,643,1850,472,106,485,107,7,1,30,16,17,56,28,14,3,263,10,4,0,147972,6955,141017,137795,130463,852,5377,915,104,84,3222,3019,195,7,1,0,112932,110983,104552,636,3752,715,84,1244,1949,1865,76,5,3,0,112932,4117,108815,107233,102333,590,3487,694,74,55,1582,1522,56,3,1,0,63943,60672,3271
Adams County,NE,50,2,4,31,1,1458868867,2481482,31364,13350,40.5206322,-98.5000441,31364,30942,28821,248,131,441,15,1286,422,398,109,101,50,8,98,2,4,0,4,0,5,10,1,5,1,24,0,0,0,31364,2544,28820,28545,27747,219,104,436,9,30,275,262,13,0,0,0,23847,23648,22304,154,90,298,11,791,199,192,7,0,0,0,23847,1508,22339,22204,21679,133,72,296,8,16,135,129,6,0,0,0,13350,12466,884
Antelope County,NE,50,2,4,31,3,2220183930,3558463,6685,3284,42.1832253,-98.0580367,6685,6644,6517,19,11,20,0,77,41,41,13,7,7,0,13,1,0,0,0,0,0,0,0,0,0,0,0,0,0,6685,178,6507,6475,6418,19,9,20,0,9,32,32,0,0,0,0,5111,5092,5027,8,8,6,0,43,19,19,0,0,0,0,5111,90,5021,5004,4981,8,7,6,0,2,17,17,0,0,0,0,3284,2841,443
Arthur County,NE,50,2,4,31,5,1852759801,7644719,460,254,41.5708557,-101.697045,460,456,439,0,2,1,0,14,4,3,0,3,0,0,0,0,0,0,0,0,0,0,0,0,0,1,0,0,0,460,19,441,438,435,0,2,1,0,0,3,3,0,0,0,0,335,334,326,0,2,1,0,5,1,1,0,0,0,0,335,7,328,327,324,0,2,1,0,0,1,1,0,0,0,0,254,187,67
Banner County,NE,50,2,4,31,7,1932426927,397069,690,369,41.5397495,-103.7262626,690,685,660,0,3,0,0,22,5,5,0,2,3,0,0,0,0,0,0,0,0,0,0,0,0,0,0,0,0,690,26,664,659,656,0,3,0,0,0,5,5,0,0,0,0,536,534,517,0,3,0,0,14,2,2,0,0,0,0,536,16,520,518,515,0,3,0,0,0,2,2,0,0,0,0,369,293,76
Blaine County,NE,50,2,4,31,9,1841156202,9443899,478,326,41.9252304,-99.990771,478,475,474,1,0,0,0,0,3,3,0,3,0,0,0,0,0,0,0,0,0,0,0,0,0,0,0,0,0,478,0,478,475,474,1,0,0,0,0,3,3,0,0,0,0,361,360,359,1,0,0,0,0,1,1,0,0,0,0,361,0,361,360,359,1,0,0,0,0,1,1,0,0,0,0,326,196,130
Boone County,NE,50,2,4,31,11,1778165884,1718584,5505,2649,41.7054004,-98.0667935,5505,5487,5422,23,12,11,1,18,18,18,2,11,2,1,1,0,0,0,1,0,0,0,0,0,0,0,0,0,0,5505,65,5440,5428,5383,23,11,10,1,0,12,12,0,0,0,0,4201,4192,4163,11,5,4,1,8,9,9,0,0,0,0,4201,30,4171,4164,4145,11,4,3,1,0,7,7,0,0,0,0,2649,2336,313
Box Butte County,NE,50,2,4,31,13,2784995043,6588657,11308,5478,42.2156652,-103.087821,11308,11025,10149,52,409,34,2,379,283,274,38,126,21,2,66,5,1,0,0,6,0,6,1,1,1,9,0,0,0,11308,1157,10151,9976,9564,49,328,33,1,1,175,174,1,0,0,0,8459,8369,7820,40,230,27,1,251,90,88,2,0,0,0,8459,669,7790,7738,7488,38,183,27,1,1,52,52,0,0,0,0,5478,4738,740
Boyd County,NE,50,2,4,31,15,1398437421,11890322,2099,1390,42.8944477,-98.7730221,2099,2079,2035,1,12,17,2,12,20,20,3,7,0,0,8,0,0,0,1,0,0,1,0,0,0,0,0,0,0,2099,33,2066,2055,2024,1,9,17,0,4,11,11,0,0,0,0,1648,1642,1610,0,10,9,2,11,6,6,0,0,0,0,1648,18,1630,1625,1604,0,9,9,0,3,5,5,0,0,0,0,1390,942,448
Brown County,NE,50,2,4,31,17,3163238171,9814399,3145,1865,42.3493903,-99.9231761,3145,3119,3088,2,9,7,0,13,26,22,4,14,3,0,0,0,1,0,0,0,0,0,0,0,0,4,0,0,0,3145,29,3116,3090,3072,2,9,7,0,0,26,22,4,0,0,0,2464,2453,2441,0,3,6,0,3,11,9,2,0,0,0,2464,12,2452,2441,2432,0,3,6,0,0,11,9,2,0,0,0,1865,1449,416
Buffalo County,NE,50,2,4,31,19,2507398525,18873763,46102,19064,40.855226,-99.0749833,46102,45479,42746,383,129,596,13,1612,623,599,171,177,87,6,133,5,2,0,0,4,0,10,1,3,0,20,2,2,0,46102,3432,42670,42224,41128,354,101,587,4,50,446,433,10,1,2,0,35033,34772,32892,265,80,515,11,1009,261,251,6,2,2,0,35033,2031,33002,32808,31955,252,62,509,4,26,194,187,4,1,2,0,19064,18037,1027
Burt County,NE,50,2,4,31,21,1273189665,14197836,6858,3467,41.8541794,-96.3377462,6858,6774,6579,26,115,17,2,35,84,80,6,36,19,5,9,1,0,0,3,0,0,0,0,0,1,4,0,0,0,6858,126,6732,6668,6520,23,107,17,1,0,64,60,4,0,0,0,5314,5284,5160,12,83,10,2,17,30,30,0,0,0,0,5314,63,5251,5228,5128,12,77,10,1,0,23,23,0,0,0,0,3467,2906,561
Butler County,NE,50,2,4,31,23,1514900899,15292991,8395,4053,41.2260724,-97.1320395,8395,8338,8192,24,11,27,0,84,57,55,8,26,8,0,13,0,0,0,0,0,0,0,0,0,0,2,0,0,0,8395,195,8200,8158,8092,24,10,27,0,5,42,40,2,0,0,0,6315,6288,6201,14,9,14,0,50,27,25,2,0,0,0,6315,103,6212,6187,6149,14,8,14,0,2,25,23,2,0,0,0,4053,3391,662
Cass County,NE,50,2,4,31,25,1443778631,21873113,25241,11117,40.9098778,-96.1406086,25241,24875,24457,87,83,85,13,150,366,348,66,148,49,9,56,8,1,0,1,1,0,4,2,2,1,18,0,0,0,25241,608,24633,24345,24083,82,70,84,12,14,288,274,14,0,0,0,18848,18686,18425,58,54,57,10,82,162,155,7,0,0,0,18848,332,18516,18392,18220,55,46,57,9,5,124,119,5,0,0,0,11117,9698,1419
Cedar County,NE,50,2,4,31,27,1917398625,14335209,8852,4148,42.6045112,-97.2568241,8852,8791,8703,7,22,7,0,52,61,56,8,21,10,3,12,0,0,0,0,1,0,1,0,0,0,5,0,0,0,8852,113,8739,8694,8659,7,21,7,0,0,45,43,2,0,0,0,6602,6578,6521,3,18,5,0,31,24,21,3,0,0,0,6602,47,6555,6534,6509,3,17,5,0,0,21,19,2,0,0,0,4148,3539,609
Chase County,NE,50,2,4,31,29,2316533574,7978174,3966,1946,40.5303903,-101.6941918,3966,3918,3644,5,3,4,0,262,48,47,7,8,3,2,26,0,0,0,0,0,0,1,0,0,0,1,0,0,0,3966,442,3524,3502,3491,5,2,4,0,0,22,21,1,0,0,0,3022,2992,2822,2,3,2,0,163,30,29,1,0,0,0,3022,268,2754,2742,2736,2,2,2,0,0,12,11,1,0,0,0,1946,1681,265
Cherry County,NE,50,2,4,31,31,15437421571,126677198,5713,3157,42.5669845,-101.072622,5713,5572,5180,13,335,20,1,23,141,133,13,107,7,1,1,1,0,0,0,2,0,0,1,0,0,8,0,0,0,5713,95,5618,5483,5141,11,310,20,1,0,135,128,7,0,0,0,4448,4378,4135,7,205,16,1,14,70,63,7,0,0,0,4448,54,4394,4329,4111,5,196,16,1,0,65,59,6,0,0,0,3157,2530,627
Cheyenne County,NE,50,2,4,31,33,3098368319,292551,9998,4888,41.2142358,-103.0119289,9998,9871,9404,19,66,158,5,219,127,119,14,52,11,2,33,1,1,0,1,1,0,2,0,1,0,8,0,0,0,9998,610,9388,9316,9079,19,52,158,5,3,72,70,2,0,0,0,7604,7542,7235,11,45,109,3,139,62,59,3,0,0,0,7604,343,7261,7221,7058,11,38,109,3,2,40,39,1,0,0,0,4888,4298,590
Clay County,NE,50,2,4,31,35,1482222817,3234922,6542,3001,40.5236688,-98.0510501,6542,6447,6082,22,31,10,1,301,95,94,17,22,5,3,28,0,0,0,2,0,0,0,0,2,15,1,0,0,0,6542,502,6040,5994,5941,21,21,10,0,1,46,46,0,0,0,0,4892,4845,4643,9,14,9,1,169,47,46,1,0,0,0,4892,279,4613,4587,4558,9,10,9,0,1,26,26,0,0,0,0,3001,2649,352
Colfax County,NE,50,2,4,31,37,1066193904,12577905,10515,4097,41.5746753,-97.0894549,10515,10302,7635,89,114,28,5,2431,213,203,25,19,3,4,108,0,2,0,1,1,1,29,0,3,7,10,0,0,0,10515,4315,6200,6158,6031,49,33,24,4,17,42,42,0,0,0,0,7452,7350,5750,58,63,21,5,1453,102,95,7,0,0,0,7452,2499,4953,4940,4846,40,19,20,4,11,13,13,0,0,0,0,4097,3618,479
Cuming County,NE,50,2,4,31,39,1477895767,10447368,9139,4204,41.9158651,-96.7885168,9139,9037,8518,13,29,18,3,456,102,101,20,32,13,2,31,0,0,0,0,0,0,0,0,2,1,1,0,0,0,9139,754,8385,8320,8271,8,21,17,1,2,65,65,0,0,0,0,6857,6814,6525,7,20,15,3,244,43,43,0,0,0,0,6857,377,6480,6455,6415,5,17,15,1,2,25,25,0,0,0,0,4204,3756,448
Custer County,NE,50,2,4,31,41,6670570294,932960,10939,5579,41.3938927,-99.7268662,10939,10831,10663,28,35,15,0,90,108,103,20,57,7,0,18,0,0,0,0,0,0,0,0,0,1,5,0,0,0,10939,216,10723,10629,10551,28,31,15,0,4,94,89,5,0,0,0,8353,8308,8206,13,25,8,0,56,45,42,3,0,0,0,8353,125,8228,8188,8144,13,23,8,0,0,40,37,3,0,0,0,5579,4714,865
Dakota County,NE,50,2,4,31,43,684416224,8199770,21006,7631,42.3904564,-96.5625485,21006,20523,14810,660,566,631,44,3812,483,472,60,90,47,5,201,11,1,0,9,3,0,27,4,3,11,11,0,0,0,21006,7419,13587,13371,11596,641,466,621,43,4,216,211,5,0,0,0,14688,14460,11031,465,341,454,24,2145,228,225,3,0,0,0,14688,4153,10535,10447,9224,451,300,447,23,2,88,86,2,0,0,0,7631,7218,413
Dawes County,NE,50,2,4,31,45,3616823898,11921996,9182,4252,42.7112144,-103.1348721,9182,8949,8208,134,362,95,46,104,233,223,33,112,37,8,17,3,1,1,0,3,1,1,5,1,0,10,0,0,0,9182,306,8876,8670,8058,130,341,94,46,1,206,198,8,0,0,0,7416,7291,6748,110,249,82,30,72,125,121,4,0,0,0,7416,214,7202,7088,6634,107,235,81,30,1,114,111,3,0,0,0,4252,3684,568
Dawson County,NE,50,2,4,31,47,2623905741,16413301,24326,10123,40.8673784,-99.8151537,24326,23814,18978,744,199,140,45,3708,512,506,39,103,27,8,277,2,0,0,19,1,4,19,0,6,1,5,1,0,0,24326,7746,16580,16443,15464,710,74,135,39,21,137,135,2,0,0,0,17377,17086,14120,525,117,95,28,2201,291,288,3,0,0,0,17377,4555,12822,12748,12075,503,43,94,22,11,74,72,2,0,0,0,10123,8899,1224
Deuel County,NE,50,2,4,31,49,1139208954,2230956,1941,1044,41.1129878,-102.3326036,1941,1918,1883,1,10,5,0,19,23,20,1,11,0,0,3,0,0,0,0,0,0,5,0,0,0,3,0,0,0,1941,75,1866,1851,1839,1,6,5,0,0,15,12,3,0,0,0,1533,1526,1496,1,10,5,0,14,7,6,1,0,0,0,1533,52,1481,1475,1463,1,6,5,0,0,6,5,1,0,0,0,1044,867,177
Dixon County,NE,50,2,4,31,51,1233434205,17271598,6000,2688,42.4852801,-96.8558616,6000,5942,5548,18,23,10,5,338,58,55,24,11,2,0,17,0,0,0,0,0,1,0,0,0,0,3,0,0,0,6000,622,5378,5346,5293,14,23,10,2,4,32,32,0,0,0,0,4463,4444,4189,15,12,8,3,217,19,19,0,0,0,0,4463,373,4090,4079,4046,11,12,8,1,1,11,11,0,0,0,0,2688,2370,318
Dodge County,NE,50,2,4,31,53,1369341649,37020463,36691,16584,41.5770082,-96.6458526,36691,36171,33337,205,180,191,75,2183,520,504,121,115,68,18,125,6,2,0,21,5,1,5,1,8,8,16,0,0,0,36691,3689,33002,32673,32120,183,127,180,31,32,329,320,9,0,0,0,27923,27705,25954,151,130,148,47,1275,218,209,9,0,0,0,27923,2089,25834,25689,25268,137,107,141,22,14,145,138,7,0,0,0,16584,14990,1594
Douglas County,NE,50,2,4,31,55,850693384,28210895,517110,219580,41.2970908,-96.1540664,517110,502621,395025,60071,3731,13755,394,29645,14489,13283,4739,1814,2177,145,2251,826,207,61,492,61,10,157,97,200,46,1089,106,11,0,517110,57804,459306,448594,372029,59176,2532,13613,314,930,10712,9840,790,73,9,0,382391,376163,305286,40379,2456,9936,269,17837,6228,5738,444,42,4,0,382391,34215,348176,343652,291453,39920,1788,9840,222,429,4524,4153,339,28,4,0,219580,202411,17169
Dundy County,NE,50,2,4,31,57,2381954077,3046323,2008,1125,40.180165,-101.6811327,2008,1982,1914,7,13,2,2,44,26,26,15,7,0,0,3,0,0,0,0,0,0,1,0,0,0,0,0,0,0,2008,117,1891,1871,1852,7,8,2,2,0,20,20,0,0,0,0,1562,1553,1512,6,11,2,0,22,9,9,0,0,0,0,1562,61,1501,1494,1480,6,6,2,0,0,7,7,0,0,0,0,1125,897,228
Fillmore County,NE,50,2,4,31,59,1490202759,2990040,5890,2913,40.5250399,-97.5967053,5890,5842,5703,36,28,9,0,66,48,47,3,10,11,1,14,1,0,0,0,0,0,0,1,6,0,1,0,0,0,5890,178,5712,5683,5619,30,22,9,0,3,29,28,1,0,0,0,4486,4464,4404,13,14,6,0,27,22,21,1,0,0,0,4486,72,4414,4397,4366,12,13,6,0,0,17,16,1,0,0,0,2913,2483,430
Franklin County,NE,50,2,4,31,61,1491356076,487899,3225,1734,40.1832031,-98.96208,3225,3191,3163,2,10,3,0,13,34,34,2,18,10,3,1,0,0,0,0,0,0,0,0,0,0,0,0,0,0,3225,33,3192,3159,3145,1,10,3,0,0,33,33,0,0,0,0,2529,2509,2488,1,8,3,0,9,20,20,0,0,0,0,2529,18,2511,2491,2479,1,8,3,0,0,20,20,0,0,0,0,1734,1406,328
Frontier County,NE,50,2,4,31,63,2524180489,14212836,2756,1574,40.5309469,-100.4066834,2756,2734,2711,0,8,4,0,11,22,22,8,10,2,0,2,0,0,0,0,0,0,0,0,0,0,0,0,0,0,2756,35,2721,2700,2687,0,5,4,0,4,21,21,0,0,0,0,2162,2152,2138,0,4,4,0,6,10,10,0,0,0,0,2162,27,2135,2126,2119,0,2,4,0,1,9,9,0,0,0,0,1574,1168,406
Furnas County,NE,50,2,4,31,65,1862542551,3915843,4959,2721,40.1919912,-99.9096609,4959,4905,4804,10,20,10,2,59,54,54,16,18,8,6,5,0,0,0,0,0,0,0,1,0,0,0,0,0,0,4959,132,4827,4781,4745,8,15,10,2,1,46,46,0,0,0,0,3803,3777,3713,6,15,7,2,34,26,26,0,0,0,0,3803,74,3729,3706,3680,4,12,7,2,1,23,23,0,0,0,0,2721,2185,536
Gage County,NE,50,2,4,31,67,2205352156,21928736,22311,10446,40.2552337,-96.6834528,22311,22012,21610,72,108,86,3,133,299,286,68,126,34,5,39,2,0,0,2,1,1,1,1,6,0,13,0,0,0,22311,385,21926,21693,21432,72,101,81,3,4,233,226,7,0,0,0,17186,17059,16793,48,75,65,3,75,127,124,3,0,0,0,17186,199,16987,16877,16689,48,72,63,3,2,110,108,2,0,0,0,10446,9422,1024
Garden County,NE,50,2,4,31,69,4414071674,68874635,2057,1314,41.6593814,-102.328229,2057,2028,1987,4,12,0,0,25,29,28,6,17,0,0,5,0,0,0,0,0,0,0,0,0,0,1,0,0,0,2057,80,1977,1956,1942,4,10,0,0,0,21,21,0,0,0,0,1675,1662,1630,3,12,0,0,17,13,12,1,0,0,0,1675,45,1630,1619,1606,3,10,0,0,0,11,11,0,0,0,0,1314,961,353
Garfield County,NE,50,2,4,31,71,1475749482,4125559,2049,1178,41.9055715,-98.9229984,2049,2044,2033,3,0,2,1,5,5,5,1,4,0,0,0,0,0,0,0,0,0,0,0,0,0,0,0,0,0,2049,15,2034,2029,2022,3,0,2,0,2,5,5,0,0,0,0,1618,1613,1608,1,0,2,1,1,5,5,0,0,0,0,1618,10,1608,1603,1600,1,0,2,0,0,5,5,0,0,0,0,1178,935,243
Gosper County,NE,50,2,4,31,73,1186616260,11831826,2044,1267,40.5098384,-99.8240783,2044,2018,1984,8,2,4,0,20,26,24,3,14,6,0,0,1,0,0,0,0,0,0,0,0,0,2,0,0,0,2044,49,1995,1969,1954,8,2,4,0,1,26,24,2,0,0,0,1586,1575,1557,4,1,4,0,9,11,11,0,0,0,0,1586,26,1560,1549,1540,4,1,4,0,0,11,11,0,0,0,0,1267,849,418
Grant County,NE,50,2,4,31,75,2010409972,18130867,614,391,41.9158667,-101.7568746,614,609,604,0,1,1,0,3,5,5,2,3,0,0,0,0,0,0,0,0,0,0,0,0,0,0,0,0,0,614,7,607,602,600,0,1,1,0,0,5,5,0,0,0,0,499,496,493,0,1,1,0,1,3,3,0,0,0,0,499,5,494,491,489,0,1,1,0,0,3,3,0,0,0,0,391,277,114
Greeley County,NE,50,2,4,31,77,1475804031,2188872,2538,1300,41.5675996,-98.5305656,2538,2525,2478,16,5,2,0,24,13,11,5,6,0,0,0,0,0,0,0,0,0,0,0,0,0,2,0,0,0,2538,51,2487,2475,2451,16,5,2,0,1,12,10,2,0,0,0,1941,1933,1913,5,4,1,0,10,8,6,2,0,0,0,1941,29,1912,1905,1894,5,4,1,0,1,7,5,2,0,0,0,1300,1069,231
Hall County,NE,50,2,4,31,79,1414881257,15166027,58607,23549,40.8660232,-98.4980036,58607,57385,48413,1023,529,607,112,6701,1222,1178,186,178,151,10,465,10,3,5,66,4,4,50,14,20,12,39,5,0,0,58607,13653,44954,44382,42537,906,231,579,34,95,572,547,25,0,0,0,42630,42087,36592,668,308,441,72,4006,543,527,15,1,0,0,42630,7925,34705,34469,33224,589,159,425,26,46,236,230,6,0,0,0,23549,22196,1353
Hamilton County,NE,50,2,4,31,81,1406047715,10730466,9124,3968,40.8771451,-98.0219432,9124,9059,8955,19,15,18,1,51,65,61,22,13,10,2,13,0,0,0,0,0,0,0,1,0,0,3,1,0,0,9124,181,8943,8894,8839,19,12,18,1,5,49,45,3,1,0,0,6785,6753,6691,9,8,9,1,35,32,28,3,1,0,0,6785,86,6699,6670,6644,9,7,9,1,0,29,25,3,1,0,0,3968,3563,405
Harlan County,NE,50,2,4,31,83,1433470225,53339818,3423,2375,40.1787663,-99.4034177,3423,3406,3367,1,15,7,0,16,17,16,3,6,4,1,1,1,0,0,0,0,0,0,0,0,0,0,1,0,0,3423,45,3378,3363,3343,1,11,7,0,1,15,15,0,0,0,0,2686,2680,2653,1,8,7,0,11,6,6,0,0,0,0,2686,23,2663,2658,2641,1,8,7,0,1,5,5,0,0,0,0,2375,1519,856
Hayes County,NE,50,2,4,31,85,1846821508,570786,967,511,40.5357859,-101.0555802,967,966,939,0,2,3,1,21,1,1,0,0,1,0,0,0,0,0,0,0,0,0,0,0,0,0,0,0,0,967,33,934,933,928,0,1,3,1,0,1,1,0,0,0,0,744,743,725,0,1,1,1,15,1,1,0,0,0,0,744,23,721,720,717,0,1,1,1,0,1,1,0,0,0,0,511,414,97
Hitchcock County,NE,50,2,4,31,87,1838742700,22103381,2908,1763,40.1768964,-101.044217,2908,2883,2839,7,12,3,0,22,25,25,4,15,5,1,0,0,0,0,0,0,0,0,0,0,0,0,0,0,0,2908,42,2866,2842,2820,6,12,3,0,1,24,24,0,0,0,0,2287,2273,2243,5,12,2,0,11,14,14,0,0,0,0,2287,20,2267,2253,2234,4,12,2,0,1,14,14,0,0,0,0,1763,1301,462
Holt County,NE,50,2,4,31,89,6248083787,13201507,10435,5215,42.4592867,-98.7847662,10435,10385,10132,16,29,18,8,182,50,49,9,20,3,5,11,0,0,0,0,0,0,0,1,0,0,0,1,0,0,10435,305,10130,10089,10021,16,28,16,3,5,41,40,0,1,0,0,7986,7960,7800,8,22,14,8,108,26,25,0,1,0,0,7986,177,7809,7788,7740,8,21,12,3,4,21,20,0,1,0,0,5215,4447,768
Hooker County,NE,50,2,4,31,91,1867695559,882994,736,431,41.9187,-101.1168102,736,732,728,0,4,0,0,0,4,4,0,3,0,0,1,0,0,0,0,0,0,0,0,0,0,0,0,0,0,736,8,728,725,721,0,4,0,0,0,3,3,0,0,0,0,579,575,572,0,3,0,0,0,4,4,0,0,0,0,579,7,572,569,566,0,3,0,0,0,3,3,0,0,0,0,431,326,105
Howard County,NE,50,2,4,31,93,1474576349,16201501,6274,2951,41.2194026,-98.5133031,6274,6202,6122,15,22,12,2,29,72,63,19,28,3,0,12,0,0,0,0,0,0,1,0,0,0,9,0,0,0,6274,109,6165,6113,6067,15,16,12,2,1,52,46,6,0,0,0,4731,4703,4654,6,16,8,2,17,28,26,2,0,0,0,4731,49,4682,4659,4630,6,12,8,2,1,23,21,2,0,0,0,2951,2625,326
Jefferson County,NE,50,2,4,31,95,1476771431,14204829,7547,3918,40.1757356,-97.1431027,7547,7456,7323,24,27,18,2,62,91,91,18,28,12,2,27,0,1,0,0,0,0,1,1,1,0,0,0,0,0,7547,200,7347,7286,7225,17,24,18,2,0,61,61,0,0,0,0,5939,5895,5818,13,20,12,1,31,44,44,0,0,0,0,5939,120,5819,5788,5747,9,19,12,1,0,31,31,0,0,0,0,3918,3348,570
Johnson County,NE,50,2,4,31,97,973968264,1766531,5217,2191,40.3954568,-96.2685622,5217,5191,4546,278,58,71,0,238,26,25,4,9,4,0,8,0,0,0,0,0,0,0,0,0,0,1,0,0,0,5217,435,4782,4763,4355,278,58,71,0,1,19,18,1,0,0,0,4230,4219,3694,272,56,52,0,145,11,11,0,0,0,0,4230,304,3926,3917,3536,272,56,52,0,1,9,9,0,0,0,0,2191,1847,344
Kearney County,NE,50,2,4,31,99,1337065724,272321,6489,2886,40.5062692,-98.9484608,6489,6411,6284,12,16,11,3,85,78,76,14,18,15,0,26,0,0,0,0,0,0,0,1,2,0,2,0,0,0,6489,244,6245,6207,6162,10,14,11,3,7,38,37,1,0,0,0,4917,4890,4811,9,10,8,3,49,27,25,2,0,0,0,4917,133,4784,4770,4740,7,8,8,3,4,14,13,1,0,0,0,2886,2681,205
Keith County,NE,50,2,4,31,101,2749531266,124671572,8368,5424,41.1944042,-101.6444736,8368,8236,8005,18,41,33,0,139,132,132,13,53,23,1,28,11,0,0,0,0,0,1,0,2,0,0,0,0,0,8368,474,7894,7802,7728,16,25,33,0,0,92,92,0,0,0,0,6563,6504,6356,14,29,27,0,78,59,59,0,0,0,0,6563,286,6277,6233,6172,13,21,27,0,0,44,44,0,0,0,0,5424,3753,1671
Keya Paha County,NE,50,2,4,31,103,2002246688,2192459,824,549,42.8754803,-99.7183514,824,821,817,0,1,1,0,2,3,3,0,3,0,0,0,0,0,0,0,0,0,0,0,0,0,0,0,0,0,824,4,820,817,815,0,1,1,0,0,3,3,0,0,0,0,645,642,640,0,0,0,0,2,3,3,0,0,0,0,645,2,643,640,640,0,0,0,0,0,3,3,0,0,0,0,549,381,168
Kimball County,NE,50,2,4,31,105,2465269246,1448446,3821,1963,41.199155,-103.7111054,3821,3751,3599,6,50,27,2,67,70,63,15,30,6,2,8,1,0,0,0,0,1,0,0,0,0,6,1,0,0,3821,244,3577,3527,3461,6,29,27,2,2,50,43,6,1,0,0,2964,2927,2841,2,30,16,0,38,37,34,3,0,0,0,2964,134,2830,2800,2762,2,19,16,0,1,30,27,3,0,0,0,1963,1673,290
Knox County,NE,50,2,4,31,107,2870614119,81251119,8701,4788,42.6344045,-97.8913492,8701,8584,7753,8,786,17,0,20,117,116,9,83,10,0,2,7,0,0,0,3,0,1,1,0,0,0,1,0,0,8701,155,8546,8437,7688,8,722,17,0,2,109,108,0,1,0,0,6605,6547,6060,5,461,9,0,12,58,58,0,0,0,0,6605,57,6548,6491,6032,5,443,9,0,2,57,57,0,0,0,0,4788,3647,1141
Lancaster County,NE,50,2,4,31,109,2169240553,22876822,285407,120875,40.7835474,-96.6886584,285407,277522,248615,9920,2140,9961,150,6736,7885,7296,2884,1312,1391,105,834,238,64,13,239,28,3,71,31,62,21,551,26,12,0,285407,16685,268722,262417,240702,9636,1674,9895,131,379,6305,5865,408,20,12,0,219506,216249,196125,6714,1469,7421,107,4413,3257,3033,208,9,7,0,219506,10277,209229,206649,191156,6571,1233,7377,98,214,2580,2408,157,8,7,0,120875,113373,7502
Lincoln County,NE,50,2,4,31,111,6640905294,28641137,36288,16583,41.0503221,-100.7444808,36288,35764,34229,262,214,199,6,854,524,500,125,141,67,9,121,9,1,3,9,3,0,3,0,0,9,23,1,0,0,36288,2602,33686,33354,32741,235,162,192,5,19,332,322,9,1,0,0,27203,26974,25928,168,155,145,5,573,229,225,4,0,0,0,27203,1512,25691,25542,25107,151,124,142,5,13,149,147,2,0,0,0,16583,15025,1558
Logan County,NE,50,2,4,31,113,1478003028,1203561,763,395,41.5421555,-100.4436647,763,761,751,1,7,1,0,1,2,2,0,2,0,0,0,0,0,0,0,0,0,0,0,0,0,0,0,0,0,763,13,750,748,739,1,7,1,0,0,2,2,0,0,0,0,571,569,564,1,3,1,0,0,2,2,0,0,0,0,571,4,567,565,560,1,3,1,0,0,2,2,0,0,0,0,395,325,70
Loup County,NE,50,2,4,31,115,1471864091,7275368,632,426,41.8977143,-99.5097643,632,631,625,1,1,0,0,4,1,1,0,0,0,0,1,0,0,0,0,0,0,0,0,0,0,0,0,0,0,632,13,619,619,617,1,1,0,0,0,0,0,0,0,0,0,491,490,488,0,1,0,0,1,1,1,0,0,0,0,491,6,485,485,484,0,1,0,0,0,0,0,0,0,0,0,426,275,151
McPherson County,NE,50,2,4,31,117,2224737034,2680669,539,283,41.5964727,-101.0602369,539,531,529,2,0,0,0,0,8,8,6,0,0,0,2,0,0,0,0,0,0,0,0,0,0,0,0,0,0,539,2,537,530,528,2,0,0,0,0,7,7,0,0,0,0,388,387,385,2,0,0,0,0,1,1,0,0,0,0,388,0,388,387,385,2,0,0,0,0,1,1,0,0,0,0,283,211,72
Madison County,NE,50,2,4,31,119,1483396470,7013733,34876,15014,41.9099293,-97.6068564,34876,34266,30752,444,401,167,16,2486,610,580,169,124,51,12,165,22,1,1,14,0,0,11,5,4,1,26,4,0,0,34876,4504,30372,29992,29062,409,337,157,10,17,380,366,13,1,0,0,26149,25916,23765,281,249,118,13,1490,233,225,5,3,0,0,26149,2551,23598,23458,22846,264,220,111,9,8,140,136,3,1,0,0,15014,13939,1075
Merrick County,NE,50,2,4,31,121,1255835783,24906841,7845,3698,41.1698005,-98.0310505,7845,7767,7550,15,31,60,6,105,78,73,10,25,18,0,16,2,0,0,1,0,0,0,1,0,0,5,0,0,0,7845,271,7574,7514,7405,14,30,59,6,0,60,56,4,0,0,0,5900,5872,5757,9,23,23,5,55,28,27,1,0,0,0,5900,126,5774,5751,5691,9,23,23,5,0,23,22,1,0,0,0,3698,3151,547
Morrill County,NE,50,2,4,31,123,3687723807,15598670,5042,2442,41.7322051,-102.9905986,5042,4965,4600,12,55,18,0,280,77,72,12,24,0,1,34,0,0,0,0,0,0,1,0,0,0,2,0,3,0,5042,687,4355,4320,4256,8,35,18,0,3,35,32,2,0,1,0,3832,3795,3574,4,29,13,0,175,37,34,0,0,3,0,3832,414,3418,3399,3359,4,20,13,0,3,19,18,0,0,1,0,2442,2085,357
Nance County,NE,50,2,4,31,125,1143824006,17088375,3735,1801,41.4023855,-97.9914083,3735,3698,3659,8,10,2,0,19,37,36,3,18,3,0,11,0,0,0,0,0,0,1,0,0,0,1,0,0,0,3735,65,3670,3646,3627,8,9,2,0,0,24,23,1,0,0,0,2859,2839,2811,4,6,2,0,16,20,19,1,0,0,0,2859,41,2818,2804,2793,4,5,2,0,0,14,13,1,0,0,0,1801,1525,276
Nemaha County,NE,50,2,4,31,127,1055115270,5755196,7248,3498,40.3874479,-95.8509538,7248,7177,7026,63,19,31,2,36,71,68,12,41,9,2,1,1,0,0,0,0,0,1,0,1,0,3,0,0,0,7248,133,7115,7054,6939,62,18,30,2,3,61,58,3,0,0,0,5682,5643,5527,50,15,26,2,23,39,37,2,0,0,0,5682,91,5591,5557,5465,49,14,25,2,2,34,32,2,0,0,0,3498,2952,546
Nuckolls County,NE,50,2,4,31,129,1489645213,1718484,4500,2465,40.1764918,-98.0468422,4500,4439,4383,6,10,9,0,31,61,61,6,30,8,1,13,0,0,0,0,0,0,0,3,0,0,0,0,0,0,4500,97,4403,4356,4333,6,8,9,0,0,47,47,0,0,0,0,3544,3508,3476,3,8,6,0,15,36,36,0,0,0,0,3544,53,3491,3463,3448,3,6,6,0,0,28,28,0,0,0,0,2465,2079,386
Otoe County,NE,50,2,4,31,131,1594475793,8775372,15740,7025,40.6379916,-96.1310274,15740,15561,14932,75,46,68,18,422,179,172,45,43,30,2,49,0,0,2,1,0,0,0,0,0,0,6,1,0,0,15740,902,14838,14711,14499,68,45,68,16,15,127,122,4,1,0,0,11950,11861,11481,40,34,40,11,255,89,87,1,1,0,0,11950,528,11422,11358,11231,37,33,40,10,7,64,63,0,1,0,0,7025,6362,663
Pawnee County,NE,50,2,4,31,133,1116478095,4852394,2773,1588,40.1378496,-96.2452254,2773,2739,2708,9,4,8,0,10,34,33,9,14,6,1,2,0,1,0,0,0,0,0,0,0,0,1,0,0,0,2773,35,2738,2705,2683,9,4,8,0,1,33,32,1,0,0,0,2162,2145,2126,3,4,7,0,5,17,16,1,0,0,0,2162,19,2143,2126,2112,3,4,7,0,0,17,16,1,0,0,0,1588,1230,358
Perkins County,NE,50,2,4,31,135,2287828141,2840176,2970,1450,40.8560651,-101.6364427,2970,2959,2884,11,6,5,0,53,11,11,1,4,1,0,5,0,0,0,0,0,0,0,0,0,0,0,0,0,0,2970,95,2875,2867,2848,10,3,5,0,1,8,8,0,0,0,0,2235,2227,2193,5,2,1,0,26,8,8,0,0,0,0,2235,47,2188,2182,2175,4,1,1,0,1,6,6,0,0,0,0,1450,1239,211
Phelps County,NE,50,2,4,31,137,1398048596,1646534,9188,4175,40.5163647,-99.4065568,9188,9099,8899,13,35,22,3,127,89,88,14,32,12,5,21,0,0,0,1,0,1,0,0,1,1,1,0,0,0,9188,373,8815,8751,8694,12,21,21,3,0,64,63,1,0,0,0,6930,6890,6782,7,18,8,3,72,40,39,1,0,0,0,6930,211,6719,6686,6655,7,13,8,3,0,33,32,1,0,0,0,4175,3779,396
Pierce County,NE,50,2,4,31,139,1484707293,3481943,7266,3222,42.2714129,-97.6109917,7266,7228,7147,14,16,12,0,39,38,38,8,21,6,0,3,0,0,0,0,0,0,0,0,0,0,0,0,0,0,7266,93,7173,7139,7098,11,15,12,0,3,34,34,0,0,0,0,5381,5366,5319,9,8,8,0,22,15,15,0,0,0,0,5381,49,5332,5318,5292,8,8,8,0,2,14,14,0,0,0,0,3222,2911,311
Platte County,NE,50,2,4,31,141,1745805649,27272400,32237,13378,41.5768655,-97.5134673,32237,31761,29021,145,219,151,12,2213,476,451,66,91,46,5,196,5,0,0,9,1,0,12,3,9,8,23,2,0,0,32237,4452,27785,27584,27167,128,97,149,6,37,201,185,16,0,0,0,23723,23499,21899,101,125,81,9,1284,224,210,12,2,0,0,23723,2553,21170,21085,20834,89,63,79,4,16,85,78,7,0,0,0,13378,12658,720
Polk County,NE,50,2,4,31,143,1135308002,5949280,5406,2731,41.1879253,-97.5706627,5406,5352,5292,6,11,6,2,35,54,49,3,23,10,3,5,1,0,0,3,0,0,1,0,0,0,5,0,0,0,5406,156,5250,5210,5186,6,10,6,2,0,40,35,5,0,0,0,4088,4057,4016,3,10,3,1,24,31,30,1,0,0,0,4088,92,3996,3970,3954,3,9,3,1,0,26,25,1,0,0,0,2731,2212,519
Red Willow County,NE,50,2,4,31,145,1856983744,2643458,11055,5267,40.1694196,-100.4685764,11055,10932,10612,81,52,32,1,154,123,119,33,41,15,0,25,1,0,1,1,1,0,1,0,0,0,4,0,0,0,11055,462,10593,10505,10345,81,43,28,1,7,88,85,3,0,0,0,8517,8454,8232,66,37,24,1,94,63,62,1,0,0,0,8517,264,8253,8207,8083,66,31,23,1,3,46,45,1,0,0,0,5267,4663,604
Richardson County,NE,50,2,4,31,147,1429258779,7077617,8363,4393,40.1237427,-95.7186026,8363,8210,7886,15,250,27,1,31,153,145,18,102,12,2,5,3,0,0,0,0,0,3,0,0,0,8,0,0,0,8363,112,8251,8111,7830,11,242,27,1,0,140,134,6,0,0,0,6566,6488,6286,7,154,19,0,22,78,76,2,0,0,0,6566,71,6495,6423,6251,5,148,19,0,0,72,71,1,0,0,0,4393,3718,675
Rock County,NE,50,2,4,31,149,2611532223,8807750,1526,912,42.4133245,-99.45853,1526,1520,1503,1,9,3,0,4,6,6,4,1,0,0,1,0,0,0,0,0,0,0,0,0,0,0,0,0,0,1526,2,1524,1519,1502,1,9,3,0,4,5,5,0,0,0,0,1217,1215,1205,1,5,2,0,2,2,2,0,0,0,0,1217,1,1216,1214,1204,1,5,2,0,2,2,2,0,0,0,0,912,685,227
Saline County,NE,50,2,4,31,151,1486698620,5934704,14200,5762,40.5168024,-97.131755,14200,13977,11783,125,55,225,14,1775,223,212,40,57,30,2,57,1,0,0,3,0,0,14,1,1,6,11,0,0,0,14200,2870,11330,11202,10817,92,40,223,2,28,128,117,11,0,0,0,10729,10611,9209,99,40,163,10,1090,118,111,7,0,0,0,10729,1736,8993,8920,8639,70,30,163,2,16,73,66,7,0,0,0,5762,5131,631
Sarpy County,NE,50,2,4,31,153,618982000,22099822,158840,61938,41.1150635,-96.1091254,158840,153880,138879,6321,733,3353,168,4426,4960,4603,1398,741,1141,85,712,85,144,18,110,17,1,30,53,51,17,326,31,0,0,158840,11569,147271,143499,133132,6119,554,3313,157,224,3772,3506,247,19,0,0,113118,111139,100819,4433,493,2541,114,2739,1979,1854,114,11,0,0,113118,6733,106385,104863,97427,4323,392,2515,105,101,1522,1425,89,8,0,0,61938,58102,3836
Saunders County,NE,50,2,4,31,155,1943096642,24827703,20780,9221,41.2231522,-96.6409225,20780,20559,20201,71,53,83,1,150,221,214,50,64,47,0,45,5,0,0,2,1,0,0,0,0,0,7,0,0,0,20780,415,20365,20191,19992,69,43,83,1,3,174,169,5,0,0,0,15406,15293,15068,43,42,49,1,90,113,107,6,0,0,0,15406,246,15160,15073,14943,43,35,49,1,2,87,83,4,0,0,0,9221,8040,1181
Scotts Bluff County,NE,50,2,4,31,157,1915039277,15437667,36970,16408,41.8515889,-103.7058602,36970,36249,32307,204,782,218,19,2719,721,687,88,209,72,4,238,6,1,1,10,4,2,41,1,4,6,27,7,0,0,36970,7785,29185,28873,27931,157,533,207,15,30,312,302,10,0,0,0,27818,27496,24945,134,472,167,18,1760,322,311,9,2,0,0,27818,4737,23081,22931,22278,103,357,158,15,20,150,146,4,0,0,0,16408,14928,1480
Seward County,NE,50,2,4,31,159,1479990428,11547843,16750,6875,40.8719439,-97.140383,16750,16570,16315,60,53,72,2,68,180,170,50,56,27,1,27,1,1,0,0,0,0,1,6,0,0,10,0,0,0,16750,272,16478,16338,16152,59,49,71,2,5,140,132,8,0,0,0,12788,12707,12535,44,33,51,2,42,81,74,7,0,0,0,12788,146,12642,12577,12448,43,31,51,2,2,65,60,5,0,0,0,6875,6266,609
Sheridan County,NE,50,2,4,31,161,6321803579,74941796,5469,2936,42.5070737,-102.389698,5469,5307,4629,12,619,18,5,24,162,151,4,129,5,1,3,2,0,0,0,2,0,0,0,0,5,11,0,0,0,5469,171,5298,5153,4559,12,562,18,2,0,145,138,7,0,0,0,4176,4086,3697,7,353,14,3,12,90,86,4,0,0,0,4176,71,4105,4021,3666,7,332,14,2,0,84,80,4,0,0,0,2936,2380,556
Sherman County,NE,50,2,4,31,163,1465488702,15062176,3152,1941,41.2187425,-98.9728492,3152,3140,3122,3,2,9,0,4,12,12,3,5,2,1,1,0,0,0,0,0,0,0,0,0,0,0,0,0,0,3152,31,3121,3110,3095,3,2,9,0,1,11,11,0,0,0,0,2445,2436,2426,2,2,2,0,4,9,9,0,0,0,0,2445,17,2428,2420,2413,2,2,2,0,1,8,8,0,0,0,0,1941,1392,549
Sioux County,NE,50,2,4,31,165,5352832471,1872668,1311,815,42.483806,-103.7426049,1311,1296,1260,1,2,1,0,32,15,15,4,11,0,0,0,0,0,0,0,0,0,0,0,0,0,0,0,0,0,1311,52,1259,1244,1240,1,2,1,0,0,15,15,0,0,0,0,1018,1009,991,1,2,1,0,14,9,9,0,0,0,0,1018,20,998,989,985,1,2,1,0,0,9,9,0,0,0,0,815,577,238
Stanton County,NE,50,2,4,31,167,1108381561,7908749,6129,2633,41.9047925,-97.1747241,6129,6059,5814,41,25,6,0,173,70,70,11,30,6,1,22,0,0,0,0,0,0,0,0,0,0,0,0,0,0,6129,281,5848,5801,5729,36,25,6,0,5,47,47,0,0,0,0,4445,4422,4286,21,13,6,0,96,23,23,0,0,0,0,4445,130,4315,4296,4254,20,13,6,0,3,19,19,0,0,0,0,2633,2387,246
Thayer County,NE,50,2,4,31,169,1486153333,3025346,5228,2731,40.1738446,-97.5962626,5228,5180,5120,12,8,16,0,24,48,47,16,24,2,0,5,0,0,0,0,0,0,0,0,0,0,1,0,0,0,5228,76,5152,5110,5077,10,8,15,0,0,42,41,1,0,0,0,4111,4089,4057,6,6,8,0,12,22,22,0,0,0,0,4111,41,4070,4050,4031,6,6,7,0,0,20,20,0,0,0,0,2731,2296,435
Thomas County,NE,50,2,4,31,171,1847272741,2028358,647,402,41.8486202,-100.5069105,647,640,635,1,1,2,0,1,7,7,0,0,2,0,5,0,0,0,0,0,0,0,0,0,0,0,0,0,0,647,12,635,633,629,1,1,2,0,0,2,2,0,0,0,0,499,499,494,1,1,2,0,1,0,0,0,0,0,0,499,5,494,494,490,1,1,2,0,0,0,0,0,0,0,0,402,291,111
Thurston County,NE,50,2,4,31,173,1019377309,6458637,6940,2408,42.1540613,-96.5339428,6940,6805,2801,17,3963,6,2,16,135,133,4,74,4,0,22,18,0,0,0,1,1,9,0,0,0,2,0,0,0,6940,190,6750,6654,2739,17,3890,6,2,0,96,94,2,0,0,0,4473,4420,2196,12,2195,4,2,11,53,52,1,0,0,0,4473,76,4397,4353,2168,12,2167,4,2,0,44,43,1,0,0,0,2408,2158,250
Valley County,NE,50,2,4,31,175,1471237329,6242700,4260,2273,41.5640938,-98.9834841,4260,4228,4152,6,5,13,0,52,32,32,5,12,13,0,2,0,0,0,0,0,0,0,0,0,0,0,0,0,0,4260,79,4181,4151,4129,3,5,13,0,1,30,30,0,0,0,0,3319,3308,3258,3,5,10,0,32,11,11,0,0,0,0,3319,43,3276,3265,3247,2,5,10,0,1,11,11,0,0,0,0,2273,1922,351
Washington County,NE,50,2,4,31,177,1009986004,8387694,20234,8301,41.533979,-96.2245739,20234,20037,19673,122,44,54,8,136,197,175,49,60,28,8,18,3,0,0,3,0,0,0,1,0,5,22,0,0,0,20234,419,19815,19653,19405,120,40,54,7,27,162,143,19,0,0,0,15142,15053,14813,80,37,36,6,81,89,81,8,0,0,0,15142,244,14898,14827,14654,79,33,36,5,20,71,64,7,0,0,0,8301,7761,540
Wayne County,NE,50,2,4,31,179,1147143891,1087727,9595,3776,42.210746,-97.1262433,9595,9488,9091,129,32,48,15,173,107,97,25,16,23,2,19,4,1,0,3,1,0,1,0,2,0,8,2,0,0,9595,401,9194,9117,8893,127,26,48,12,11,77,68,7,2,0,0,7733,7676,7378,116,24,38,11,109,57,53,3,1,0,0,7733,247,7486,7448,7261,114,20,38,11,4,38,34,3,1,0,0,3776,3507,269
Webster County,NE,50,2,4,31,181,1489018081,337241,3812,1912,40.1806461,-98.4985897,3812,3754,3659,18,8,11,10,48,58,57,9,25,10,2,9,2,0,0,0,0,0,0,0,0,0,1,0,0,0,3812,133,3679,3635,3588,18,8,11,10,0,44,44,0,0,0,0,2951,2922,2866,10,5,9,6,26,29,28,1,0,0,0,2951,64,2887,2864,2834,10,5,9,6,0,23,23,0,0,0,0,1912,1604,308
Wheeler County,NE,50,2,4,31,183,1489715284,1059454,818,576,41.9378588,-98.5222885,818,811,804,0,1,4,0,2,7,7,1,1,2,1,2,0,0,0,0,0,0,0,0,0,0,0,0,0,0,818,6,812,807,802,0,1,4,0,0,5,5,0,0,0,0,617,615,611,0,1,1,0,2,2,2,0,0,0,0,617,2,615,613,611,0,1,1,0,0,2,2,0,0,0,0,576,350,226
York County,NE,50,2,4,31,185,1482793088,8596028,13665,6231,40.8730557,-97.5967418,13665,13526,12980,158,58,60,7,263,139,132,34,29,25,5,24,2,1,0,1,1,0,1,5,4,0,7,0,0,0,13665,555,13110,13009,12725,149,48,59,4,24,101,97,4,0,0,0,10607,10539,10185,116,38,43,5,152,68,66,2,0,0,0,10607,319,10288,10237,10036,113,34,42,2,10,51,49,2,0,0,0,6231,5564,667
Churchill County,NV,50,4,8,32,1,12769826211,242422024,24877,10826,39.5257006,-118.2704194,24877,23830,20407,395,1129,665,51,1183,1047,971,126,341,228,25,90,24,26,3,7,14,8,12,36,28,3,72,4,0,0,24877,3009,21868,21086,19030,366,991,633,41,25,782,743,39,0,0,0,18603,18112,15762,264,788,544,36,718,491,460,30,1,0,0,18603,1746,16857,16462,14938,250,703,523,27,21,395,375,20,0,0,0,10826,9671,1155
Clark County,NV,50,4,8,32,3,20438710673,438695269,1951269,840343,36.214236,-115.0138188,1951269,1851878,1188112,204379,14422,168831,13628,262506,99391,89217,16208,8032,21436,2898,21771,2175,3297,810,3073,520,154,988,4290,2797,768,9187,864,117,6,1951269,568644,1382625,1320822,935955,194821,8732,165121,12474,3719,61803,54822,6385,519,75,2,1462651,1410212,937526,147787,10776,135845,9813,168465,52439,47744,4297,335,57,6,1462651,362902,1099749,1066772,772432,142302,6886,133605,9147,2400,32977,29498,3220,221,36,2,840343,715365,124978
Douglas County,NV,50,4,8,32,5,1838164305,72317550,46997,23671,38.9051292,-119.6090191,46997,45524,42130,201,896,725,66,1506,1473,1352,136,494,332,62,252,11,10,2,2,10,1,5,15,13,7,110,11,0,0,46997,5103,41894,40850,39094,174,759,699,60,64,1044,960,74,10,0,0,37512,36716,34254,141,652,612,57,1000,796,733,56,7,0,0,37512,3266,34246,33657,32260,129,575,594,53,46,589,543,40,6,0,0,23671,19638,4033
Elko County,NV,50,4,8,32,7,44469662857,85758966,48818,19566,41.1411327,-115.3514239,48818,47277,38772,378,2594,442,69,5022,1541,1474,117,487,186,45,501,10,0,2,22,15,1,47,7,28,6,59,8,0,0,48818,11158,37660,36873,33730,329,2286,434,62,32,787,752,27,8,0,0,34588,33818,28216,280,1845,360,44,3073,770,751,17,2,0,0,34588,6580,28008,27579,25243,253,1663,355,40,25,429,421,6,2,0,0,19566,17442,2124
Esmeralda County,NV,50,4,8,32,9,9277017113,18552056,783,850,37.7789658,-117.6323824,783,749,661,0,33,3,0,52,34,34,2,12,3,2,15,0,0,0,0,0,0,0,0,0,0,0,0,0,0,783,120,663,642,605,0,33,3,0,1,21,21,0,0,0,0,651,630,571,0,23,3,0,33,21,21,0,0,0,0,651,67,584,569,543,0,23,3,0,0,15,15,0,0,0,0,850,389,461
Eureka County,NV,50,4,8,32,11,10814970882,11082875,1987,1076,39.9777878,-116.2722082,1987,1943,1775,2,47,18,0,101,44,36,2,15,5,0,13,0,0,0,0,1,0,0,0,0,0,2,0,6,0,1987,238,1749,1725,1662,2,42,18,0,1,24,22,2,0,0,0,1506,1483,1351,2,37,16,0,77,23,20,1,0,2,0,1506,162,1344,1331,1278,2,34,16,0,1,13,12,1,0,0,0,1076,836,240
Humboldt County,NV,50,4,8,32,13,24969444419,44197034,16528,7123,41.4079136,-118.1275915,16528,16066,13053,87,692,120,19,2095,462,432,41,153,45,9,151,2,0,0,1,1,1,16,0,7,5,27,3,0,0,16528,4038,12490,12239,11395,78,628,108,18,12,251,234,15,2,0,0,12004,11784,9786,71,495,101,17,1314,220,208,9,3,0,0,12004,2444,9560,9433,8781,66,467,93,16,10,127,121,4,2,0,0,7123,6289,834
Lander County,NV,50,4,8,32,15,14219305794,76103225,5775,2575,39.9002105,-117.0472398,5775,5633,4853,20,242,21,1,496,142,130,10,54,3,1,51,5,0,0,1,0,1,2,0,2,0,9,0,3,0,5775,1219,4556,4494,4259,17,197,20,1,0,62,57,5,0,0,0,4181,4103,3593,11,169,15,1,314,78,71,5,0,2,0,4181,758,3423,3388,3216,9,147,15,1,0,35,31,4,0,0,0,2575,2213,362
Lincoln County,NV,50,4,8,32,17,27539866410,9802762,5345,2730,37.634605,-114.8630367,5345,5224,4871,121,61,40,15,116,121,118,12,50,12,16,19,0,0,0,2,4,0,2,1,0,0,3,0,0,0,5345,332,5013,4927,4698,120,57,38,14,0,86,83,3,0,0,0,3908,3857,3634,84,41,37,10,51,51,50,1,0,0,0,3908,186,3722,3683,3518,83,37,35,10,0,39,38,1,0,0,0,2730,1988,742
Lyon County,NV,50,4,8,32,19,5183049296,59602504,51980,22547,39.0222136,-119.197417,51980,50042,44164,417,1286,725,130,3320,1938,1812,261,693,252,79,381,8,7,0,3,11,6,38,40,29,4,114,9,3,0,51980,7674,44306,42962,40634,363,1061,701,124,79,1344,1243,90,9,2,0,39052,38042,34202,253,888,590,92,2017,1010,967,39,4,0,0,39052,4565,34487,33751,32044,231,768,573,90,45,736,702,30,4,0,0,22547,19808,2739
Mineral County,NV,50,4,8,32,21,9719820866,155746727,4772,2830,38.516647,-118.4162794,4772,4560,3462,196,742,53,6,101,212,205,44,87,23,4,25,11,0,0,4,3,0,1,0,3,0,6,1,0,0,4772,436,4336,4176,3271,182,666,49,6,2,160,158,2,0,0,0,3898,3793,2970,151,542,46,6,78,105,104,0,1,0,0,3898,283,3615,3530,2832,148,498,44,6,2,85,85,0,0,0,0,2830,2240,590
Nye County,NV,50,4,8,32,23,47090965923,43209307,43946,22350,37.9663789,-116.4590468,43946,42388,37755,874,703,572,211,2273,1558,1429,200,490,269,47,266,30,9,3,12,8,1,25,40,16,13,120,9,0,0,43946,5967,37979,36870,34663,836,592,547,179,53,1109,1009,94,6,0,0,34858,33995,30665,680,550,510,155,1435,863,801,57,5,0,0,34858,3683,31175,30522,28730,660,479,492,133,28,653,601,50,2,0,0,22350,18032,4318
Pershing County,NV,50,4,8,32,27,15634626982,79934443,6753,2464,40.439639,-118.4094765,6753,6547,5528,253,217,87,7,455,206,195,7,80,17,12,56,3,0,0,7,2,0,7,3,1,0,10,1,0,0,6753,1508,5245,5127,4605,251,173,87,7,4,118,110,8,0,0,0,5431,5324,4572,249,142,72,5,284,107,105,2,0,0,0,5431,1084,4347,4285,3836,248,123,72,5,1,62,60,2,0,0,0,2464,2018,446
Storey County,NV,50,4,8,32,29,680960552,1872364,4010,1990,39.4383853,-119.5246462,4010,3923,3693,40,64,66,15,45,87,78,10,40,13,4,7,0,0,0,0,0,0,1,1,2,0,9,0,0,0,4010,228,3782,3709,3532,40,57,66,12,2,73,64,9,0,0,0,3309,3248,3075,29,51,54,11,28,61,56,5,0,0,0,3309,152,3157,3104,2965,29,45,54,9,2,53,48,5,0,0,0,1990,1742,248
Washoe County,NV,50,4,8,32,31,16323051686,621198199,421407,184841,40.7033108,-119.7103147,421407,405463,324070,9814,7209,21790,2542,40038,15944,14648,2250,2626,3990,492,3384,189,203,57,220,94,35,175,404,422,107,1192,85,18,1,421407,93724,327683,317402,278213,9088,5782,21288,2358,673,10281,9391,815,65,9,1,322075,313559,256907,7218,5146,17401,1777,25110,8516,7925,543,37,10,1,322075,58337,263738,258186,227916,6812,4273,17096,1665,424,5552,5122,398,28,3,1,184841,163445,21396
White Pine County,NV,50,4,8,32,33,22987820587,54678887,10030,4498,39.417804,-114.9009447,10030,9775,8575,395,419,97,10,279,255,237,25,111,13,17,52,3,1,0,0,1,1,8,5,0,0,18,0,0,0,10030,1326,8704,8535,7652,388,384,96,9,6,169,159,10,0,0,0,7857,7728,6800,376,286,77,6,183,129,121,8,0,0,0,7857,955,6902,6820,6100,373,263,76,5,3,82,78,4,0,0,0,4498,3707,791
Carson City,NV,50,4,8,32,510,374672985,32587486,55274,23534,39.1534468,-119.743442,55274,53654,44807,1054,1306,1181,101,5205,1620,1507,160,470,315,61,365,5,16,1,16,16,1,24,27,22,8,96,16,1,0,55274,11777,43497,42479,39083,1003,1096,1139,91,67,1018,930,73,14,1,0,43459,42567,36389,949,975,944,85,3225,892,831,51,9,1,0,43459,7364,36095,35507,32666,915,873,926,76,51,588,539,40,8,1,0,23534,21427,2107
Belknap County,NH,50,1,1,33,1,1036596332,177025146,60088,37386,43.5191091,-71.4253661,60088,59314,58059,279,126,699,11,140,774,740,150,341,151,8,54,7,2,0,2,1,0,4,4,13,3,32,2,0,0,60088,724,59364,58667,57553,261,119,695,9,30,697,668,27,2,0,0,47607,47186,46304,177,110,497,8,90,421,406,13,2,0,0,47607,423,47184,46790,45998,169,106,494,7,16,394,380,12,2,0,0,37386,24766,12620
Carroll County,NH,50,1,1,33,3,2411436914,158956015,47818,39813,43.8675668,-71.201665,47818,47285,46627,139,132,305,7,75,533,492,97,279,60,9,27,4,5,0,2,1,0,2,0,4,2,39,2,0,0,47818,473,47345,46862,46285,126,122,297,7,25,483,446,35,2,0,0,38901,38562,38091,87,104,219,6,55,339,319,18,2,0,0,38901,295,38606,38290,37878,78,99,211,6,18,316,297,17,2,0,0,39813,21052,18761
Cheshire County,NH,50,1,1,33,5,1830241632,58115492,77117,34773,42.9254553,-72.2482169,77117,76037,74239,390,193,921,19,275,1080,1015,260,386,231,20,72,10,6,0,10,5,1,2,2,9,1,62,1,2,0,77117,1090,76027,75061,73537,363,171,910,19,61,966,914,49,1,2,0,62005,61406,60042,300,155,704,19,186,599,565,34,0,0,0,62005,679,61326,60772,59594,281,141,694,19,43,554,527,27,0,0,0,34773,30204,4569
Coos County,NH,50,1,1,33,7,4648212655,90777672,33055,21321,44.6524194,-71.2893827,33055,32582,32045,148,128,165,1,95,473,453,73,257,66,3,37,1,1,1,5,0,0,2,1,6,0,20,0,0,0,33055,401,32654,32237,31801,141,107,165,1,22,417,407,10,0,0,0,26803,26531,26124,118,99,123,1,66,272,266,6,0,0,0,26803,249,26554,26302,25965,113,84,123,1,16,252,248,4,0,0,0,21321,14171,7150
Grafton County,NH,50,1,1,33,9,4425640635,105662058,89118,51120,43.9264884,-71.8422643,89118,87558,83386,828,329,2633,16,366,1560,1461,265,542,439,18,81,19,20,2,7,11,0,6,7,41,3,86,12,1,0,89118,1600,87518,86103,82294,768,307,2618,16,100,1415,1329,76,9,1,0,72734,71767,68393,660,270,2169,13,262,967,911,46,9,1,0,72734,1155,71579,70697,67594,616,256,2155,13,63,882,834,41,6,1,0,51120,35986,15134
Hillsborough County,NH,50,1,1,33,11,2269188527,41636576,400721,166053,42.9116429,-71.7231012,400721,392782,362153,8298,961,12954,140,8276,7939,7432,2080,1521,1796,108,1211,106,52,32,205,20,17,33,30,152,69,486,15,5,1,400721,21241,379480,373343,351224,7405,742,12898,99,975,6137,5790,337,5,5,0,306639,302848,281634,5469,701,9364,101,5579,3791,3579,199,7,5,1,306639,13089,293550,290578,275036,4892,562,9321,77,690,2972,2816,150,1,5,0,166053,155466,10587
Merrimack County,NH,50,1,1,33,13,2419349805,57836323,146445,63541,43.2994849,-71.6801295,146445,144380,139609,1530,391,2325,41,484,2065,1943,436,738,426,27,177,27,17,6,21,14,9,5,8,29,3,111,7,2,2,146445,2339,144106,142306,138048,1452,355,2307,40,104,1800,1703,95,2,0,0,114499,113440,110039,1049,311,1671,33,337,1059,1010,40,6,1,2,114499,1412,113087,112123,109081,1001,284,1658,32,67,964,926,36,2,0,0,63541,57069,6472
Rockingham County,NH,50,1,1,33,15,1799316831,260008473,295223,126709,42.9893596,-71.0994374,295223,291169,281966,1996,486,4943,100,1678,4054,3800,868,1133,1149,56,407,30,30,3,29,16,7,9,20,33,10,238,12,3,1,295223,6142,289081,285570,278011,1790,418,4910,93,348,3511,3293,204,12,1,1,227785,225785,219132,1469,358,3603,76,1147,2000,1885,107,5,2,1,227785,3897,223888,222133,216611,1328,320,3579,72,223,1755,1658,91,5,0,1,126709,115033,11676
Strafford County,NH,50,1,1,33,17,955640569,38918908,123143,51697,43.2931773,-71.0359266,123143,120853,115545,1242,275,3191,44,556,2290,2129,671,585,545,28,155,18,17,4,19,7,4,3,32,37,4,149,11,1,0,123143,2201,120942,118908,114210,1144,234,3171,41,108,2034,1903,120,10,1,0,97723,96551,92594,892,206,2418,39,402,1172,1105,63,3,1,0,97723,1450,96273,95221,91699,828,175,2404,36,79,1052,996,52,3,1,0,51697,47100,4597
Sullivan County,NH,50,1,1,33,19,1391635377,38022493,43742,22341,43.3611883,-72.2220839,43742,43128,42421,185,129,271,5,117,614,581,121,322,86,7,29,5,2,0,2,3,0,1,3,0,0,32,1,0,0,43742,493,43249,42684,42087,175,118,270,4,30,565,535,29,1,0,0,34540,34171,33673,135,102,184,1,76,369,352,16,1,0,0,34540,285,34255,33908,33475,130,97,183,1,22,347,332,14,1,0,0,22341,18126,4215
Atlantic County,NJ,50,1,2,34,1,1439267859,300755451,274549,126647,39.469354,-74.6337584,274549,265659,179566,44138,1050,20595,92,20218,8890,8216,2155,731,1197,48,2007,390,197,56,639,184,1,102,52,399,58,614,47,10,3,274549,46241,228308,223183,160871,40882,488,20419,60,463,5125,4735,357,28,5,0,210661,205848,144047,31780,721,15507,65,13728,4813,4434,342,27,7,3,210661,30442,180219,177481,131471,29928,360,15407,47,268,2738,2500,217,17,4,0,126647,102847,23800
Bergen County,NJ,50,1,2,34,3,603490137,35385294,905116,352388,40.9590904,-74.0745218,905116,882406,650703,52473,2061,131329,229,45611,22710,21359,3440,1019,5914,180,5912,509,573,95,1083,300,6,350,409,1375,194,1224,107,14,6,905116,145281,759835,747004,566053,46850,869,130491,173,2568,12831,12177,591,56,7,0,700711,687119,512021,39865,1410,100564,182,33077,13592,12785,725,63,13,6,700711,104506,596205,588947,450437,36048,590,100038,145,1689,7258,6869,347,35,7,0,352388,335730,16658
Burlington County,NJ,50,1,2,34,5,2068303255,55068519,448734,175615,39.8757858,-74.6630063,448734,435639,331342,74505,985,19395,219,9193,13095,11768,4170,1153,2172,101,1293,902,568,63,708,117,6,49,71,347,48,1206,106,15,0,448734,28831,419903,409781,317021,71247,656,19193,193,1471,10122,9135,895,78,14,0,344491,337746,260060,55473,748,14463,162,6840,6745,6101,596,43,5,0,344491,19525,324966,319638,250151,53451,513,14343,149,1031,5328,4832,457,35,4,0,175615,166318,9297
Camden County,NJ,50,1,2,34,7,573067842,15616906,513657,204943,39.8023521,-74.9612508,513657,500214,335389,100441,1608,26257,165,36354,13443,12239,3837,927,1865,77,2046,855,421,57,1281,108,9,179,91,367,119,1111,78,14,1,513657,73124,440533,432149,309648,94762,859,26043,106,731,8384,7657,684,33,10,0,388540,381686,265186,71021,1155,19712,121,24491,6854,6183,622,36,12,1,388540,47518,341022,336772,248010,68018,639,19581,83,441,4250,3819,406,16,9,0,204943,190980,13963
Cape May County,NJ,50,1,2,34,9,651187425,955684066,97265,98309,39.0861425,-74.8477158,97265,95408,87369,4565,205,834,36,2399,1857,1725,714,298,215,26,267,58,19,0,80,9,0,8,8,10,13,125,4,3,0,97265,6054,91211,89844,84522,4244,143,818,32,85,1367,1274,91,2,0,0,78916,78096,72149,3454,160,630,28,1675,820,758,58,3,1,0,78916,3961,74955,74349,70269,3279,115,619,26,41,606,558,46,2,0,0,98309,40812,57497
Cumberland County,NJ,50,1,2,34,11,1252784157,502245900,156898,55834,39.3283874,-75.1216435,156898,151375,98430,31741,1746,1907,59,17492,5523,5104,1475,526,317,38,1352,593,77,34,457,35,4,82,7,71,36,376,28,6,9,156898,42457,114441,111510,78931,29376,1102,1854,31,216,2931,2666,250,15,0,0,119193,116270,78354,23525,1312,1451,40,11588,2923,2683,213,19,3,5,119193,27831,91362,89829,65143,22215,895,1415,19,142,1533,1371,152,10,0,0,55834,51931,3903
Essex County,NJ,50,1,2,34,13,326888224,8854094,783969,312954,40.7872165,-74.2461362,783969,759165,333868,320479,3056,35789,286,65687,24804,22997,4452,705,2833,112,7423,1516,830,512,2746,126,14,473,99,775,381,1686,102,18,1,783969,159117,624852,611634,260177,308358,1509,35292,177,6121,13218,12197,952,58,10,1,589051,573087,260558,235090,2161,27628,226,47424,15964,14750,1138,62,13,1,589051,113312,475739,467512,206921,227440,1091,27293,148,4619,8227,7522,659,36,9,1,312954,283712,29242
Gloucester County,NJ,50,1,2,34,15,833989655,39296178,288288,109796,39.7210193,-75.1437077,288288,282156,240890,29006,501,7609,95,4055,6132,5619,2200,697,1030,67,668,376,138,24,237,9,3,19,25,95,31,462,50,1,0,288288,13712,274576,269868,233695,27906,361,7534,62,310,4708,4347,334,27,0,0,218027,215341,185852,20706,376,5534,71,2802,2686,2462,202,21,1,0,218027,8555,209472,207349,181249,20114,278,5488,46,174,2123,1946,164,13,0,0,109796,104271,5525
Hudson County,NJ,50,1,2,34,17,119634159,41755598,634266,270335,40.7313837,-74.0786266,634266,606439,342792,83925,4081,84924,344,90373,27827,26162,4301,880,2999,191,9995,662,571,195,2339,483,16,804,209,2083,434,1521,110,32,2,634266,267853,366413,356012,195510,71315,935,83825,176,4251,10401,9774,562,51,12,2,503104,483872,281019,62588,2960,70633,256,66416,19232,18062,1057,87,24,2,503104,200642,302462,295512,168189,53637,606,69894,136,3050,6950,6500,398,43,7,2,270335,246437,23898
Hunterdon County,NJ,50,1,2,34,19,1108046234,24910908,128349,49487,40.5652832,-74.9119695,128349,126670,117264,3451,167,4181,37,1570,1679,1554,299,256,588,15,196,27,29,9,21,22,2,10,14,56,10,109,5,11,0,128349,6722,121627,120285,112607,3233,97,4155,27,166,1342,1247,82,2,11,0,98132,97323,90079,2897,115,3056,28,1148,809,745,55,3,6,0,98132,4771,93361,92737,86790,2717,69,3039,20,102,624,574,43,1,6,0,49487,47169,2318
Mercer County,NJ,50,1,2,34,21,581601212,11217700,366513,143169,40.2825027,-74.703724,366513,356426,225011,74318,1194,32752,295,22856,10087,9363,2089,519,1903,63,2336,464,314,151,614,80,13,176,151,386,104,651,63,9,1,366513,55318,311195,305143,199909,71378,535,32545,146,630,6052,5574,431,39,8,0,283531,277625,181617,54568,877,24001,229,16333,5906,5469,395,32,9,1,283531,38813,244718,241352,163810,52811,389,23858,122,362,3366,3065,272,21,8,0,143169,133155,10014
Middlesex County,NJ,50,1,2,34,23,800083087,36034482,809858,294800,40.4395925,-74.4075852,809858,785941,474589,78462,2777,173293,251,56569,23917,22389,4037,1073,4068,132,5406,601,603,94,1379,869,16,318,222,3249,322,1376,139,12,1,809858,148975,660883,646884,398724,71557,1193,172534,156,2720,13999,13276,652,66,4,1,624401,609894,382398,57876,1741,128101,190,39588,14507,13542,875,83,7,0,624401,103155,521246,512741,329104,53383,658,127602,125,1869,8505,8011,447,43,4,0,294800,281186,13614
Monmouth County,NJ,50,1,2,34,25,1214167244,509002211,630380,258410,40.287056,-74.1524457,630380,618026,520716,46443,1211,31258,211,18187,12354,11416,3001,1123,2894,111,2226,464,299,72,443,90,9,111,108,415,50,854,79,5,0,630380,60939,569441,560902,483435,43931,616,31018,172,1730,8539,7913,565,57,4,0,480081,473545,402353,34136,902,23258,155,12741,6536,5988,504,40,4,0,480081,41337,438744,434329,376821,32587,472,23096,126,1227,4415,4029,352,31,3,0,258410,233983,24427
Morris County,NJ,50,1,2,34,27,1191852367,55550237,492276,189842,40.8585805,-74.5474268,492276,481933,406683,15360,805,44069,106,14910,10343,9821,2000,794,3257,59,2109,159,172,27,266,127,1,85,105,632,28,474,32,8,8,492276,56482,435794,428792,369551,14134,369,43862,70,806,7002,6676,298,22,5,1,374581,369101,312615,11745,590,32882,82,11187,5480,5185,268,15,5,7,374581,40669,333912,330526,286126,10854,268,32741,59,478,3386,3207,166,11,2,0,189842,180534,9308
Ocean County,NJ,50,1,2,34,29,1628534966,742342470,576567,278052,39.8658498,-74.2630272,576567,568082,524577,18164,966,10081,129,14165,8485,7908,2174,1281,1561,112,1803,193,137,38,265,26,4,77,53,149,35,523,34,19,1,576567,47783,528784,523145,495534,16583,454,9924,92,558,5639,5293,316,15,14,1,441648,437256,406479,12830,724,7659,95,9469,4392,4078,282,15,16,1,441648,31236,410412,407524,387283,11907,369,7564,72,329,2888,2683,185,6,13,1,278052,221111,56941
Passaic County,NJ,50,1,2,34,31,478093122,32407089,501226,175966,41.0337634,-74.3003075,501226,482627,314001,64295,3348,25092,156,75735,18599,17526,3184,888,2388,111,6590,455,200,97,1536,168,14,679,78,774,364,1020,47,6,0,501226,185677,315549,309370,227144,55480,769,24556,53,1368,6179,5794,375,7,3,0,376613,364375,243560,47027,2311,18984,121,52372,12238,11531,678,25,4,0,376613,128930,247683,243780,182502,41212,549,18645,44,828,3903,3643,252,5,3,0,175966,166785,9181
Salem County,NJ,50,1,2,34,33,859613601,104713321,66083,27417,39.5738282,-75.3573559,66083,64618,52757,9309,240,557,10,1745,1465,1398,626,219,135,24,145,108,15,1,94,1,0,14,2,9,5,66,1,0,0,66083,4507,61576,60468,50736,8940,187,548,10,47,1108,1054,53,1,0,0,50573,49900,41524,6609,180,429,8,1150,673,642,30,1,0,0,50573,2769,47804,47281,40243,6437,143,424,8,26,523,497,25,1,0,0,27417,25290,2127
Somerset County,NJ,50,1,2,34,35,781692692,7883404,323444,123127,40.5655218,-74.61993,323444,315211,226608,28943,556,45650,94,13360,8233,7675,1486,411,2310,32,1768,213,188,34,291,107,3,68,59,652,53,504,44,6,4,323444,42091,281353,275945,201849,27480,285,45473,72,786,5408,5046,344,15,3,0,242609,238395,174800,20959,374,32814,65,9383,4214,3920,264,22,5,3,242609,29131,213478,210946,157519,20037,179,32701,54,456,2532,2334,189,6,3,0,123127,117759,5368
Sussex County,NJ,50,1,2,34,37,1344239274,43327484,149265,62057,41.1374239,-74.6918545,149265,146876,139504,2677,234,2642,36,1783,2389,2211,535,464,625,27,357,29,24,3,58,8,0,16,15,42,8,171,6,1,0,149265,9617,139648,137877,132484,2448,147,2605,29,164,1771,1647,123,1,0,0,113492,112339,106988,1883,184,1991,27,1266,1153,1074,77,2,0,0,113492,6343,107149,106323,102360,1751,118,1971,22,101,826,769,57,0,0,0,62057,54752,7305
Union County,NJ,50,1,2,34,39,266393116,6595128,536499,199489,40.6598707,-74.3086957,536499,519943,329052,118313,2080,24839,163,45496,16556,15491,2797,688,2075,98,5963,697,403,257,1175,89,9,418,96,573,153,990,63,10,2,536499,146704,389795,382445,243312,111705,546,24496,107,2279,7350,6821,485,38,4,2,405241,394868,254784,86822,1515,18905,132,32710,10373,9683,643,38,7,2,405241,105722,299519,295372,192241,82444,401,18687,94,1505,4147,3804,314,23,4,2,199489,188118,11371
Warren County,NJ,50,1,2,34,41,924412063,15383769,108692,44925,40.8535238,-75.0095421,108692,106777,98137,3818,155,2673,30,1964,1915,1820,539,313,357,21,324,41,36,11,65,5,0,11,0,76,21,90,4,1,0,108692,7659,101033,99665,93165,3592,107,2642,19,140,1368,1308,59,1,0,0,83084,82181,76171,2617,118,1911,25,1339,903,857,45,0,1,0,83084,4975,78109,77481,72927,2486,82,1888,18,80,628,599,29,0,0,0,44925,41480,3445
Bernalillo County,NM,50,4,8,35,1,3006530549,16471335,662564,284234,35.0540019,-106.6690645,662564,633123,459660,19652,31744,15525,695,105847,29441,27525,3238,5151,3854,289,10372,892,279,65,959,182,62,1211,203,587,181,1757,145,11,3,662564,317089,345475,333963,274862,16293,26258,14631,469,1450,11512,10705,725,71,9,2,503434,486256,362850,14478,22761,12161,533,73473,17178,16222,881,63,10,2,503434,218537,284897,278097,232962,12754,19366,11584,391,1040,6800,6320,434,37,8,1,284234,266000,18234
Catron County,NM,50,4,8,35,3,17932273698,14194494,3725,3289,33.9018135,-108.3920974,3725,3608,3344,16,99,7,0,142,117,113,0,77,4,0,25,3,0,1,0,0,0,2,0,1,0,4,0,0,0,3725,709,3016,2949,2832,15,87,5,0,10,67,65,2,0,0,0,3135,3055,2848,13,72,5,0,117,80,77,3,0,0,0,3135,547,2588,2536,2452,13,61,3,0,7,52,50,2,0,0,0,3289,1787,1502
Chaves County,NM,50,4,8,35,5,15708988921,25507475,65645,26697,33.3616045,-104.4698374,65645,63520,46518,1323,814,414,52,14399,2125,2035,203,378,150,23,984,17,10,2,88,10,2,70,4,54,40,85,4,1,0,65645,34139,31506,30860,28801,1079,458,373,29,120,646,618,28,0,0,0,47262,46046,34792,943,628,312,40,9331,1216,1171,42,2,1,0,47262,21790,25472,25082,23473,832,376,286,26,89,390,372,18,0,0,0,26697,23691,3006
Cibola County,NM,50,4,8,35,6,11757199036,5829909,27213,11101,34.93205,-108.0002545,27213,26362,11386,275,11156,149,26,3370,851,809,35,275,20,3,293,40,0,0,10,22,8,96,3,2,2,40,2,0,0,27213,9934,17279,16934,5857,221,10680,136,19,21,345,329,16,0,0,0,20379,19915,9477,212,7683,104,19,2420,464,439,25,0,0,0,20379,7428,12951,12752,5026,179,7421,97,14,15,199,190,9,0,0,0,11101,8860,2241
Colfax County,NM,50,4,8,35,7,9733329419,26318644,13750,10023,36.6129625,-104.6401256,13750,13256,11522,64,202,49,7,1412,494,470,13,160,28,6,218,2,0,0,10,0,0,25,0,2,6,18,0,6,0,13750,6488,7262,7106,6863,39,130,48,6,20,156,151,5,0,0,0,10911,10576,9239,50,164,38,7,1078,335,327,5,0,3,0,10911,4774,6137,6025,5826,33,106,38,6,16,112,109,3,0,0,0,10023,6011,4012
Curry County,NM,50,4,8,35,9,3638407189,8174297,48376,20062,34.5729841,-103.3460546,48376,46370,33728,3055,566,625,52,8344,2006,1866,344,287,244,25,642,32,45,8,114,5,0,68,12,35,5,126,12,2,0,48376,19117,29259,28278,24545,2774,288,574,28,69,981,892,81,6,2,0,34659,33656,25176,2073,420,519,37,5431,1003,951,43,7,2,0,34659,12016,22643,22147,19415,1964,222,480,25,41,496,462,28,4,2,0,20062,18015,2047
De Baca County,NM,50,4,8,35,11,6015566556,29159790,2022,1344,34.3514285,-104.4015274,2022,1943,1766,3,13,1,0,160,79,75,3,47,1,2,16,0,0,0,0,0,0,4,0,2,0,1,0,3,0,2022,779,1243,1211,1200,2,9,0,0,0,32,32,0,0,0,0,1571,1515,1386,1,12,0,0,116,56,53,0,0,3,0,1571,548,1023,998,990,0,8,0,0,0,25,25,0,0,0,0,1344,912,432
Doña Ana County,NM,50,4,8,35,13,9861408558,17789635,209233,81492,32.3509119,-106.8321821,209233,202889,154989,3656,3147,2227,185,38685,6344,5972,692,1073,627,77,2644,61,48,8,214,24,6,269,37,144,48,342,27,3,0,209233,137514,71719,69824,62992,2825,1521,2029,128,329,1895,1755,131,7,2,0,153375,149370,116696,2659,2325,1828,153,25709,4005,3785,205,13,2,0,153375,92699,60676,59409,53922,2234,1209,1703,112,229,1267,1173,88,5,1,0,81492,75532,5960
Eddy County,NM,50,4,8,35,15,10815079253,56452500,53829,22585,32.4578575,-104.3064708,53829,52227,41667,743,810,356,22,8629,1602,1531,162,326,83,20,740,15,1,0,59,2,4,80,8,21,10,65,4,2,0,53829,23731,30098,29543,28111,589,439,325,16,63,555,529,24,2,0,0,39794,38917,31621,531,590,273,21,5881,877,845,26,4,2,0,39794,15777,24017,23679,22574,460,339,254,16,36,338,325,11,2,0,0,22585,20411,2174
Grant County,NM,50,4,8,35,17,10260561575,15349532,29514,14693,32.732087,-108.3815043,29514,28695,25058,255,400,123,22,2837,819,766,58,337,60,7,249,2,1,0,5,3,0,26,2,10,6,52,1,0,0,29514,14252,15262,14959,14356,185,215,109,22,72,303,280,23,0,0,0,23041,22471,19800,182,321,98,19,2051,570,535,34,1,0,0,23041,10030,13011,12782,12300,145,183,92,19,43,229,213,16,0,0,0,14693,12586,2107
Guadalupe County,NM,50,4,8,35,19,7848912419,2887727,4687,2393,34.8697822,-104.7849677,4687,4533,3298,79,90,62,0,1004,154,148,5,14,6,0,98,1,0,0,1,14,0,8,0,1,0,5,0,1,0,4687,3730,957,927,753,66,46,58,0,4,30,29,0,0,1,0,3666,3549,2611,74,80,46,0,738,117,114,2,0,1,0,3666,2816,850,825,668,66,43,45,0,3,25,24,0,0,1,0,2393,1766,627
Harding County,NM,50,4,8,35,21,5504869120,1154341,695,526,35.8631519,-103.8299311,695,685,604,2,8,0,0,71,10,10,2,2,0,0,4,0,0,0,0,0,0,2,0,0,0,0,0,0,0,695,299,396,395,391,2,2,0,0,0,1,1,0,0,0,0,603,594,525,2,7,0,0,60,9,9,0,0,0,0,603,253,350,349,346,2,1,0,0,0,1,1,0,0,0,0,526,349,177
Hidalgo County,NM,50,4,8,35,23,8901429611,23652107,4894,2393,31.8996575,-108.7457292,4894,4808,4177,29,41,23,2,536,86,83,7,22,12,4,33,0,0,0,2,0,0,1,0,1,1,3,0,0,0,4894,2769,2125,2088,2025,17,16,23,2,5,37,37,0,0,0,0,3632,3575,3122,14,32,19,2,386,57,56,1,0,0,0,3632,1938,1694,1668,1624,8,12,19,2,3,26,26,0,0,0,0,2393,1936,457
Lea County,NM,50,4,8,35,25,11372460346,8468799,64727,24919,32.7956865,-103.4132707,64727,63076,48539,2641,770,326,36,10764,1651,1597,301,310,33,16,747,26,3,4,66,3,5,45,7,26,5,49,5,0,0,64727,33063,31664,31083,27845,2399,468,302,18,51,581,561,19,1,0,0,45699,44810,35146,1889,558,255,30,6932,889,854,33,2,0,0,45699,20669,25030,24734,22298,1780,365,244,16,31,296,285,10,1,0,0,24919,22236,2683
Lincoln County,NM,50,4,8,35,27,12512467751,564272,20497,17519,33.7409407,-105.4490834,20497,19989,17439,96,489,75,10,1880,508,490,32,147,27,3,212,7,1,4,14,2,2,14,2,5,18,12,6,0,0,20497,6110,14387,14177,13600,74,407,67,5,24,210,203,1,6,0,0,16609,16311,14519,66,316,64,7,1339,298,293,5,0,0,0,16609,4180,12429,12291,11882,55,276,56,5,17,138,137,1,0,0,0,17519,9219,8300
Los Alamos County,NM,50,4,8,35,28,282740301,229940,17950,8354,35.8700469,-106.3079679,17950,17483,15765,102,142,1071,10,393,467,444,49,119,153,8,82,4,6,0,2,1,0,7,3,7,3,22,1,0,0,17950,2646,15304,14996,13689,97,111,1060,8,31,308,290,17,1,0,0,13602,13394,12140,77,106,775,9,287,208,193,15,0,0,0,13602,1721,11881,11737,10778,74,87,769,7,22,144,131,13,0,0,0,8354,7663,691
Luna County,NM,50,4,8,35,29,7679802477,431981,25095,10999,32.1844822,-107.7466387,25095,24430,19511,288,317,119,19,4176,665,633,53,139,31,5,324,13,1,0,5,5,0,21,0,22,14,31,0,1,0,25095,15423,9672,9477,8997,189,144,112,2,33,195,183,11,0,1,0,18450,18012,14701,206,224,100,14,2767,438,421,16,0,1,0,18450,10079,8371,8231,7843,159,114,94,2,19,140,129,10,0,1,0,10999,9593,1406
McKinley County,NM,50,4,8,35,31,14114940579,14160591,71492,25813,35.5737323,-108.2553073,71492,69295,10834,360,53988,568,23,3522,2197,2088,56,955,54,5,310,253,2,1,12,56,23,326,8,22,5,106,2,1,0,71492,9473,62019,60713,7384,317,52402,542,17,51,1306,1245,61,0,0,0,49119,48194,8670,281,36263,439,14,2527,925,886,37,1,1,0,49119,6103,43016,42457,6229,259,35503,425,9,32,559,536,23,0,0,0,25813,21968,3845
Mora County,NM,50,4,8,35,33,5001977314,6079125,4881,3232,35.9828413,-104.9218975,4881,4721,3462,32,64,13,1,1149,160,152,6,26,1,3,86,0,1,0,3,1,0,22,0,3,0,8,0,0,0,4881,3953,928,913,873,10,17,11,1,1,15,14,1,0,0,0,3839,3704,2723,21,53,11,1,895,135,128,7,0,0,0,3839,3014,825,812,778,10,13,9,1,1,13,12,1,0,0,0,3232,2114,1118
Otero County,NM,50,4,8,35,35,17128132348,37018891,63797,30992,32.5887764,-105.7810785,63797,61128,46352,2251,4271,749,153,7352,2669,2492,392,564,353,67,773,65,50,1,65,13,5,70,24,33,17,153,20,4,0,63797,22026,41771,40426,33716,2048,3737,716,131,78,1345,1256,79,10,0,0,47836,46424,36431,1661,2793,594,97,4848,1412,1344,58,8,2,0,47836,14344,33492,32753,27983,1568,2486,582,86,48,739,706,28,5,0,0,30992,24464,6528
Quay County,NM,50,4,8,35,37,7444529760,18734854,9041,5569,35.1070184,-103.5480712,9041,8737,7781,103,113,88,4,648,304,288,37,66,22,2,126,1,0,1,3,6,0,14,1,9,0,15,0,0,1,9041,3834,5207,5089,4847,82,69,78,4,9,118,110,8,0,0,0,7073,6881,6160,71,89,62,3,496,192,183,8,0,0,1,7073,2730,4343,4269,4088,61,57,56,3,4,74,70,4,0,0,0,5569,4072,1497
Rio Arriba County,NM,50,4,8,35,39,15179497392,91459754,40246,19638,36.5096687,-106.6939829,40246,38900,20778,204,6447,170,13,11288,1346,1302,35,271,35,7,677,29,0,0,28,14,2,163,5,16,20,36,8,0,0,40246,28703,11543,11256,5148,103,5651,138,7,209,287,273,11,3,0,0,30333,29428,16329,147,4433,123,10,8386,905,884,17,4,0,0,30333,21238,9095,8897,4628,80,3919,112,5,153,198,189,7,2,0,0,19638,15768,3870
Roosevelt County,NM,50,4,8,35,41,6338816708,18703928,19846,8163,34.0214569,-103.4827248,19846,19213,15252,364,253,175,5,3164,633,606,78,134,42,3,288,9,3,0,6,1,2,28,0,4,8,26,1,0,0,19846,7913,11933,11684,11022,296,181,161,3,21,249,228,21,0,0,0,14576,14193,11488,263,188,155,4,2095,383,369,13,1,0,0,14576,5073,9503,9343,8799,235,145,147,2,15,160,151,9,0,0,0,8163,7299,864
Sandoval County,NM,50,4,8,35,43,9610539961,13708090,131561,52287,35.6850734,-106.8826177,131561,126457,89482,2800,16945,1922,169,15139,5104,4711,590,1057,658,101,1568,125,41,2,156,41,16,210,34,97,15,368,23,2,0,131561,46129,85432,83086,62445,2462,16006,1763,135,275,2346,2161,175,9,1,0,96402,93878,68428,1980,11403,1455,115,10497,2524,2349,163,11,1,0,96402,30476,65926,64742,50406,1833,10862,1360,97,184,1184,1088,92,3,1,0,52287,47602,4685
San Juan County,NM,50,4,8,35,45,14278776370,65673845,130044,49341,36.5116245,-108.3245778,130044,125503,67048,756,47640,484,74,9501,4541,4295,226,1907,221,33,1195,216,1,1,42,58,27,330,10,21,7,237,6,3,0,130044,24776,105268,102818,55254,617,46321,445,64,117,2450,2345,100,3,2,0,92393,90301,50739,512,32299,392,50,6309,2092,2003,83,3,3,0,92393,15238,77155,75990,43376,443,31690,362,42,77,1165,1121,40,2,2,0,49341,44404,4937
San Miguel County,NM,50,4,8,35,47,12213918594,51380222,29393,15595,35.4768758,-104.8035146,29393,28246,19583,412,508,228,37,7478,1147,1097,49,251,54,8,574,10,9,0,35,2,0,67,4,24,10,49,1,0,0,29393,22583,6810,6595,5781,339,226,175,22,52,215,201,13,1,0,0,22931,22106,15548,335,402,182,34,5605,825,790,34,1,0,0,22931,16983,5948,5789,5080,303,190,145,22,49,159,147,11,1,0,0,15595,11978,3617
Santa Fe County,NM,50,4,8,35,49,4945359181,3774631,144170,71267,35.5137223,-105.9664409,144170,139035,109800,1239,4486,1672,108,21730,5135,4822,349,1078,480,38,2222,64,24,0,65,30,9,315,19,71,58,257,31,20,5,144170,73015,71155,69472,63291,947,3271,1569,59,335,1683,1534,121,14,12,2,113934,110525,89407,971,3223,1342,79,15503,3409,3213,163,14,16,3,113934,52100,61834,60702,55940,790,2418,1269,44,241,1132,1028,87,6,10,1,71267,61963,9304
Sierra County,NM,50,4,8,35,51,10823447042,148324021,11988,8356,33.119479,-107.1881607,11988,11597,10265,49,199,49,3,1032,391,357,9,195,26,3,89,8,0,0,0,0,1,24,1,1,0,28,6,0,0,11988,3352,8636,8444,8205,44,130,49,2,14,192,179,8,5,0,0,10060,9781,8830,36,167,47,3,698,279,260,15,4,0,0,10060,2339,7721,7562,7364,34,109,47,2,6,159,148,8,3,0,0,8356,5917,2439
Socorro County,NM,50,4,8,35,53,17214817782,5360180,17866,8059,33.9916142,-106.9390026,17866,17363,13424,188,2082,219,8,1442,503,471,31,156,60,5,169,10,3,3,5,0,0,11,1,14,3,32,0,0,0,17866,8664,9202,9005,6711,142,1890,208,4,50,197,183,14,0,0,0,13596,13275,10597,124,1317,179,6,1052,321,297,24,0,0,0,13596,6170,7426,7289,5767,107,1208,173,2,32,137,124,13,0,0,0,8059,7014,1045
Taos County,NM,50,4,8,35,55,5706029510,3385868,32937,20265,36.5765287,-105.6379865,32937,31338,22639,143,2031,219,10,6296,1599,1489,53,385,74,15,728,18,3,0,14,8,1,147,2,35,6,107,1,2,0,32937,18381,14556,14100,11958,104,1747,201,5,85,456,417,39,0,0,0,26155,25061,18505,114,1505,193,9,4735,1094,1030,63,0,1,0,26155,13605,12550,12245,10565,87,1336,180,5,72,305,282,23,0,0,0,20265,14806,5459
Torrance County,NM,50,4,8,35,57,8663108604,2301144,16383,7798,34.6346444,-105.8468361,16383,15676,12460,219,383,71,8,2535,707,673,87,175,28,2,274,4,2,0,22,11,2,44,6,2,14,32,2,0,0,16383,6399,9984,9711,9173,172,274,61,7,24,273,266,7,0,0,0,12432,12029,9744,165,298,50,6,1766,403,378,25,0,0,0,12432,4355,8077,7916,7496,139,220,42,5,14,161,157,4,0,0,0,7798,6264,1534
Union County,NM,50,4,8,35,59,9903449966,18468287,4549,2305,36.4880853,-103.4757229,4549,4443,3718,80,89,23,1,532,106,96,16,30,2,0,38,0,1,0,1,2,0,5,0,1,0,10,0,0,0,4549,1805,2744,2701,2549,74,50,22,1,5,43,40,3,0,0,0,3619,3547,2999,73,75,23,0,377,72,68,4,0,0,0,3619,1371,2248,2215,2073,69,46,22,0,5,33,32,1,0,0,0,2305,1695,610
Valencia County,NM,50,4,8,35,61,2761380350,5489464,76569,30085,34.7168404,-106.8065821,76569,73520,56027,1071,2915,406,55,13046,3049,2856,202,591,204,32,1441,43,9,2,76,14,0,145,8,61,28,160,24,9,0,76569,44605,31964,31158,27734,839,2117,314,32,122,806,740,57,7,2,0,56387,54599,42373,795,2042,315,32,9042,1788,1669,100,11,8,0,56387,30385,26002,25516,22897,677,1571,261,21,89,486,440,41,3,2,0,30085,27500,2585
Albany County,NY,50,1,2,36,1,1354056384,27189291,304204,137739,42.5882713,-73.9740136,304204,296557,237873,38609,654,14579,98,4744,7647,7096,3094,844,1355,51,514,413,126,33,317,38,2,25,62,183,39,499,50,1,1,304204,14917,289287,283158,231152,36396,453,14500,88,569,6129,5750,348,30,0,1,243573,239504,197006,27495,505,11041,81,3376,4069,3742,298,28,0,1,243573,10024,233549,230310,192347,26196,375,10980,71,341,3239,3016,204,18,0,1,137739,126251,11488
Allegany County,NY,50,1,2,36,3,2665894548,13153777,48946,26140,42.2478938,-78.0261758,48946,48389,47085,524,113,452,9,206,557,509,154,171,117,4,28,7,3,0,7,1,0,4,1,12,0,43,4,1,0,48946,670,48276,47780,46701,494,97,451,7,30,496,462,30,3,1,0,38370,38026,36957,465,92,365,7,140,344,305,34,4,1,0,38370,464,37906,37597,36694,437,80,364,5,17,309,278,27,3,1,0,26140,18208,7932
Bronx County,NY,50,1,2,36,5,109028908,39838229,1385108,511896,40.8487111,-73.852939,1385108,1311865,386497,505200,18260,49609,1288,351011,73243,67394,11371,1308,2263,250,21680,4263,1881,840,13357,882,135,3629,200,2813,2522,5415,370,38,26,1385108,741413,643695,627733,151209,416695,3460,47335,398,8636,15962,14477,1365,102,12,6,1016912,965637,302237,368758,12337,38075,934,243296,51275,47007,3947,272,31,18,1016912,520397,496515,485096,130205,309709,2256,36525,315,6086,11419,10302,1023,80,11,3,511896,483449,28447
Broome County,NY,50,1,2,36,7,1827925580,25248569,200600,90563,42.1619773,-75.830291,200600,195513,176444,9614,396,7065,82,1912,5087,4703,2181,843,797,55,318,147,68,29,120,18,2,8,26,80,11,354,24,6,0,200600,6778,193822,189573,173074,8850,328,7019,60,242,4249,3956,277,14,2,0,160041,157622,143207,6679,322,6003,58,1353,2419,2229,171,15,4,0,160041,4334,155707,153653,140967,6247,277,5973,42,147,2054,1907,137,8,2,0,90563,82167,8396
Cattaraugus County,NY,50,1,2,36,9,3388612085,36610366,80317,41111,42.2448527,-78.6810055,80317,78954,74639,1024,2443,528,15,305,1363,1293,494,529,109,10,68,35,10,1,3,9,2,11,5,7,0,70,0,0,0,80317,1345,78972,77750,73849,966,2361,524,14,36,1222,1175,47,0,0,0,61516,60947,57973,724,1654,386,11,199,569,546,23,0,0,0,61516,786,60730,60215,57499,690,1612,384,11,19,515,498,17,0,0,0,41111,32263,8848
Cayuga County,NY,50,1,2,36,11,1791189978,445707605,80026,36489,43.0085456,-76.5745866,80026,78595,74042,3195,283,390,31,654,1431,1354,732,329,108,16,75,26,14,4,16,5,0,11,1,11,6,75,1,1,0,80026,1896,78130,76884,73098,3009,252,387,26,112,1246,1193,51,1,1,0,62728,62182,58433,2697,225,288,24,515,546,520,24,1,1,0,62728,1341,61387,60890,57752,2548,204,287,21,78,497,477,18,1,1,0,36489,31445,5044
Chautauqua County,NY,50,1,2,36,13,2745973829,1139483300,134905,66920,42.3042159,-79.4075949,134905,132154,124875,3197,689,688,36,2669,2751,2572,1243,595,186,23,338,34,8,3,76,3,0,20,5,23,15,177,2,0,0,134905,8241,126664,124599,120463,2763,576,676,31,90,2065,1945,118,2,0,0,105459,104336,99188,2355,477,533,31,1752,1123,1056,65,2,0,0,105459,4991,100468,99625,96515,2091,420,525,27,47,843,794,47,2,0,0,66920,54244,12676
Chemung County,NY,50,1,2,36,15,1055035677,8877179,88830,38369,42.1552807,-76.7471788,88830,86458,78771,5828,233,1057,20,549,2372,2220,1344,399,215,17,114,44,14,0,30,2,0,16,2,18,5,142,9,1,0,88830,2240,86590,84528,77643,5528,206,1041,14,96,2062,1940,115,6,1,0,68950,68055,62147,4513,184,797,14,400,895,825,64,5,1,0,68950,1436,67514,66732,61394,4319,164,788,11,56,782,720,57,4,1,0,38369,35462,2907
Chenango County,NY,50,1,2,36,17,2314279661,13161203,50477,24710,42.489732,-75.6049051,50477,49828,48896,345,172,204,6,205,649,615,180,249,94,10,63,6,1,0,5,3,0,0,3,1,0,33,0,1,0,50477,929,49548,48973,48265,323,151,200,4,30,575,545,29,0,1,0,38998,38680,37994,238,145,164,4,135,318,305,12,0,1,0,38998,572,38426,38128,37595,221,133,160,4,15,298,285,12,0,1,0,24710,20436,4274
Clinton County,NY,50,1,2,36,19,2688025469,206355454,82128,35888,44.7527103,-73.7056478,82128,80949,75997,3209,286,898,19,540,1179,1089,376,368,186,13,74,19,9,5,15,3,1,2,9,7,2,82,8,0,0,82128,2054,80074,79068,74832,2953,266,890,15,112,1006,932,66,8,0,0,66238,65582,61117,2996,251,748,15,455,656,604,46,6,0,0,66238,1632,64606,64040,60215,2750,234,743,14,84,566,525,35,6,0,0,35888,31582,4306
Columbia County,NY,50,1,2,36,21,1643879273,35121043,63096,32775,42.2477286,-73.6268046,63096,61817,57136,2855,123,1002,18,683,1279,1203,598,256,157,6,91,21,8,2,22,16,0,6,3,11,6,68,8,0,0,63096,2454,60642,59558,55672,2691,85,998,15,97,1084,1023,54,7,0,0,50289,49726,46443,2022,99,720,16,426,563,521,35,7,0,0,50289,1533,48756,48272,45481,1939,74,716,13,49,484,449,29,6,0,0,32775,25906,6869
Cortland County,NY,50,1,2,36,23,1291782573,7144297,49336,20577,42.5938237,-76.0762647,49336,48490,46901,760,137,416,5,271,846,789,302,256,120,7,54,11,5,2,10,5,0,8,2,5,2,50,6,1,0,49336,1094,48242,47512,46252,705,126,412,3,14,730,688,41,1,0,0,38925,38482,37233,584,113,330,5,217,443,411,29,2,1,0,38925,797,38128,37752,36774,536,106,327,3,6,376,352,24,0,0,0,20577,18671,1906
Delaware County,NY,50,1,2,36,25,3735902531,64765808,47980,31222,42.1939865,-74.966728,47980,47358,45675,779,131,367,12,394,622,565,177,175,89,10,59,21,3,2,11,2,0,4,2,7,3,54,2,1,0,47980,1560,46420,45899,44706,691,102,363,6,31,521,472,47,2,0,0,38575,38217,36914,612,100,300,12,279,358,328,27,2,1,0,38575,1058,37517,37208,36254,546,83,297,6,22,309,285,22,2,0,0,31222,19898,11324
Dutchess County,NY,50,1,2,36,27,2060671707,76968747,297488,118638,41.7550085,-73.7399512,297488,289688,238387,29518,893,10437,108,10345,7800,7188,2666,909,1213,66,1107,362,161,42,318,27,4,38,33,196,46,571,31,10,0,297488,31267,266221,260807,221812,27395,465,10330,80,725,5414,5047,341,19,7,0,231519,227485,189542,22154,659,7798,88,7244,4034,3718,288,21,7,0,231519,21311,210208,207380,177973,20792,364,7733,72,446,2828,2623,189,12,4,0,118638,107965,10673
Erie County,NY,50,1,2,36,29,2700563452,476973805,919040,419974,42.752759,-78.7781922,919040,902518,735244,123931,5908,23789,219,13427,16522,15305,6215,2359,2768,149,1362,797,279,78,696,82,5,66,82,313,54,1136,63,12,6,919040,41731,877309,864080,714156,119916,5199,23621,165,1023,13229,12358,832,31,3,5,720096,712288,592572,88146,4248,18358,158,8806,7808,7158,608,34,6,2,720096,26016,694080,687754,579030,85872,3854,18256,125,617,6326,5835,472,15,2,2,419974,383164,36810
Essex County,NY,50,1,2,36,31,4647029522,315977756,39370,25603,44.1089711,-73.7775726,39370,38891,37100,1073,126,263,9,320,479,448,83,205,46,13,59,9,2,3,20,0,0,4,1,2,1,28,2,1,0,39370,993,38377,37970,36588,982,99,260,8,33,407,382,22,2,1,0,31784,31475,29847,1036,107,189,7,289,309,287,19,2,1,0,31784,854,30930,30672,29428,947,83,187,6,21,258,242,13,2,1,0,25603,16262,9341
Franklin County,NY,50,1,2,36,33,4219398044,177032265,51599,25306,44.5943743,-74.3106698,51599,50975,43437,3127,3797,219,10,385,624,608,116,352,76,5,26,11,0,0,4,10,2,1,4,1,0,15,1,0,0,51599,1506,50093,49526,42640,2834,3753,215,8,76,567,558,9,0,0,0,40879,40571,34344,3079,2620,171,5,352,308,305,2,1,0,0,40879,1284,39595,39313,33695,2788,2592,167,3,68,282,280,2,0,0,0,25306,19054,6252
Fulton County,NY,50,1,2,36,35,1283258864,96893251,55531,28562,43.1156093,-74.4236782,55531,54754,52948,1060,116,321,13,296,777,727,316,214,88,16,59,6,9,5,10,0,0,0,2,1,1,45,4,1,0,55531,1263,54268,53581,52110,981,104,320,11,55,687,652,34,0,1,0,43205,42838,41463,826,86,247,9,207,367,345,17,4,1,0,43205,771,42434,42095,40957,780,76,246,8,28,339,322,16,0,1,0,28562,22554,6008
Genesee County,NY,50,1,2,36,37,1276697637,6142600,60079,25589,43.0009096,-78.1927784,60079,59014,55787,1612,679,357,4,575,1065,1014,518,225,104,7,73,45,2,7,16,8,0,2,4,3,0,46,5,0,0,60079,1616,58463,57554,54990,1491,661,355,2,55,909,869,35,5,0,0,46820,46394,43922,1236,524,286,3,423,426,399,26,1,0,0,46820,1025,45795,45426,43427,1166,512,284,2,35,369,346,22,1,0,0,25589,23728,1861
Greene County,NY,50,1,2,36,39,1676140222,28201066,49221,29210,42.2869511,-74.1494949,49221,48372,44440,2826,145,391,19,551,849,808,356,202,89,8,77,18,17,3,15,8,1,3,5,4,2,36,5,0,0,49221,2419,46802,46085,42857,2606,122,382,15,103,717,680,34,3,0,0,39739,39336,36058,2458,119,298,10,393,403,373,27,3,0,0,39739,1665,38074,37735,34976,2279,103,294,8,75,339,312,25,2,0,0,29210,19823,9387
Hamilton County,NY,50,1,2,36,41,4447975965,234214069,4836,8694,43.6578786,-74.5024556,4836,4783,4705,35,11,24,4,4,53,48,2,39,1,0,3,1,0,0,0,0,0,2,0,0,0,3,2,0,0,4836,51,4785,4737,4664,33,11,24,4,1,48,46,0,2,0,0,4041,4002,3944,23,11,18,3,3,39,38,1,0,0,0,4041,38,4003,3967,3912,22,11,18,3,1,36,36,0,0,0,0,8694,2262,6432
Herkimer County,NY,50,1,2,36,43,3655689412,120400469,64519,33381,43.4616351,-74.8946938,64519,63740,62320,700,157,332,11,220,779,746,333,197,93,3,88,14,3,0,7,3,1,1,2,0,1,31,2,0,0,64519,1040,63479,62836,61690,640,137,325,8,36,643,624,17,2,0,0,50221,49877,48809,549,108,245,8,158,344,331,12,1,0,0,50221,653,49568,49286,48419,503,96,241,7,20,282,273,8,1,0,0,33381,26324,7057
Jefferson County,NY,50,1,2,36,45,3285632368,1524548726,116229,57966,43.9953714,-76.0535218,116229,112993,103047,5876,586,1518,298,1668,3236,2984,1133,668,499,73,314,51,53,23,60,13,2,5,46,30,14,232,14,6,0,116229,6143,110086,107515,99682,5475,500,1464,273,121,2571,2406,154,7,4,0,86596,85302,78147,4158,461,1182,192,1162,1294,1208,81,2,3,0,86596,3764,82832,81778,76088,3888,402,1149,178,73,1054,994,57,2,1,0,57966,43451,14515
Kings County,NY,50,1,2,36,47,183412016,67602622,2504700,1000293,40.6351332,-73.9507774,2504700,2428396,1072041,860083,13524,262276,1243,219229,76304,70660,11882,2555,12059,643,16767,4384,3770,1451,9988,1021,91,1725,421,2795,1108,5119,435,70,20,2504700,496285,2008415,1968405,893306,799066,4638,260129,633,10633,40010,37143,2594,232,35,6,1910322,1857091,836552,649392,9525,204147,959,156516,53231,49133,3723,311,50,14,1910322,359871,1550451,1522602,702033,606643,3288,202681,512,7445,27849,25730,1911,174,28,6,1000293,916856,83437
Lewis County,NY,50,1,2,36,49,3301404174,39580834,27087,15112,43.7863965,-75.4426165,27087,26849,26465,184,53,75,16,56,238,227,66,96,29,5,15,2,1,1,8,0,0,0,2,1,1,9,2,0,0,27087,357,26730,26531,26225,170,44,72,16,4,199,191,6,2,0,0,20384,20267,20030,94,41,56,8,38,117,113,4,0,0,0,20384,242,20142,20038,19854,86,35,53,8,2,104,101,3,0,0,0,15112,10514,4598
Livingston County,NY,50,1,2,36,51,1636257346,22005748,65393,27123,42.7274845,-77.7697795,65393,64446,61363,1598,187,785,18,495,947,886,262,278,181,15,86,5,11,1,9,2,2,9,3,20,2,58,2,1,0,65393,1802,63591,62790,60296,1491,158,780,11,54,801,752,49,0,0,0,52176,51681,48994,1448,155,662,14,408,495,466,27,1,1,0,52176,1301,50875,50464,48265,1348,136,658,10,47,411,389,22,0,0,0,27123,24409,2714
Madison County,NY,50,1,2,36,53,1696033233,16681306,73442,31757,42.9100255,-75.6635749,73442,72484,69740,1350,524,583,17,270,958,873,310,272,164,10,65,16,5,1,14,4,2,4,0,5,1,77,8,0,0,73442,1316,72126,71282,68916,1260,473,576,11,46,844,777,59,8,0,0,57437,56903,54638,1162,397,478,14,214,534,477,49,8,0,0,57437,915,56522,56051,54088,1089,367,472,9,26,471,424,39,8,0,0,31757,27754,4003
Monroe County,NY,50,1,2,36,55,1702154292,1837658838,744344,320593,43.4644751,-77.6646556,744344,725235,566535,113171,2136,24281,227,18885,19109,17583,7039,1909,3127,129,1873,1044,391,121,1228,91,14,94,72,307,144,1400,101,24,1,744344,54005,690339,676377,542034,107448,1589,24023,182,1101,13962,12935,951,55,21,0,575645,566569,456863,76552,1632,18754,160,12608,9076,8265,741,50,19,1,575645,33790,541855,535104,440890,73531,1281,18606,144,652,6751,6173,536,26,16,0,320593,300422,20171
Montgomery County,NY,50,1,2,36,57,1043875858,18939233,50219,23063,42.9008912,-74.4353575,50219,49238,45519,951,169,369,19,2211,981,910,352,174,64,5,199,24,6,4,43,0,3,7,1,9,19,64,7,0,0,50219,5654,44565,43967,42732,712,103,356,11,53,598,560,33,5,0,0,38418,37960,35541,646,129,258,10,1376,458,437,19,2,0,0,38418,3420,34998,34718,33825,522,85,254,7,25,280,266,13,1,0,0,23063,20272,2791
Nassau County,NY,50,1,2,36,59,737411094,436460605,1339532,468346,40.729687,-73.5893844,1339532,1307624,977577,149049,3185,102266,336,75211,31908,29935,4291,1473,6552,231,9011,1138,1210,258,1748,371,15,729,152,2426,330,1752,186,33,2,1339532,195355,1144177,1126488,877309,141305,1379,101558,197,4740,17689,16530,1033,102,24,0,1027952,1008312,765565,110655,2102,76246,241,53503,19640,18409,1081,124,24,2,1027952,138202,889750,879264,693892,105527,873,75802,144,3026,10486,9718,677,75,16,0,468346,448528,19818
New York County,NY,50,1,2,36,61,59126033,27873331,1585873,847090,40.7765574,-73.9701736,1585873,1522550,911073,246687,8669,179552,873,175696,63323,57621,10855,2278,13837,382,13452,2505,1482,261,6664,495,84,1821,445,2047,1013,5164,469,64,5,1585873,403577,1182296,1152339,761493,205340,2144,177624,533,5205,29957,27471,2243,208,34,1,1351438,1305065,806420,198200,6625,159596,724,133500,46373,41951,4012,351,54,5,1351438,315139,1036299,1015246,683937,167141,1756,158104,471,3837,21053,19070,1794,160,28,1,847090,763846,83244
Niagara County,NY,50,1,2,36,63,1352903595,1598826734,216469,99120,43.4567309,-78.7921425,216469,211802,191673,14851,2285,1823,62,1108,4667,4347,2165,1094,397,45,230,202,42,16,77,22,2,14,10,29,2,298,21,1,0,216469,4694,211775,207600,188907,14511,2135,1807,55,185,4175,3905,259,10,1,0,169979,168084,153733,10522,1671,1405,39,714,1895,1764,122,8,1,0,169979,2814,167165,165479,152019,10343,1574,1396,35,112,1686,1573,109,3,1,0,99120,90556,8564
Oneida County,NY,50,1,2,36,65,3140175831,117138182,234878,104180,43.2427273,-75.4342824,234878,230013,204679,14688,605,6565,69,3407,4865,4581,2157,719,586,69,481,138,51,14,172,17,2,31,40,85,19,259,21,2,2,234878,10819,224059,220250,199254,13682,499,6522,49,244,3809,3624,171,12,1,1,183501,181340,163649,10544,490,4373,52,2232,2161,2040,110,7,2,2,183501,6785,176716,175008,160154,9923,412,4348,39,132,1708,1622,81,3,1,1,104180,93028,11152
Onondaga County,NY,50,1,2,36,67,2016019983,70521368,467026,202357,43.0065299,-76.1961167,467026,454004,378885,51220,3818,14454,148,5479,13022,12073,5469,2302,1679,110,727,620,236,79,518,34,7,59,43,159,31,880,57,12,0,467026,18829,448197,437249,370040,48696,3432,14370,120,591,10948,10231,678,33,6,0,359771,353977,302220,34088,2963,11041,114,3551,5794,5349,409,26,10,0,359771,11578,348193,343266,296483,32643,2730,10984,98,328,4927,4583,322,17,5,0,202357,187686,14671
Ontario County,NY,50,1,2,36,69,1668121832,47814148,107931,48193,42.8566949,-77.3032768,107931,106132,101078,2432,276,1126,24,1196,1799,1655,698,345,293,22,164,49,6,3,39,6,1,8,7,12,2,137,4,3,0,107931,3679,104252,102782,99119,2226,244,1111,16,66,1470,1369,95,3,3,0,83631,82810,79284,1692,208,799,19,808,821,762,55,1,3,0,83631,2272,81359,80683,78078,1581,188,787,14,35,676,633,39,1,3,0,48193,43019,5174
Orange County,NY,50,1,2,36,71,2102256780,69822194,372813,137025,41.4024096,-74.3062522,372813,361131,287802,37946,1748,8895,125,24615,11682,10632,3620,1192,1472,69,2117,567,236,65,708,69,8,112,32,290,75,961,81,4,4,372813,67185,305628,298624,254259,33895,908,8685,80,797,7004,6428,542,33,1,0,271284,265412,214573,26751,1271,6550,97,16170,5872,5320,510,37,3,2,271284,43208,228076,224551,192519,24348,706,6431,65,482,3525,3196,303,25,1,0,137025,125925,11100
Orleans County,NY,50,1,2,36,73,1013357365,1103755920,42883,18431,43.5022867,-78.2297258,42883,42053,38528,2523,247,179,9,567,830,786,366,215,52,7,86,24,4,7,7,1,0,3,3,7,4,41,1,2,0,42883,1757,41126,40437,37658,2368,199,173,7,32,689,650,36,1,2,0,33343,33006,30139,2159,188,133,9,378,337,315,19,1,2,0,33343,1088,32255,31972,29606,2044,163,127,7,25,283,263,17,1,2,0,18431,16119,2312
Oswego County,NY,50,1,2,36,75,2464761256,933517775,122109,53598,43.4614428,-76.209258,122109,120513,117632,972,520,723,16,650,1596,1538,449,582,211,19,169,31,10,2,21,15,4,3,8,9,5,54,2,2,0,122109,2552,119557,118200,116091,862,465,709,14,59,1357,1316,39,1,1,0,93886,93063,90903,740,393,558,13,456,823,799,20,2,2,0,93886,1515,92371,91664,90054,666,356,546,11,31,707,690,15,1,1,0,53598,46400,7198
Otsego County,NY,50,1,2,36,77,2594391877,36393713,62259,30777,42.6297762,-75.028841,62259,61227,58935,1066,121,674,18,413,1032,949,315,277,162,6,87,14,11,3,32,11,0,6,4,14,7,79,3,1,0,62259,1921,60338,59513,57734,958,103,660,16,42,825,762,60,2,1,0,50641,50037,48265,798,100,539,16,319,604,554,47,2,1,0,50641,1391,49250,48759,47396,715,86,526,14,22,491,450,39,1,1,0,30777,24620,6157
Putnam County,NY,50,1,2,36,79,596504166,41282767,99710,38224,41.4279035,-73.7438816,99710,97745,90470,2350,175,1882,35,2833,1965,1813,400,267,431,38,481,39,20,8,41,5,0,19,16,36,12,143,9,0,0,99710,11661,88049,86894,82709,2047,121,1832,14,171,1155,1066,85,4,0,0,76060,74998,69719,1748,124,1370,28,2009,1062,971,90,1,0,0,76060,8182,67878,67281,64213,1536,88,1342,10,92,597,539,57,1,0,0,38224,35041,3183
Queens County,NY,50,1,2,36,81,281096933,180458283,2230722,835127,40.6585571,-73.8379293,2230722,2129809,886053,426683,15364,511787,1530,288392,100913,94509,9459,2250,12258,566,26504,2900,8224,1354,8813,3633,123,2569,1146,12802,1908,5777,560,63,4,2230722,613750,1616972,1560865,616727,395881,6490,508334,1094,32339,56107,52551,3195,312,49,0,1768821,1695557,733439,327140,10421,410329,1162,213066,73264,68496,4282,429,54,3,1768821,459179,1309642,1268613,527091,305075,3933,407926,854,23734,41029,38300,2438,249,42,0,835127,780117,55010
Rensselaer County,NY,50,1,2,36,83,1689789426,33571435,159429,71475,42.7104206,-73.5138454,159429,155586,139529,10338,385,3517,34,1783,3843,3577,1817,588,576,27,226,91,44,8,93,9,3,13,11,62,9,238,27,1,0,159429,6080,153349,150165,136555,9592,283,3469,25,241,3184,2994,167,23,0,0,125460,123650,112339,6962,288,2834,30,1197,1810,1694,107,8,1,0,125460,3720,121740,120207,110419,6608,222,2803,23,132,1533,1452,75,6,0,0,71475,64702,6773
Richmond County,NY,50,1,2,36,85,151178512,113754972,468730,176656,40.5638553,-74.1370633,468730,456612,341677,49857,1695,35164,213,28006,12118,11201,2569,572,2016,134,2886,523,348,53,953,199,12,151,70,620,95,819,90,7,1,468730,81051,387679,381039,300169,44313,695,34697,137,1028,6640,6144,444,47,5,0,359529,352502,270028,34840,1148,27336,165,18985,7027,6477,495,48,6,1,359529,54618,304911,300980,241153,31490,502,27049,110,676,3931,3612,289,26,4,0,176656,165516,11140
Rockland County,NY,50,1,2,36,87,449492975,66800379,311687,104057,41.1547851,-74.0247721,311687,303846,228295,37058,911,19293,130,18159,7841,7298,1825,387,1210,55,1842,363,252,145,385,112,2,121,38,456,105,512,25,6,0,311687,48783,262904,258531,203670,34623,487,19099,43,609,4373,4071,283,13,6,0,224107,219525,163504,27516,637,14888,99,12881,4582,4258,304,14,6,0,224107,34135,189972,187525,146105,25907,343,14765,35,370,2447,2262,171,8,6,0,104057,99242,4815
St. Lawrence County,NY,50,1,2,36,89,6942144728,365348866,111944,52133,44.4881125,-75.074311,111944,110410,105064,2420,1135,1085,36,670,1534,1454,344,638,213,19,114,41,17,5,11,5,5,14,5,13,10,70,6,4,0,111944,2146,109798,108464,103943,2259,1051,1074,26,111,1334,1277,47,6,4,0,88139,87295,82653,2257,848,910,26,601,844,801,38,3,2,0,88139,1673,86466,85726,81813,2106,795,900,23,89,740,710,25,3,2,0,52133,41605,10528
Saratoga County,NY,50,1,2,36,91,2097849013,87603331,219607,98656,43.1061353,-73.8553872,219607,215966,207181,3269,388,3919,44,1165,3641,3426,1164,765,958,54,256,46,29,8,34,15,0,17,7,68,5,195,15,5,0,219607,5279,214328,211167,203647,3053,325,3880,35,227,3161,3006,143,8,4,0,169751,167937,161533,2468,295,2814,36,791,1814,1698,102,10,4,0,169751,3440,166311,164726,159218,2323,250,2780,31,124,1585,1495,80,7,3,0,98656,88296,10360
Schenectady County,NY,50,1,2,36,93,529693619,12614136,154727,68196,42.8175421,-74.0435834,154727,148925,123211,14710,575,4960,105,5364,5802,5296,2242,467,847,16,348,198,111,64,271,72,3,107,28,420,102,489,17,0,0,154727,8827,145900,141088,119409,13528,445,4917,81,2708,4812,4408,395,9,0,0,119218,116441,99068,9767,381,3671,74,3480,2777,2511,260,6,0,0,119218,5274,113944,111608,96741,9114,293,3637,58,1765,2336,2115,216,5,0,0,68196,62886,5310
Schoharie County,NY,50,1,2,36,95,1610503950,11676842,32749,17231,42.591294,-74.4381718,32749,32300,31402,435,70,217,6,170,449,414,118,165,49,12,37,9,2,1,9,2,0,1,1,6,2,32,2,0,1,32749,924,31825,31440,30742,394,54,217,3,30,385,355,29,1,0,0,26217,25949,25208,373,59,170,4,135,268,246,20,1,0,1,26217,651,25566,25337,24750,345,47,170,3,22,229,211,17,1,0,0,17231,13166,4065
Schuyler County,NY,50,1,2,36,97,850379456,36246347,18343,9455,42.419776,-76.9386038,18343,18103,17803,159,47,53,4,37,240,226,64,100,32,0,22,4,2,0,2,0,0,0,0,0,0,14,0,0,0,18343,234,18109,17898,17646,143,44,51,4,10,211,201,10,0,0,0,14453,14326,14094,109,44,45,4,30,127,120,7,0,0,0,14453,163,14290,14175,13981,99,41,43,4,7,115,111,4,0,0,0,9455,7530,1925
Seneca County,NY,50,1,2,36,99,838393327,172838984,35251,16043,42.7822943,-76.827088,35251,34788,32591,1607,104,244,2,240,463,445,181,160,36,2,47,5,0,0,3,1,0,2,1,7,0,18,0,0,0,35251,952,34299,33895,31999,1513,96,238,2,47,404,389,15,0,0,0,27732,27522,25589,1460,83,197,2,191,210,201,9,0,0,0,27732,685,27047,26868,25192,1371,77,193,2,33,179,171,8,0,0,0,16043,13393,2650
Steuben County,NY,50,1,2,36,101,3601531651,35027245,98990,48875,42.2667252,-77.3855253,98990,97606,94315,1540,230,1161,17,343,1384,1321,546,461,147,19,92,17,6,1,4,6,3,3,3,13,0,62,1,0,0,98990,1371,97619,96387,93476,1487,193,1151,14,66,1232,1185,46,1,0,0,75792,75146,72741,1147,178,847,11,222,646,620,26,0,0,0,75792,862,74930,74345,72200,1114,156,839,9,27,585,567,18,0,0,0,48875,40344,8531
Suffolk County,NY,50,1,2,36,103,2362201496,3784184893,1493350,569985,40.943554,-72.6922184,1493350,1457319,1206297,111224,5366,50972,495,82965,36031,33457,7417,2593,5786,248,10252,2123,782,212,1717,206,10,551,99,1183,278,2380,165,28,1,1493350,246239,1247111,1227362,1068728,102117,2906,50295,275,3041,19749,18189,1455,91,14,0,1135680,1115511,934770,79728,3848,38547,355,58263,20169,18731,1314,102,21,1,1135680,169015,966665,956310,839920,74010,2140,38140,206,1894,10355,9486,802,55,12,0,569985,499922,70063
Sullivan County,NY,50,1,2,36,105,2507450206,74049483,77547,49186,41.7201763,-74.7646796,77547,75281,63560,7039,354,1075,24,3229,2266,2101,785,312,211,18,447,119,20,8,95,9,1,27,6,32,11,153,7,5,0,77547,10554,66993,65593,57780,6349,228,1033,14,189,1400,1302,91,5,2,0,59971,58894,50168,5231,276,869,18,2332,1077,987,83,3,4,0,59971,6986,52985,52323,46313,4833,186,839,13,139,662,603,55,2,2,0,49186,30139,19047
Tioga County,NY,50,1,2,36,107,1343172320,11080489,51125,22203,42.1780568,-76.2974503,51125,50550,49556,375,86,372,15,146,575,557,178,196,84,15,56,5,3,2,3,2,3,1,2,7,0,16,2,0,0,51125,694,50431,49936,49105,349,73,371,12,26,495,480,14,1,0,0,39148,38826,38123,251,69,278,13,92,322,312,8,2,0,0,39148,412,38736,38456,37859,237,57,278,10,15,280,271,8,1,0,0,22203,20350,1853
Tompkins County,NY,50,1,2,36,109,1229334487,43794640,101564,41674,42.4532811,-76.4737116,101564,98278,83941,4020,360,8737,45,1175,3286,3053,1001,526,965,44,173,81,64,8,59,7,2,10,30,79,4,213,17,3,0,101564,4264,97300,94484,81490,3773,270,8680,40,231,2816,2639,164,11,2,0,84905,82965,70702,3161,272,7838,39,953,1940,1807,121,11,1,0,84905,3350,81555,79906,68715,2976,215,7788,36,176,1649,1554,88,7,0,0,41674,38967,2707
Ulster County,NY,50,1,2,36,111,2911755518,94599622,182493,83638,41.9472321,-74.265447,182493,177445,158184,10982,597,3106,34,4542,5048,4638,1892,812,639,36,674,175,65,13,160,39,8,41,15,51,18,360,45,4,1,182493,15909,166584,162928,149099,9982,414,3060,29,344,3656,3369,254,32,1,0,145677,143083,128430,8476,459,2449,27,3242,2594,2368,203,20,2,1,145677,10805,134872,132999,122200,7800,335,2415,26,223,1873,1713,148,11,1,0,83638,71049,12589
Warren County,NY,50,1,2,36,113,2245395916,167449107,65707,38726,43.5551053,-73.8381388,65707,64797,63391,590,144,456,8,208,910,857,285,332,121,8,65,12,10,4,7,2,1,1,4,4,1,46,6,0,1,65707,1178,64529,63749,62585,556,117,449,5,37,780,740,36,3,0,1,52162,51709,50709,426,109,324,5,136,453,424,24,4,0,1,52162,741,51421,51022,50175,404,94,323,5,21,399,378,18,2,0,1,38726,27990,10736
Washington County,NY,50,1,2,36,115,2152756071,38083243,63216,28844,43.3123766,-73.4394282,63216,62547,59815,1893,128,266,13,432,669,621,204,245,85,9,53,11,2,0,3,1,0,3,3,1,1,47,1,0,0,63216,1446,61770,61191,58996,1734,109,260,11,81,579,538,40,1,0,0,49899,49560,47126,1748,114,201,12,359,339,321,18,0,0,0,49899,1125,48774,48474,46505,1603,98,198,10,60,300,286,14,0,0,0,28844,24142,4702
Wayne County,NY,50,1,2,36,117,1563902765,2018182309,93772,41057,43.4587577,-77.0631637,93772,91967,87148,2887,258,473,24,1177,1805,1720,840,410,187,13,184,36,4,2,11,2,4,7,5,13,2,82,3,0,0,93772,3476,90296,88810,85318,2743,201,465,24,59,1486,1428,55,3,0,0,71473,70748,67350,2070,191,342,13,782,725,684,38,3,0,0,71473,2070,69403,68783,66271,1981,154,337,13,27,620,590,27,3,0,0,41057,36585,4472
Westchester County,NY,50,1,2,36,119,1114982482,179999078,949113,370821,41.1527698,-73.745912,949113,919160,646471,138118,3965,51716,387,78503,29953,27772,5645,1426,5075,153,8718,1110,739,249,2043,228,14,714,132,1176,350,2002,159,20,0,949113,207032,742081,727387,544563,126585,1141,51123,218,3757,14694,13630,961,91,12,0,721113,703174,500964,104172,2789,39113,288,55848,17939,16564,1249,110,16,0,721113,145755,575358,567349,428468,96763,848,38707,170,2393,8009,7337,597,66,9,0,370821,347232,23589
Wyoming County,NY,50,1,2,36,121,1535205959,9171431,42155,17970,42.7013627,-78.2285667,42155,41782,38602,2375,126,160,7,512,373,362,106,129,54,4,50,2,4,0,1,2,0,3,2,4,1,9,2,0,0,42155,1244,40911,40621,38042,2233,103,156,7,80,290,286,2,2,0,0,33451,33239,30227,2329,104,115,7,457,212,206,4,2,0,0,33451,1016,32435,32267,29793,2193,88,111,7,75,168,165,1,2,0,0,17970,15501,2469
Yates County,NY,50,1,2,36,123,875785717,97504792,25348,13491,42.638237,-77.1043238,25348,25079,24647,203,38,97,4,90,269,253,93,88,24,4,31,2,0,2,3,0,0,3,3,0,0,16,0,0,0,25348,421,24927,24712,24371,196,35,96,1,13,215,210,5,0,0,0,19133,19003,18693,144,36,60,4,66,130,122,8,0,0,0,19133,266,18867,18754,18511,142,33,59,1,8,113,109,4,0,0,0,13491,9517,3974
Alamance County,NC,50,3,5,37,1,1098007863,27957457,151131,66576,36.0419739,-79.3999353,151131,147995,107420,28369,1020,1837,58,9291,3136,2908,1072,420,294,42,550,188,57,28,112,17,0,61,7,43,17,218,10,0,0,151131,16639,134492,132317,101718,27985,542,1806,55,211,2175,2006,167,2,0,0,115688,114271,85440,21249,693,1359,43,5487,1417,1303,110,4,0,0,115688,9692,105996,105052,82088,21055,421,1342,40,106,944,853,89,2,0,0,66576,59960,6616
Alexander County,NC,50,3,5,37,3,673381461,9469976,37198,16189,35.9209506,-81.1774668,37198,36675,33324,2043,98,360,12,838,523,499,217,133,41,5,76,2,2,1,12,2,0,1,6,1,0,24,0,0,0,37198,1601,35597,35171,32671,2025,84,357,11,23,426,410,16,0,0,0,28745,28547,26021,1689,90,240,11,496,198,189,9,0,0,0,28745,896,27849,27679,25668,1681,78,237,10,5,170,162,8,0,0,0,16189,14425,1764
Alleghany County,NC,50,3,5,37,5,608801116,3854920,11155,8094,36.4893563,-81.1322988,11155,11027,10288,140,27,54,3,515,128,119,18,53,5,1,38,0,1,0,2,0,0,0,1,0,0,9,0,0,0,11155,1004,10151,10069,9862,133,18,53,2,1,82,78,4,0,0,0,8920,8855,8342,101,21,37,2,352,65,62,3,0,0,0,8920,664,8256,8210,8062,97,12,36,2,1,46,44,2,0,0,0,8094,4778,3316
Anson County,NC,50,3,5,37,7,1376453053,14612923,26948,11576,34.9749961,-80.1099594,26948,26611,12707,13090,165,288,4,357,337,314,126,96,13,2,11,24,23,2,14,1,0,0,0,2,0,23,0,0,0,26948,812,26136,25842,12344,13038,148,281,4,27,294,279,15,0,0,0,20982,20830,10385,9885,134,195,3,228,152,145,7,0,0,0,20982,558,20424,20286,10100,9857,124,188,3,14,138,132,6,0,0,0,11576,9755,1821
Ashe County,NC,50,3,5,37,9,1103683753,8117340,27281,17342,36.4363053,-81.4987699,27281,27002,26050,161,65,105,8,613,279,267,68,133,16,8,28,5,1,0,6,0,1,0,0,1,0,10,1,1,0,27281,1311,25970,25739,25420,148,56,105,5,5,231,223,7,0,1,0,21980,21815,21118,128,44,80,8,437,165,156,7,1,1,0,21980,910,21070,20926,20681,117,39,80,5,4,144,137,6,0,1,0,17342,11755,5587
Avery County,NC,50,3,5,37,11,639951854,367329,17797,13890,36.0728941,-81.920363,17797,17647,16364,709,75,56,8,435,150,144,14,75,20,3,25,1,1,0,0,0,0,2,1,2,0,6,0,0,0,17797,797,17000,16881,16029,706,66,56,5,19,119,114,5,0,0,0,14738,14637,13540,682,56,42,6,311,101,98,3,0,0,0,14738,562,14176,14093,13302,680,50,42,5,14,83,80,3,0,0,0,13890,6664,7226
Beaufort County,NC,50,3,5,37,13,2142417945,339348344,47759,24688,35.4823128,-76.8420144,47759,47152,32551,12223,208,165,19,1986,607,571,244,116,41,5,61,49,2,6,29,0,0,15,1,2,0,35,1,0,0,47759,3166,44593,44126,31705,12105,116,158,2,40,467,437,29,1,0,0,37232,36942,26414,9089,137,137,11,1154,290,271,18,1,0,0,37232,1855,35377,35159,25911,9016,82,134,2,14,218,203,14,1,0,0,24688,19941,4747
Bertie County,NC,50,3,5,37,15,1811100404,108725316,21282,9822,36.0613302,-76.962367,21282,21085,7488,13296,96,103,6,96,197,182,55,22,7,0,11,65,8,2,8,0,2,0,2,0,0,12,3,0,0,21282,267,21015,20842,7393,13252,88,103,0,6,173,159,11,3,0,0,16846,16719,6274,10233,75,74,2,61,127,116,11,0,0,0,16846,168,16678,16570,6212,10208,72,74,0,4,108,98,10,0,0,0,9822,8359,1463
Bladen County,NC,50,3,5,37,17,2264498846,33230362,35190,17718,34.5919485,-78.5395125,35190,34672,19806,12268,749,70,5,1774,518,492,142,145,15,2,59,83,9,2,16,6,0,7,0,3,3,25,1,0,0,35190,2502,32688,32257,19242,12202,712,67,5,29,431,406,24,1,0,0,27073,26849,15888,9253,544,55,5,1104,224,210,13,1,0,0,27073,1526,25547,25349,15539,9213,525,54,5,13,198,184,13,1,0,0,17718,14430,3288
Brunswick County,NC,50,3,5,37,19,2193650178,525380745,107431,77482,34.0387081,-78.2276879,107431,105496,89193,12291,761,579,38,2634,1935,1808,610,536,187,5,248,116,23,4,37,7,0,6,4,9,16,120,5,2,0,107431,5549,101882,100311,86818,12120,652,560,33,128,1571,1468,97,4,2,0,87270,86373,74440,9232,573,457,27,1644,897,843,48,5,1,0,87270,3430,83840,83112,72947,9138,505,442,25,55,728,682,41,4,1,0,77482,46297,31185
Buncombe County,NC,50,3,5,37,21,1700772614,8984885,238318,113365,35.6093714,-82.5304259,238318,233323,208192,15211,948,2417,289,6266,4995,4717,1725,1262,614,78,612,178,28,5,68,15,3,37,19,43,30,249,21,8,0,238318,14254,224064,219992,201241,14979,778,2388,271,335,4072,3852,205,14,1,0,189478,186928,169044,11216,757,1790,179,3942,2550,2394,136,14,6,0,189478,8908,180570,178491,164652,11086,647,1769,166,171,2079,1959,110,9,1,0,113365,100412,12953
Burke County,NC,50,3,5,37,23,1313381247,20658001,90912,40879,35.746182,-81.7061795,90912,89315,76716,6012,325,3185,303,2774,1597,1480,551,368,141,13,230,32,20,3,25,6,1,25,8,36,21,107,10,0,0,90912,4634,86278,85044,75472,5953,207,3163,162,87,1234,1145,84,5,0,0,70724,70014,61185,4695,244,1962,185,1743,710,660,45,5,0,0,70724,2877,67847,67314,60418,4663,164,1944,98,27,533,494,36,3,0,0,40879,35804,5075
Cabarrus County,NC,50,3,5,37,25,936925455,7033038,178011,71937,35.3878448,-80.5528682,178011,174269,134149,27219,659,3513,65,8664,3742,3513,1397,539,420,40,534,150,65,6,177,18,0,39,14,91,23,206,21,2,0,178011,16767,161244,158493,127526,26660,497,3460,60,290,2751,2589,145,15,2,0,129230,127748,101228,18486,473,2402,46,5113,1482,1375,94,11,2,0,129230,9723,119507,118466,97398,18162,377,2364,43,122,1041,964,66,9,2,0,71937,65666,6271
Caldwell County,NC,50,3,5,37,27,1221349765,7115682,83029,37659,35.9578566,-81.5300759,83029,81771,74925,4086,257,428,27,2048,1258,1191,537,289,84,13,186,15,5,2,26,0,2,17,2,5,8,50,15,2,0,83029,3796,79233,78256,73565,4025,159,421,16,70,977,930,36,10,1,0,64243,63699,58950,2971,186,298,19,1275,544,509,29,5,1,0,64243,2215,62028,61596,58194,2946,128,292,10,26,432,401,26,4,1,0,37659,33388,4271
Camden County,NC,50,3,5,37,29,623038021,180412363,9980,4104,36.3423438,-76.1624876,9980,9767,8193,1316,33,146,5,74,213,202,71,57,37,0,18,7,3,3,0,1,0,1,0,3,1,11,0,0,0,9980,215,9765,9582,8103,1299,32,145,3,0,183,175,8,0,0,0,7423,7340,6146,1014,25,107,4,44,83,82,1,0,0,0,7423,125,7298,7226,6087,1007,24,106,2,0,72,71,1,0,0,0,4104,3675,429
Carteret County,NC,50,3,5,37,31,1311185243,2161018307,66469,48179,34.858313,-76.5269665,66469,65162,59346,4041,316,580,67,812,1307,1210,422,340,239,19,87,32,13,4,12,1,3,11,7,13,7,81,15,1,0,66469,2241,64228,63106,58101,3986,283,576,63,97,1122,1046,66,9,1,0,53894,53267,48882,3085,258,452,46,544,627,588,31,7,1,0,53894,1451,52443,51895,48059,3056,236,449,42,53,548,515,27,5,1,0,48179,28870,19309
Caswell County,NC,50,3,5,37,33,1100542142,8625089,23719,10619,36.3930972,-79.3325457,23719,23338,14819,8020,85,60,4,350,381,342,133,77,21,1,42,31,8,9,17,0,1,0,1,0,1,37,2,0,0,23719,744,22975,22651,14513,7991,70,60,4,13,324,291,33,0,0,0,18830,18655,11845,6476,73,42,4,215,175,151,22,2,0,0,18830,475,18355,18206,11639,6456,60,42,4,5,149,130,19,0,0,0,10619,9190,1429
Catawba County,NC,50,3,5,37,35,1032683744,38057078,154358,67886,35.6631822,-81.2141513,154358,151481,126151,13041,489,5352,53,6395,2877,2768,1255,450,301,19,442,53,37,14,84,18,0,17,6,68,4,98,8,3,0,154358,13032,141326,139132,120388,12857,342,5311,34,200,2194,2115,73,5,1,0,117563,116401,99171,9625,357,3333,43,3872,1162,1120,35,5,2,0,117563,7802,109761,108922,95741,9539,256,3306,29,51,839,812,25,2,0,0,67886,60887,6999
Chatham County,NC,50,3,5,37,37,1766851529,71603066,63505,28753,35.7049939,-79.2514542,63505,62319,48237,8392,344,703,24,4619,1186,1124,374,188,158,7,219,41,17,8,46,0,0,35,9,17,5,52,10,0,0,63505,8228,55277,54458,45185,8272,163,694,15,129,819,778,34,7,0,0,49664,49115,38820,6713,240,529,14,2799,549,517,29,3,0,0,49664,4934,44730,44374,37013,6639,129,522,12,59,356,336,19,1,0,0,28753,25845,2908
Cherokee County,NC,50,3,5,37,39,1179547136,29262798,27444,17515,35.1362326,-84.061308,27444,26769,25700,350,363,132,9,215,675,646,121,428,40,5,33,9,0,0,0,1,1,2,2,2,2,28,1,0,0,27444,688,26756,26146,25341,327,336,131,8,3,610,587,22,1,0,0,22157,21721,20926,261,296,96,8,134,436,426,9,1,0,0,22157,426,21731,21332,20700,251,278,95,7,1,399,392,6,1,0,0,17515,11753,5762
Chowan County,NC,50,3,5,37,41,446702391,157536111,14793,7289,36.127288,-76.6020704,14793,14612,9174,5070,43,52,7,266,181,170,67,40,14,6,24,8,0,0,9,1,0,0,0,1,0,9,2,0,0,14793,467,14326,14188,9040,5054,38,51,2,3,138,130,6,2,0,0,11476,11385,7371,3749,36,44,6,179,91,86,4,1,0,0,11476,295,11181,11108,7289,3740,32,43,2,2,73,69,3,1,0,0,7289,6059,1230
Clay County,NC,50,3,5,37,43,556201310,15223554,10587,7140,35.0529971,-83.7522638,10587,10434,10231,64,32,24,2,81,153,144,34,73,13,4,16,0,0,0,4,0,0,0,0,0,0,9,0,0,0,10587,258,10329,10202,10080,64,32,24,2,0,127,121,6,0,0,0,8604,8534,8388,44,29,19,2,52,70,67,3,0,0,0,8604,161,8443,8384,8290,44,29,19,2,0,59,56,3,0,0,0,7140,4660,2480
Cleveland County,NC,50,3,5,37,45,1202408392,10356247,98078,43373,35.3346302,-81.5571145,98078,96598,74123,20332,232,756,24,1131,1480,1396,678,249,112,24,142,66,26,5,47,12,0,8,3,21,3,80,4,0,0,98078,2756,95322,94054,72793,20237,193,735,22,74,1268,1198,66,4,0,0,75080,74481,58386,14612,181,584,15,703,599,556,40,3,0,0,75080,1660,73420,72910,57589,14548,160,566,14,33,510,471,36,3,0,0,43373,38555,4818
Columbus County,NC,50,3,5,37,47,2427578082,42338295,58098,26042,34.2604711,-78.6363776,58098,57224,35735,17713,1845,154,27,1750,874,799,199,256,30,4,81,156,16,0,16,4,3,12,6,12,4,73,2,0,0,58098,2662,55436,54690,35068,17587,1788,143,26,78,746,678,66,2,0,0,44566,44139,28250,13387,1339,120,21,1022,427,387,38,2,0,0,44566,1557,43009,42627,27834,13308,1306,113,20,46,382,345,35,2,0,0,26042,22489,3553
Craven County,NC,50,3,5,37,49,1836191667,168876517,103505,45002,35.1181789,-77.0825413,103505,100733,72441,23193,504,2099,135,2361,2772,2562,874,371,533,59,279,165,81,27,61,12,9,13,50,20,8,200,9,1,0,103505,6272,97233,95002,69425,22868,420,2058,106,125,2231,2068,159,4,0,0,79302,78100,57657,16834,380,1512,101,1616,1202,1109,88,4,1,0,79302,3997,75305,74325,55715,16646,332,1486,80,66,980,909,68,3,0,0,45002,40299,4703
Cumberland County,NC,50,3,5,37,51,1689487711,15675494,319431,135524,35.0501921,-78.8287186,319431,304579,164064,117117,5140,7090,1225,9943,14852,13028,4311,1956,1980,268,1185,1131,673,203,707,80,35,93,179,146,81,1653,161,10,0,319431,30190,289241,278013,150749,113939,4655,6885,1114,671,11228,9969,1152,99,8,0,233890,227235,126605,83499,3828,5721,860,6722,6655,5935,649,64,7,0,233890,18777,215113,209929,117950,81701,3529,5586,796,367,5184,4667,470,42,5,0,135524,122431,13093
Currituck County,NC,50,3,5,37,53,678194049,685673954,23547,14453,36.3721739,-75.9412242,23547,23118,21268,1361,107,148,11,223,429,397,128,109,88,1,37,12,5,0,5,3,0,2,3,2,2,28,4,0,0,23547,704,22843,22494,20876,1348,103,141,10,16,349,325,23,1,0,0,17956,17766,16373,1055,87,112,8,131,190,171,17,2,0,0,17956,434,17522,17374,16127,1046,85,107,8,1,148,134,13,1,0,0,14453,8880,5573
Dare County,NC,50,3,5,37,55,993052150,3053969840,33920,33492,35.6062688,-75.7675364,33920,33307,31313,834,125,212,13,810,613,592,205,179,81,9,81,17,3,3,4,4,0,2,4,0,0,19,0,2,0,33920,2210,31710,31209,30061,812,101,211,10,14,501,487,12,0,2,0,27128,26811,25348,628,107,162,10,556,317,306,9,0,2,0,27128,1491,25637,25382,24511,610,85,161,8,7,255,248,5,0,2,0,33492,14335,19157
Davidson County,NC,50,3,5,37,57,1431421129,37148773,162878,72655,35.7951225,-80.2065247,162878,160466,137359,14421,794,1994,27,5871,2412,2285,762,599,288,22,324,55,36,7,77,12,2,41,5,43,12,125,2,0,0,162878,10408,152470,150592,133486,14269,634,1957,26,220,1878,1770,107,1,0,0,124006,122949,106821,10624,579,1398,20,3507,1057,1013,43,1,0,0,124006,6122,117884,117070,104563,10534,488,1382,19,84,814,777,37,0,0,0,72655,64515,8140
Davie County,NC,50,3,5,37,59,684029311,7726765,41240,18238,35.929356,-80.5425423,41240,40545,36100,2593,149,239,6,1458,695,657,301,152,61,6,102,9,3,3,5,0,1,5,2,7,0,33,2,3,0,41240,2496,38744,38188,35257,2552,106,228,6,39,556,526,30,0,0,0,31489,31233,28111,2023,89,162,6,842,256,237,18,1,0,0,31489,1452,30037,29839,27607,1997,65,155,6,9,198,183,15,0,0,0,18238,16245,1993
Duplin County,NC,50,3,5,37,61,2113998631,14128054,58505,25728,34.9344033,-77.9335434,58505,57565,33449,14773,267,155,65,8856,940,885,195,166,30,4,285,54,5,5,63,1,1,46,0,4,26,46,9,0,0,58505,12059,46446,45981,30959,14640,173,135,28,46,465,429,28,8,0,0,43635,43203,26285,11321,196,126,41,5234,432,410,17,5,0,0,43635,7033,36602,36379,24858,11240,142,109,17,13,223,209,10,4,0,0,25728,22495,3233
Durham County,NC,50,3,5,37,63,740672748,30797770,267587,120217,36.0365885,-78.8779193,267587,260734,124274,101577,1339,12278,172,21094,6853,6260,1717,523,1141,37,1156,709,241,34,341,38,1,108,34,147,33,524,65,2,2,267587,36077,231510,226694,112697,100260,722,12180,135,700,4816,4379,394,40,1,2,207266,203435,103053,75440,961,10339,118,13524,3831,3481,313,34,2,1,207266,23529,183737,181096,95110,74650,578,10261,97,400,2641,2355,258,26,1,1,120217,109348,10869
Edgecombe County,NC,50,3,5,37,65,1308814792,3402234,56552,24838,35.9170554,-77.6026551,56552,55981,21923,32435,169,113,15,1326,571,513,193,82,20,1,63,80,20,6,19,8,0,2,0,9,10,55,2,1,0,56552,2104,54448,53971,21360,32318,128,113,7,45,477,425,50,2,0,0,42673,42375,17628,23744,124,83,13,783,298,268,29,1,0,0,42673,1247,41426,41171,17292,23684,97,83,5,10,255,226,28,1,0,0,24838,21680,3158
Forsyth County,NC,50,3,5,37,67,1057097245,11781201,350670,156872,36.1316671,-80.2572892,350670,343086,218517,91227,1457,6495,223,25167,7584,6919,2442,834,890,55,1193,514,206,39,450,36,1,74,27,127,31,616,34,15,0,350670,41775,308895,303640,205934,89533,894,6427,156,696,5255,4759,464,21,11,0,265269,261623,174454,66922,1020,4707,137,14383,3646,3270,340,24,12,0,265269,24388,240881,238377,166686,65968,698,4661,99,265,2504,2211,266,17,10,0,156872,141163,15709
Franklin County,NC,50,3,5,37,69,1273451203,7294554,60619,26577,36.0882406,-78.2830903,60619,59510,40003,16212,329,288,12,2666,1109,1021,306,189,98,8,197,107,18,1,52,7,0,14,2,12,10,74,6,7,1,60619,4776,55843,55070,38478,15995,253,272,5,67,773,704,63,1,5,0,45757,45237,30890,12311,243,228,9,1556,520,468,44,3,4,1,45757,2794,42963,42587,29968,12183,196,216,4,20,376,335,38,1,2,0,26577,23023,3554
Gaston County,NC,50,3,5,37,71,922106205,20913349,206086,88686,35.2933443,-81.1772556,206086,202303,161166,31431,850,2478,63,6315,3783,3548,1464,751,378,33,524,120,50,14,84,24,2,29,11,55,9,211,13,11,0,206086,12201,193885,190798,156310,31002,707,2462,44,273,3087,2894,174,9,10,0,156845,155194,126571,22183,658,1807,51,3924,1651,1529,106,7,9,0,156845,7573,149272,147948,123493,21944,570,1798,37,106,1324,1221,89,6,8,0,88686,79867,8819
Gates County,NC,50,3,5,37,73,881747682,13578050,12197,5208,36.4421353,-76.7023552,12197,11977,7768,4044,65,17,10,73,220,195,65,35,23,3,8,39,11,1,5,0,0,1,2,1,1,24,1,0,0,12197,173,12024,11825,7684,4040,62,17,6,16,199,175,23,1,0,0,9294,9193,5969,3096,56,13,9,50,101,85,15,1,0,0,9294,115,9179,9083,5915,3092,53,13,5,5,96,81,14,1,0,0,5208,4665,543
Graham County,NC,50,3,5,37,75,756481641,24828214,8861,5930,35.3481113,-83.8309088,8861,8711,8004,17,566,29,4,91,150,146,7,115,8,4,6,4,0,0,0,1,0,1,0,0,0,4,0,0,0,8861,194,8667,8528,7942,17,538,29,2,0,139,137,2,0,0,0,6948,6874,6432,4,355,22,3,58,74,72,2,0,0,0,6948,113,6835,6766,6398,4,340,22,2,0,69,68,1,0,0,0,5930,3701,2229
Granville County,NC,50,3,5,37,77,1376758990,12765614,59916,22827,36.299884,-78.6576338,59916,58878,36205,19652,338,326,34,2323,1038,933,341,169,83,7,142,67,34,6,56,0,0,6,2,10,10,93,12,0,0,59916,4482,55434,54653,34550,19454,250,321,22,56,781,700,75,6,0,0,46583,46088,28476,15608,259,260,16,1469,495,441,48,6,0,0,46583,2876,43707,43350,27396,15451,209,255,14,25,357,314,41,2,0,0,22827,20628,2199
Greene County,NC,50,3,5,37,79,688749236,1222022,21362,8213,35.4819328,-77.6816672,21362,21048,10850,7964,154,72,6,2002,314,287,80,50,11,1,74,24,6,1,27,0,1,2,0,2,8,26,1,0,0,21362,3054,18308,18118,10038,7902,98,67,2,11,190,171,19,0,0,0,16410,16253,8816,6079,117,53,4,1184,157,147,10,0,0,0,16410,1827,14583,14483,8300,6041,84,50,2,6,100,92,8,0,0,0,8213,7313,900
Guilford County,NC,50,3,5,37,81,1672364534,30883952,488406,218017,36.079065,-79.7886652,488406,477104,278525,158899,2594,19176,235,17675,11302,10136,3587,1167,1401,87,1221,1064,406,92,592,78,6,68,63,250,54,1054,107,5,0,488406,34826,453580,444656,265228,156982,2071,19059,193,1123,8924,7987,861,71,5,0,373923,368290,224854,116848,1889,13539,159,11001,5633,4970,606,53,4,0,373923,21674,352249,347771,216382,115700,1588,13458,136,507,4478,3921,516,37,4,0,218017,196628,21389
Halifax County,NC,50,3,5,37,83,1875375057,18371274,54691,25781,36.2514376,-77.6448423,54691,54032,21890,29109,2071,362,19,581,659,605,210,84,44,8,60,112,16,7,29,8,6,7,2,9,3,51,3,0,0,54691,1152,53539,52977,21569,28986,2008,357,8,49,562,515,45,2,0,0,42073,41734,17743,21823,1535,268,11,354,339,306,31,2,0,0,42073,717,41356,41060,17531,21745,1494,264,6,20,296,265,30,1,0,0,25781,21970,3811
Harnett County,NC,50,3,5,37,85,1541008895,16360689,114678,46731,35.3686348,-78.8716104,114678,111105,78300,23973,1392,1029,139,6272,3573,3273,1114,583,445,70,411,271,94,49,107,10,5,51,19,31,13,266,30,1,3,114678,12359,102319,99600,73707,23591,991,983,126,202,2719,2485,215,15,1,3,82851,81404,59036,16830,919,794,87,3738,1447,1328,111,7,0,1,82851,7034,75817,74693,56415,16637,716,775,78,72,1124,1025,93,5,0,1,46731,41594,5137
Haywood County,NC,50,3,5,37,87,1434055217,2416649,59036,34954,35.5570974,-82.972807,59036,58406,56405,624,303,215,15,844,630,595,116,295,84,12,69,8,1,1,4,0,0,3,0,1,1,30,3,2,0,59036,1999,57037,56503,55368,615,270,212,8,30,534,504,25,3,2,0,47501,47118,45713,489,208,161,13,534,383,361,18,2,2,0,47501,1220,46281,45941,45086,484,190,158,8,15,340,320,16,2,2,0,34954,25563,9391
Henderson County,NC,50,3,5,37,89,966241824,5602486,106740,54710,35.3364243,-82.4796336,106740,104721,94914,3224,449,1022,178,4934,2019,1894,584,524,217,33,411,19,26,3,18,3,3,26,8,10,9,108,15,2,0,106740,10424,96316,94836,90105,3149,318,994,165,105,1480,1394,74,11,1,0,84781,83786,77162,2360,332,776,104,3052,995,940,47,7,1,0,84781,6366,78415,77670,74213,2320,247,758,97,35,745,703,36,5,1,0,54710,45448,9262
Hertford County,NC,50,3,5,37,91,914421664,18891664,24669,10635,36.3635174,-76.981616,24669,24364,8786,14933,274,131,5,235,305,255,70,54,8,1,15,61,13,1,23,0,0,4,4,0,1,49,1,0,0,24669,644,24025,23769,8479,14845,271,127,1,46,256,212,43,1,0,0,19472,19281,7408,11399,220,98,5,151,191,160,30,1,0,0,19472,505,18967,18802,7130,11337,218,94,1,22,165,136,28,1,0,0,10635,9334,1301
Hoke County,NC,50,3,5,37,93,1012022108,4019951,46952,18211,35.0172328,-79.2419636,46952,44844,21272,15716,4512,484,117,2743,2108,1896,533,379,251,35,176,262,52,12,88,12,12,20,18,30,16,196,10,5,1,46952,5823,41129,39490,19142,15392,4313,467,88,88,1639,1481,149,6,2,1,32767,31903,15525,11181,3025,377,80,1715,864,784,75,2,2,1,32767,3367,29400,28732,14285,11028,2929,368,67,55,668,606,58,2,1,1,18211,16532,1679
Hyde County,NC,50,3,5,37,95,1586884785,2101324125,5810,3347,35.4081567,-76.1536867,5810,5741,3718,1836,28,16,1,142,69,69,35,19,7,1,4,2,0,0,0,0,0,1,0,0,0,0,0,0,0,5810,411,5399,5334,3436,1833,22,16,1,26,65,65,0,0,0,0,4734,4698,3009,1556,27,12,1,93,36,36,0,0,0,0,4734,261,4473,4440,2828,1554,22,12,1,23,33,33,0,0,0,0,3347,2119,1228
Iredell County,NC,50,3,5,37,97,1486221270,59749281,159437,69013,35.8063558,-80.8745449,159437,156553,128646,19047,547,2922,43,5348,2884,2713,1037,516,389,28,404,129,27,13,59,13,0,21,4,60,13,154,15,2,0,159437,10844,148593,146384,124107,18748,416,2899,36,178,2209,2088,109,11,1,0,118852,117657,98286,13682,385,1961,28,3315,1195,1116,72,6,1,0,118852,6582,112270,111375,95489,13529,302,1950,24,81,895,835,56,3,1,0,69013,61215,7798
Jackson County,NC,50,3,5,37,99,1271048658,9815952,40271,25948,35.2864625,-83.1306405,40271,39489,33489,745,3804,348,16,1087,782,746,101,440,69,4,50,31,1,4,2,4,0,34,3,3,0,33,3,0,0,40271,2038,38233,37556,32795,729,3656,339,14,23,677,647,28,2,0,0,33148,32670,28385,700,2575,277,9,724,478,458,17,3,0,0,33148,1331,31817,31390,27902,686,2510,269,7,16,427,410,15,2,0,0,25948,16446,9502
Johnston County,NC,50,3,5,37,101,2049455206,10890982,168878,67682,35.513405,-78.3672671,168878,165559,125349,25546,939,1021,51,12653,3319,3057,933,555,380,38,725,153,29,8,134,9,2,30,9,25,27,228,16,18,0,168878,21814,147064,144880,117869,25082,689,976,33,231,2184,2021,143,8,12,0,121908,120500,93328,18142,659,720,35,7616,1408,1297,99,3,9,0,121908,12835,109073,108211,89010,17884,516,693,23,85,862,792,65,1,4,0,67682,61909,5773
Jones County,NC,50,3,5,37,103,1219128858,6493576,10153,4838,35.0321598,-77.3564428,10153,9965,6395,3289,57,32,2,190,188,166,80,36,15,0,13,16,0,0,0,2,0,2,2,0,0,21,1,0,0,10153,398,9755,9590,6217,3276,51,32,2,12,165,150,15,0,0,0,7945,7858,5133,2534,44,29,2,116,87,79,7,1,0,0,7945,249,7696,7620,5025,2524,39,29,2,1,76,72,4,0,0,0,4838,4167,671
Lee County,NC,50,3,5,37,105,660341698,10576667,57866,24136,35.4760747,-79.17222,57866,56455,38688,11565,407,489,20,5286,1411,1325,360,183,120,11,394,70,39,4,64,5,0,36,6,17,16,76,10,0,0,57866,10576,47290,46511,34321,11369,253,475,13,80,779,723,52,4,0,0,43006,42359,30110,8341,290,372,15,3231,647,612,34,1,0,0,43006,6323,36683,36361,27510,8245,200,363,11,32,322,298,24,0,0,0,24136,22058,2078
Lenoir County,NC,50,3,5,37,107,1037527054,5768474,59495,27437,35.2380617,-77.6390233,59495,58710,31758,24121,222,262,48,2299,785,733,249,105,70,14,122,59,29,16,43,1,3,4,2,10,6,43,9,0,0,59495,3917,55578,54971,30492,23968,163,256,26,66,607,563,35,9,0,0,45163,44805,25362,17621,174,197,30,1421,358,333,22,3,0,0,45163,2363,42800,42530,24613,17537,137,195,20,28,270,249,18,3,0,0,27437,24327,3110
Lincoln County,NC,50,3,5,37,109,771655597,23577093,78265,33641,35.4878252,-81.2251762,78265,77046,69940,4340,250,421,17,2078,1219,1163,391,260,139,8,275,14,9,2,42,2,0,2,0,10,9,51,4,1,0,78265,5238,73027,72147,67139,4269,222,415,13,89,880,839,38,2,1,0,59784,59246,54140,3272,182,298,11,1343,538,510,26,1,1,0,59784,3289,56495,56144,52415,3227,164,294,9,35,351,334,16,0,1,0,33641,30343,3298
McDowell County,NC,50,3,5,37,111,1141169175,13956758,44996,20808,35.6822317,-82.0480292,44996,44445,40754,1708,189,351,1,1442,551,536,185,192,50,2,60,15,1,0,11,5,0,2,0,12,1,15,0,0,0,44996,2392,42604,42144,39982,1663,131,344,0,24,460,446,14,0,0,0,35211,34955,32336,1394,136,241,1,847,256,249,7,0,0,0,35211,1353,33858,33629,31910,1367,108,237,0,7,229,222,7,0,0,0,20808,17838,2970
Macon County,NC,50,3,5,37,113,1335290241,10694329,33922,25245,35.1529593,-83.421901,33922,33540,31811,447,165,208,4,905,382,368,82,136,51,8,75,2,0,0,2,2,0,0,5,5,0,14,0,0,0,33922,2230,31692,31393,30599,419,143,201,3,28,299,286,13,0,0,0,27388,27173,26004,340,121,149,4,555,215,211,4,0,0,0,27388,1392,25996,25824,25236,321,110,144,3,10,172,168,4,0,0,0,25245,14591,10654
Madison County,NC,50,3,5,37,115,1164379747,4836699,20764,10608,35.8640801,-82.7127309,20764,20495,20035,240,48,70,8,94,269,252,29,151,28,5,28,2,1,1,1,0,0,2,2,2,0,17,0,0,0,20764,423,20341,20105,19734,233,43,70,8,17,236,219,17,0,0,0,16672,16497,16118,223,38,50,7,61,175,165,10,0,0,0,16672,271,16401,16244,15926,217,35,50,7,9,157,147,10,0,0,0,10608,8494,2114
Martin County,NC,50,3,5,37,117,1194547357,754236,24505,11704,35.8410585,-77.1128666,24505,24258,13019,10651,73,71,10,434,247,234,94,31,12,1,42,36,4,2,6,0,2,1,0,1,2,9,4,0,0,24505,769,23736,23542,12790,10601,65,71,5,10,194,183,7,4,0,0,19070,18947,10529,8012,60,51,6,289,123,114,5,4,0,0,19070,470,18600,18499,10399,7985,57,51,3,4,101,94,3,4,0,0,11704,10318,1386
Mecklenburg County,NC,50,3,5,37,119,1356745512,57153194,919628,398510,35.2468623,-80.8338317,919628,896144,508946,282804,4261,42352,668,57113,23484,21463,6750,1985,3326,167,3708,1901,707,167,1262,137,12,335,136,682,188,1784,208,23,6,919628,111944,807684,791173,465372,278042,2843,41991,518,2407,16511,15021,1333,134,18,5,686290,673974,400226,201677,3051,31613,472,36935,12316,11172,1012,108,18,6,686290,72628,613662,605322,371255,198828,2198,31386,356,1299,8340,7493,756,73,13,5,398510,362213,36297
Mitchell County,NC,50,3,5,37,121,573487628,1714316,15579,8713,36.013102,-82.1635541,15579,15415,14844,58,65,50,1,397,164,162,20,91,34,1,14,1,0,0,0,0,0,0,0,0,1,2,0,0,0,15579,631,14948,14801,14656,53,36,46,1,9,147,146,1,0,0,0,12544,12436,12060,40,47,37,1,251,108,107,1,0,0,0,12544,396,12148,12052,11945,38,28,34,1,6,96,95,1,0,0,0,8713,6685,2028
Montgomery County,NC,50,3,5,37,123,1273651813,25988964,27798,15914,35.3380706,-79.9041962,27798,27396,19162,5231,120,441,3,2439,402,384,145,48,24,5,97,22,11,0,25,1,0,0,2,1,3,18,0,0,0,27798,3926,23872,23617,17875,5182,102,439,3,16,255,240,15,0,0,0,21052,20888,15222,3907,95,317,2,1345,164,153,11,0,0,0,21052,2064,18988,18877,14578,3888,86,316,2,7,111,102,9,0,0,0,15914,10544,5370
Moore County,NC,50,3,5,37,125,1807404472,20746101,88247,43940,35.3101631,-79.4806639,88247,86728,70913,11839,732,754,64,2426,1519,1442,454,332,243,27,178,130,10,6,19,5,3,3,6,20,6,71,5,1,0,88247,5261,82986,81757,68487,11727,689,736,25,93,1229,1164,60,4,1,0,69098,68421,57103,8721,528,583,47,1439,677,643,32,1,1,0,69098,3091,66007,65467,55666,8656,500,572,23,50,540,512,27,0,1,0,43940,37540,6400
Nash County,NC,50,3,5,37,127,1399646368,6118092,95840,42286,35.9659447,-77.9875546,95840,94281,53531,35650,657,747,19,3677,1559,1420,503,210,124,13,179,234,24,9,67,2,3,18,6,21,7,125,11,1,2,95840,6015,89825,88628,51770,35449,567,713,17,112,1197,1085,105,5,1,1,72905,72170,42609,26262,487,551,15,2246,735,663,65,4,1,2,72905,3607,69298,68726,41551,26144,441,524,13,53,572,508,59,3,1,1,42286,37782,4504
New Hanover County,NC,50,3,5,37,129,496071702,353971012,202667,101436,34.177466,-77.8713775,202667,198602,160298,29907,1005,2410,130,4852,4065,3741,1129,715,734,79,474,235,77,24,126,15,2,23,44,45,19,297,26,1,0,202667,10716,191951,188739,155631,29469,798,2380,108,353,3212,2944,245,22,1,0,162254,160094,132220,21872,782,1849,104,3267,2160,1976,166,17,1,0,162254,7129,155125,153432,129078,21601,656,1825,87,185,1693,1541,136,15,1,0,101436,86046,15390
Northampton County,NC,50,3,5,37,131,1389757849,36301273,22099,11674,36.4217739,-77.3983518,22099,21886,8668,12895,101,39,2,181,213,193,72,41,6,1,9,41,7,1,13,0,0,1,0,1,0,19,0,1,0,22099,305,21794,21602,8596,12847,90,38,1,30,192,176,15,0,1,0,17499,17380,7255,9902,77,28,2,116,119,108,10,0,1,0,17499,195,17304,17196,7217,9871,71,27,1,9,108,98,9,0,1,0,11674,9193,2481
Onslow County,NC,50,3,5,37,133,1975496912,370806698,177772,68226,34.76346,-77.5032971,177772,170021,131590,27672,1238,3355,487,5679,7751,7034,2353,1000,1541,159,804,241,286,76,286,16,7,30,96,103,36,655,50,12,0,177772,17896,159876,154039,122558,26577,1013,3163,438,290,5837,5345,451,31,10,0,132834,129356,101270,19877,978,2794,370,4067,3478,3198,250,23,7,0,132834,11782,121052,118381,95186,19214,810,2687,342,142,2671,2459,192,15,5,0,68226,60092,8134
Orange County,NC,50,3,5,37,135,1030705790,8986425,133801,55597,36.062499,-79.1193552,133801,130398,99495,15928,570,9023,41,5341,3403,3141,718,608,961,20,427,140,63,12,73,16,2,7,31,55,8,226,30,6,0,133801,11017,122784,120123,94671,15722,383,8996,35,316,2661,2456,178,21,6,0,105832,104047,80877,12463,428,6765,33,3481,1785,1628,136,16,5,0,105832,7213,98619,97231,77634,12323,312,6747,29,186,1388,1264,106,13,5,0,55597,51457,4140
Pamlico County,NC,50,3,5,37,137,871627408,596248407,13144,7534,35.1474623,-76.6650693,13144,12965,10032,2632,77,50,11,163,179,166,74,31,26,1,22,6,1,0,5,0,0,0,0,0,0,12,0,1,0,13144,412,12732,12582,9828,2618,72,48,10,6,150,140,9,0,1,0,10790,10723,8308,2210,63,38,8,96,67,63,3,0,1,0,10790,250,10540,10484,8173,2203,62,36,7,3,56,53,2,0,1,0,7534,5490,2044
Pasquotank County,NC,50,3,5,37,139,587616860,162021054,40661,16833,36.2652763,-76.2603545,40661,39765,23059,15355,141,454,19,737,896,837,323,121,141,21,58,54,32,7,65,1,0,4,2,8,0,54,5,0,0,40661,1642,39019,38276,22369,15256,124,449,15,63,743,696,44,3,0,0,31462,31058,18261,11834,110,344,16,493,404,372,29,3,0,0,31462,1034,30428,30080,17830,11774,94,339,13,30,348,322,23,3,0,0,16833,14956,1877
Pender County,NC,50,3,5,37,141,2252758539,163145775,52217,26724,34.5125805,-77.8880289,52217,51283,39756,9269,291,207,18,1742,934,865,272,255,93,9,120,57,7,1,21,6,0,6,6,7,5,63,6,0,0,52217,3194,49023,48282,38568,9208,237,197,11,61,741,690,46,5,0,0,40328,39866,31303,7104,209,151,13,1086,462,428,31,3,0,0,40328,1960,38368,37990,30556,7065,182,145,6,36,378,348,28,2,0,0,26724,20333,6391
Perquimans County,NC,50,3,5,37,143,639957337,212061101,13453,6986,36.1782605,-76.4042691,13453,13279,9694,3347,41,38,2,157,174,161,60,43,21,1,14,9,4,0,8,0,0,0,1,0,0,12,1,0,0,13453,286,13167,13021,9608,3328,39,36,2,8,146,137,8,1,0,0,10684,10605,7934,2502,32,30,2,105,79,79,0,0,0,0,10684,180,10504,10437,7879,2493,31,29,2,3,67,67,0,0,0,0,6986,5598,1388
Person County,NC,50,3,5,37,145,1016108548,30450439,39464,18193,36.3863868,-78.9654705,39464,38868,26968,10646,266,116,4,868,596,550,270,101,28,8,59,32,9,11,19,2,0,3,0,8,0,46,0,0,0,39464,1593,37871,37367,26354,10599,244,115,4,51,504,463,41,0,0,0,30350,30131,21290,8003,200,98,4,536,219,198,21,0,0,0,30350,968,29382,29193,20915,7968,188,97,4,21,189,169,20,0,0,0,18193,15826,2367
Pitt County,NC,50,3,5,37,147,1688606138,7382149,168148,74990,35.5910652,-77.3724038,168148,164760,99075,57257,582,2613,97,5136,3388,3105,1209,309,507,32,373,241,121,22,120,25,4,9,19,77,37,267,14,2,0,168148,9202,158946,156247,96038,56813,474,2561,71,290,2699,2469,215,13,2,0,130350,128679,81443,41434,444,2068,75,3215,1671,1514,146,9,2,0,130350,5758,124592,123258,79484,41169,374,2036,58,137,1334,1197,127,8,2,0,74990,67577,7413
Polk County,NC,50,3,5,37,149,615871126,1932284,20510,11432,35.2789284,-82.1676673,20510,20221,18633,918,72,68,2,528,289,274,92,100,37,1,28,5,0,0,1,4,0,5,0,1,0,15,0,0,0,20510,1122,19388,19153,18126,911,41,60,1,14,235,227,8,0,0,0,16572,16434,15328,708,49,54,1,294,138,128,10,0,0,0,16572,637,15935,15825,15034,703,29,51,1,7,110,102,8,0,0,0,11432,8989,2443
Randolph County,NC,50,3,5,37,151,2026710821,17696116,141752,61041,35.7099148,-79.8062153,141752,139322,121169,8176,952,1431,33,7561,2430,2322,764,560,181,19,572,58,18,8,58,9,4,12,4,37,18,105,1,1,1,141752,14698,127054,125424,115205,7979,674,1406,20,140,1630,1551,78,0,0,1,107038,106037,93724,6032,686,1009,23,4563,1001,960,39,1,0,1,107038,8522,98516,97842,90330,5927,521,999,16,49,674,639,34,0,0,1,61041,55373,5668
Richmond County,NC,50,3,5,37,153,1227191624,15790811,46639,20738,35.0019574,-79.7478094,46639,45671,28072,14269,1173,431,26,1700,968,895,235,353,45,8,111,67,16,13,24,3,0,10,4,5,1,66,7,0,0,46639,2741,43898,43094,27369,14159,1069,419,15,63,804,737,60,7,0,0,35259,34812,22340,10310,805,334,18,1005,447,411,31,5,0,0,35259,1648,33611,33234,21878,10251,745,328,10,22,377,343,29,5,0,0,20738,18430,2308
Robeson County,NC,50,3,5,37,155,2458470383,4574244,134168,52751,34.6392096,-79.1008811,134168,130767,38877,32637,51502,993,86,6672,3401,3251,448,1166,104,9,395,694,21,28,65,86,25,164,14,19,13,143,5,1,1,134168,10932,123236,120537,36160,32347,50866,971,60,133,2699,2577,116,5,1,0,98241,96646,31541,23632,36487,769,66,4151,1595,1532,57,4,1,1,98241,6624,91617,90401,29901,23460,36142,755,49,94,1216,1162,49,4,1,0,52751,47997,4754
Rockingham County,NC,50,3,5,37,157,1464770304,18529683,93643,43696,36.3809268,-79.7828887,93643,91973,70875,17655,345,430,60,2608,1670,1542,679,357,96,14,237,72,14,6,41,1,1,7,3,9,5,117,6,5,0,93643,5159,88484,87144,68744,17529,307,423,44,97,1340,1232,98,5,5,0,72854,72142,56348,13558,253,310,37,1636,712,634,70,6,2,0,72854,3049,69805,69225,55144,13483,233,305,26,34,580,515,58,5,2,0,43696,38693,5003
Rowan County,NC,50,3,5,37,159,1324451332,31989769,138428,60211,35.6392183,-80.5253439,138428,136211,105923,22392,468,1386,49,5993,2217,2091,777,508,184,10,339,117,31,6,61,2,1,19,9,13,14,120,6,0,0,138428,10644,127784,126060,101986,22153,376,1353,44,148,1724,1628,91,5,0,0,105486,104468,83211,16354,371,994,32,3506,1018,959,57,2,0,0,105486,6195,99291,98507,80931,16209,313,976,29,49,784,742,40,2,0,0,60211,53140,7071
Rutherford County,NC,50,3,5,37,161,1461144059,4399859,67810,33878,35.4027469,-81.9195825,67810,66581,58221,6854,171,296,5,1034,1229,1145,577,267,68,7,113,47,16,4,17,1,1,3,6,4,14,71,13,0,0,67810,2397,65413,64374,57054,6804,156,289,5,66,1039,983,49,7,0,0,52586,52139,45977,5153,138,219,5,647,447,403,37,7,0,0,52586,1444,51142,50774,45275,5127,127,214,5,26,368,342,24,2,0,0,33878,27466,6412
Sampson County,NC,50,3,5,37,163,2446865522,4805674,63431,27234,34.9905745,-78.3713822,63431,62154,35985,17128,1297,242,72,7430,1277,1197,306,262,58,8,293,130,12,6,70,3,2,31,1,7,8,67,6,1,6,63431,10440,52991,52173,33754,16948,1130,217,43,81,818,767,49,1,1,0,47154,46583,28089,12809,954,180,43,4508,571,531,35,2,1,2,47154,6183,40971,40621,26791,12716,873,163,32,46,350,320,28,1,1,0,27234,24005,3229
Scotland County,NC,50,3,5,37,165,825803818,3831577,36157,15193,34.8400226,-79.4773366,36157,35368,16822,13943,3934,276,8,385,789,743,118,381,21,6,34,111,14,2,27,13,1,11,1,2,1,44,2,0,0,36157,754,35403,34681,16605,13884,3860,276,7,49,722,680,40,2,0,0,27084,26701,13643,9988,2646,187,8,229,383,366,15,2,0,0,27084,477,26607,26254,13480,9953,2604,187,7,23,353,338,13,2,0,0,15193,13614,1579
Stanly County,NC,50,3,5,37,167,1023267267,25262146,60585,27110,35.3105227,-80.2543552,60585,59881,50623,6630,197,1118,42,1271,704,671,330,155,78,2,58,8,7,0,12,0,1,0,4,11,5,33,0,0,0,60585,2166,58419,57807,49877,6590,175,1108,10,47,612,581,31,0,0,0,46852,46576,40051,4919,163,693,25,725,276,255,21,0,0,0,46852,1272,45580,45341,39597,4891,147,684,5,17,239,219,20,0,0,0,27110,23589,3521
Stokes County,NC,50,3,5,37,169,1162535003,17539406,47401,21924,36.4041946,-80.2392707,47401,46814,44021,1916,156,125,7,589,587,563,193,216,39,4,68,17,5,0,9,1,0,2,3,4,2,21,3,0,0,47401,1254,46147,45653,43447,1897,138,125,7,39,494,476,16,2,0,0,36880,36594,34480,1551,114,93,2,354,286,273,10,3,0,0,36880,739,36141,35889,34125,1545,103,93,2,21,252,242,8,2,0,0,21924,19416,2508
Surry County,NC,50,3,5,37,171,1378304182,10715854,73673,33667,36.415416,-80.6864631,73673,72669,64926,2749,219,347,18,4410,1004,954,308,221,90,13,234,21,5,3,18,0,0,15,0,15,11,49,1,0,0,73673,7155,66518,65834,62611,2644,173,339,9,58,684,647,36,1,0,0,56456,55978,50948,2084,162,246,11,2527,478,446,31,1,0,0,56456,4003,52453,52115,49688,2026,132,242,7,20,338,312,25,1,0,0,33667,29914,3753
Swain County,NC,50,3,5,37,173,1367504099,32758423,13981,8723,35.5688491,-83.4656136,13981,13387,9315,76,3775,67,4,150,594,562,21,458,15,0,11,21,1,0,3,2,3,24,2,1,0,31,1,0,0,13981,540,13441,12901,9168,75,3587,66,4,1,540,519,20,1,0,0,10712,10361,7601,68,2527,45,3,117,351,338,12,1,0,0,10712,293,10419,10093,7518,67,2460,44,3,1,326,319,6,1,0,0,8723,5672,3051
Transylvania County,NC,50,3,5,37,175,980383414,5140678,33090,19163,35.2100946,-82.8166964,33090,32531,30577,1292,95,144,8,415,559,534,216,185,50,16,27,16,3,1,4,0,0,4,3,6,3,22,3,0,0,33090,964,32126,31605,30049,1279,93,143,8,33,521,498,20,3,0,0,27258,26989,25532,989,72,101,7,288,269,256,11,2,0,0,27258,667,26591,26341,25173,981,70,100,7,10,250,239,9,2,0,0,19163,14394,4769
Tyrrell County,NC,50,3,5,37,177,1007595142,531422526,4407,2068,35.8704196,-76.1653454,4407,4345,2403,1683,17,80,1,161,62,60,29,8,11,0,8,1,2,0,1,0,0,0,0,0,0,2,0,0,0,4407,240,4167,4116,2350,1677,7,80,1,1,51,49,2,0,0,0,3612,3590,1991,1421,10,67,1,100,22,20,2,0,0,0,3612,137,3475,3456,1962,1419,7,67,1,0,19,17,2,0,0,0,2068,1595,473
Union County,NC,50,3,5,37,179,1635630037,20736444,201292,72870,34.9915012,-80.5301312,201292,197421,158954,23558,815,3271,63,10760,3871,3625,1150,629,630,17,715,134,68,13,130,8,2,25,8,65,31,222,24,0,0,201292,20967,180325,177553,150098,23134,605,3243,58,415,2772,2605,150,17,0,0,140412,138781,113414,16069,581,2250,44,6423,1631,1517,101,13,0,0,140412,12440,127972,126879,108134,15855,442,2236,39,173,1093,1010,72,11,0,0,72870,67864,5006
Vance County,NC,50,3,5,37,181,656606884,42223392,45422,20082,36.3654806,-78.4054343,45422,44813,20058,22645,147,202,7,1754,609,564,228,70,49,9,77,70,14,4,31,1,1,3,0,5,2,41,3,1,0,45422,3051,42371,41904,19101,22477,79,199,7,41,467,431,33,3,0,0,33881,33557,16027,16253,102,143,5,1027,324,292,28,3,1,0,33881,1732,32149,31899,15515,16159,65,140,5,15,250,225,22,3,0,0,20082,17395,2687
Wake County,NC,50,3,5,37,183,2163206258,57246693,900993,371836,35.7898464,-78.650624,900993,878427,597546,186510,4503,48553,387,40928,22566,20536,5749,2352,4988,213,2842,1402,672,113,943,132,7,326,140,547,110,1847,157,26,0,900993,87922,813071,796225,560536,182793,2537,48287,317,1755,16846,15277,1444,104,21,0,666380,655333,457775,133196,3055,35203,311,25793,11047,9996,940,92,19,0,666380,55162,611218,603144,434008,131036,1917,35027,260,896,8074,7260,739,59,16,0,371836,345645,26191
Warren County,NC,50,3,5,37,185,1109696231,39641663,20972,11806,36.3979785,-78.0999244,20972,20630,8128,10970,1050,51,3,428,342,314,82,52,7,0,20,116,6,2,10,5,2,11,0,0,1,24,4,0,0,20972,692,20280,19981,7971,10911,1026,49,3,21,299,273,22,4,0,0,16714,16519,6938,8487,778,43,3,270,195,175,19,1,0,0,16714,426,16288,16115,6842,8453,762,41,3,14,173,154,18,1,0,0,11806,8321,3485
Washington County,NC,50,3,5,37,187,901664508,196093080,13228,6491,35.8445891,-76.5723342,13228,13074,6084,6587,24,38,1,340,154,141,54,44,6,1,17,8,1,3,5,0,0,1,0,1,0,12,1,0,0,13228,466,12762,12639,5998,6567,21,38,1,14,123,110,12,1,0,0,10185,10106,5081,4786,16,28,0,195,79,73,5,1,0,0,10185,259,9926,9857,5041,4770,13,28,0,5,69,63,5,1,0,0,6491,5526,965
Watauga County,NC,50,3,5,37,189,809515805,2322130,51079,32137,36.2353712,-81.7099186,51079,50363,48272,877,129,475,13,597,716,676,141,273,135,19,66,12,9,2,9,1,0,1,5,2,1,36,4,0,0,51079,1713,49366,48774,47268,855,117,467,13,54,592,564,26,2,0,0,44005,43492,41795,767,107,388,11,424,513,479,30,4,0,0,44005,1248,42757,42322,41046,750,100,381,11,34,435,409,24,2,0,0,32137,20403,11734
Wayne County,NC,50,3,5,37,191,1432488557,9752596,122623,52949,35.3627413,-78.004826,122623,119799,72135,38499,481,1431,64,7189,2824,2594,813,303,496,22,447,195,109,26,112,2,0,8,14,27,20,207,12,11,0,122623,12162,110461,108339,68216,38107,333,1405,47,231,2122,1960,153,9,0,0,92139,90795,56613,28250,368,1152,56,4356,1344,1224,106,6,8,0,92139,7307,84832,83853,54259,28045,264,1133,42,110,979,900,75,4,0,0,52949,47831,5118
Wilkes County,NC,50,3,5,37,193,1953571382,6843251,69340,33065,36.2093027,-81.1653541,69340,68415,62824,2830,133,296,20,2312,925,876,365,190,60,13,185,26,5,3,11,3,0,7,1,6,1,48,1,0,0,69340,3772,65568,64859,61587,2785,110,295,15,67,709,670,38,1,0,0,53804,53401,49504,2230,112,216,17,1322,403,381,22,0,0,0,53804,2151,51653,51338,48783,2210,97,216,14,18,315,297,18,0,0,0,33065,28360,4705
Wilson County,NC,50,3,5,37,195,953567109,14395628,81234,35511,35.7041251,-77.9189823,81234,79961,42222,31686,238,668,25,5122,1273,1175,437,126,122,20,242,105,14,14,52,2,0,8,5,20,8,94,3,1,0,81234,7724,73510,72603,40157,31462,190,664,22,108,907,830,75,1,1,0,61182,60583,33784,23051,170,479,21,3078,599,549,49,0,1,0,61182,4652,56530,56118,32523,22909,144,477,20,45,412,369,42,0,1,0,35511,31962,3549
Yadkin County,NC,50,3,5,37,197,867203563,6932224,38406,17341,36.1587653,-80.6651641,38406,37928,34007,1192,79,78,12,2560,478,468,163,104,27,6,109,16,0,0,18,0,0,10,0,4,11,10,0,0,0,38406,3749,34657,34340,33022,1165,66,71,5,11,317,308,9,0,0,0,29468,29254,26779,882,62,59,5,1467,214,209,5,0,0,0,29468,2109,27359,27213,26227,870,54,57,3,2,146,142,4,0,0,0,17341,15486,1855
Yancey County,NC,50,3,5,37,199,809623022,1458712,17818,11032,35.8895036,-82.3039804,17818,17650,16967,145,79,34,5,420,168,157,35,77,16,2,22,1,2,0,0,1,0,0,0,0,1,11,0,0,0,17818,814,17004,16864,16652,128,42,34,2,6,140,130,10,0,0,0,14256,14165,13737,105,53,27,3,240,91,84,7,0,0,0,14256,459,13797,13720,13566,94,31,27,0,2,77,71,6,0,0,0,11032,7644,3388
Adams County,ND,50,2,4,38,1,2557922251,2833850,2343,1377,46.0968146,-102.5331983,2343,2318,2279,8,16,9,2,4,25,25,1,16,8,0,0,0,0,0,0,0,0,0,0,0,0,0,0,0,0,2343,20,2323,2300,2266,8,15,9,2,0,23,23,0,0,0,0,1897,1885,1860,3,10,9,1,2,12,12,0,0,0,0,1897,10,1887,1875,1853,3,9,9,1,0,12,12,0,0,0,0,1377,1098,279
Barnes County,ND,50,2,4,38,3,3863106624,56593591,11066,5704,46.94255,-98.0701946,11066,10910,10668,86,72,58,2,24,156,146,38,61,21,3,14,0,1,1,1,4,0,0,1,1,0,10,0,0,0,11066,123,10943,10813,10599,83,71,58,1,1,130,124,6,0,0,0,8786,8706,8523,68,49,46,2,18,80,74,6,0,0,0,8786,70,8716,8644,8482,65,49,46,1,1,72,68,4,0,0,0,5704,4826,878
Benson County,ND,50,2,4,38,5,3596736786,131543448,6660,2950,48.0717375,-99.3619871,6660,6567,2889,1,3663,3,1,10,93,92,3,74,1,1,2,6,0,0,0,1,4,0,0,0,0,1,0,0,0,6660,77,6583,6497,2861,1,3631,3,1,0,86,85,1,0,0,0,4421,4378,2344,1,2022,2,1,8,43,42,1,0,0,0,4421,37,4384,4343,2330,1,2009,2,1,0,41,40,1,0,0,0,2950,2233,717
Billings County,ND,50,2,4,38,7,2975515808,11971761,783,484,47.0092826,-103.3649241,783,782,772,2,3,4,0,1,1,1,0,1,0,0,0,0,0,0,0,0,0,0,0,0,0,0,0,0,0,783,4,779,778,771,0,3,4,0,0,1,1,0,0,0,0,645,644,634,2,3,4,0,1,1,1,0,0,0,0,645,4,641,640,633,0,3,4,0,0,1,1,0,0,0,0,484,358,126
Bottineau County,ND,50,2,4,38,9,4321189959,74919452,6429,4341,48.7944116,-100.8312572,6429,6312,6112,25,136,16,1,22,117,113,21,72,8,3,5,0,0,0,0,3,0,0,0,1,0,3,1,0,0,6429,82,6347,6236,6062,25,130,16,1,2,111,109,1,1,0,0,5207,5146,4998,21,103,10,1,13,61,60,1,0,0,0,5207,45,5162,5103,4970,21,100,10,1,1,59,58,1,0,0,0,4341,2832,1509
Bowman County,ND,50,2,4,38,11,3009066810,13587996,3151,1683,46.1078074,-103.506586,3151,3135,3085,3,18,2,0,27,16,15,2,11,0,0,2,0,0,0,0,0,0,0,0,0,0,1,0,0,0,3151,78,3073,3057,3039,3,13,2,0,0,16,15,1,0,0,0,2475,2467,2443,0,7,2,0,15,8,8,0,0,0,0,2475,42,2433,2425,2419,0,4,2,0,0,8,8,0,0,0,0,1683,1385,298
Burke County,ND,50,2,4,38,13,2858226820,65673353,1968,1340,48.7864534,-102.5200874,1968,1957,1924,4,15,14,0,0,11,11,5,4,2,0,0,0,0,0,0,0,0,0,0,0,0,0,0,0,0,1968,37,1931,1920,1891,4,12,13,0,0,11,11,0,0,0,0,1559,1554,1533,4,8,9,0,0,5,5,0,0,0,0,1559,20,1539,1534,1514,4,8,8,0,0,5,5,0,0,0,0,1340,913,427
Burleigh County,ND,50,2,4,38,15,4228552194,92317493,81308,35754,46.9718426,-100.4620005,81308,80157,75634,483,3393,392,27,228,1151,1110,217,564,154,16,62,38,1,3,7,15,10,14,2,7,0,38,3,0,0,81308,986,80322,79280,75054,476,3284,386,26,54,1042,1005,34,3,0,0,62965,62458,59526,340,2123,290,19,160,507,488,18,1,0,0,62965,613,62352,61885,59154,335,2065,284,19,28,467,451,15,1,0,0,35754,33976,1778
Cass County,ND,50,2,4,38,17,4571166077,7672824,149778,67938,46.9270033,-97.2523747,149778,146945,137308,3428,1827,3532,52,798,2833,2696,597,970,577,49,225,64,33,9,100,23,2,7,12,26,2,123,10,4,0,149778,3015,146763,144296,135530,3372,1681,3524,49,140,2467,2363,92,8,4,0,117118,115744,108934,2050,1311,2869,40,540,1374,1314,51,5,4,0,117118,1816,115302,114069,107837,2020,1236,2862,37,77,1233,1188,38,3,4,0,67938,63899,4039
Cavalier County,ND,50,2,4,38,19,3855846875,54931561,3993,2309,48.7684388,-98.4637903,3993,3962,3902,4,37,9,1,9,31,31,2,20,2,1,5,1,0,0,0,0,0,0,0,0,0,0,0,0,0,3993,24,3969,3940,3890,4,35,9,1,1,29,29,0,0,0,0,3207,3194,3150,1,30,6,1,6,13,13,0,0,0,0,3207,14,3193,3182,3143,1,30,6,1,1,11,11,0,0,0,0,2309,1818,491
Dickey County,ND,50,2,4,38,21,2930494938,27610559,5289,2636,46.1077559,-98.4965182,5289,5224,5104,37,31,22,1,29,65,58,12,29,12,0,4,1,0,0,0,0,0,0,0,0,0,7,0,0,0,5289,100,5189,5133,5044,35,30,22,1,1,56,50,6,0,0,0,4074,4043,3964,24,24,17,1,13,31,28,3,0,0,0,4074,51,4023,3995,3932,22,23,17,1,0,28,25,3,0,0,0,2636,2180,456
Divide County,ND,50,2,4,38,23,3265421252,86617715,2071,1324,48.8181424,-103.4976526,2071,2054,2030,5,11,7,0,1,17,17,4,11,1,0,1,0,0,0,0,0,0,0,0,0,0,0,0,0,0,2071,30,2041,2027,2006,5,10,6,0,0,14,14,0,0,0,0,1717,1709,1693,3,5,7,0,1,8,8,0,0,0,0,1717,13,1704,1698,1685,3,4,6,0,0,6,6,0,0,0,0,1324,977,347
Dunn County,ND,50,2,4,38,25,5201886375,190579197,3536,2132,47.3546096,-102.6123649,3536,3476,3003,8,449,10,0,6,60,56,1,38,11,3,1,0,1,0,0,1,0,0,0,0,0,4,0,0,0,3536,38,3498,3445,2984,8,443,10,0,0,53,52,1,0,0,0,2759,2729,2406,5,303,9,0,6,30,29,1,0,0,0,2759,26,2733,2705,2390,5,301,9,0,0,28,27,1,0,0,0,2132,1401,731
Eddy County,ND,50,2,4,38,27,1632134239,36114074,2385,1323,47.7234355,-98.9004745,2385,2360,2270,4,58,6,2,20,25,25,1,20,0,0,1,3,0,0,0,0,0,0,0,0,0,0,0,0,0,2385,52,2333,2311,2242,4,57,6,2,0,22,22,0,0,0,0,1887,1871,1812,3,41,3,0,12,16,16,0,0,0,0,1887,32,1855,1842,1796,3,40,3,0,0,13,13,0,0,0,0,1323,1057,266
Emmons County,ND,50,2,4,38,29,3912008054,115480694,3550,2085,46.2842552,-100.2378424,3550,3523,3495,2,14,6,0,6,27,26,14,8,2,0,1,0,0,0,0,1,0,0,0,0,0,0,1,0,0,3550,34,3516,3490,3468,2,14,6,0,0,26,25,0,1,0,0,2791,2776,2763,1,5,4,0,3,15,14,0,1,0,0,2791,23,2768,2754,2744,1,5,4,0,0,14,13,0,1,0,0,2085,1594,491
Foster County,ND,50,2,4,38,31,1645814578,29450851,3343,1801,47.4643267,-98.8728167,3343,3325,3291,3,20,3,0,8,18,15,4,9,2,0,0,0,0,0,0,0,0,0,0,0,0,3,0,0,0,3343,29,3314,3298,3272,3,20,3,0,0,16,14,2,0,0,0,2615,2610,2585,1,13,3,0,8,5,4,1,0,0,0,2615,19,2596,2592,2575,1,13,3,0,0,4,4,0,0,0,0,1801,1495,306
Golden Valley County,ND,50,2,4,38,33,2592024347,4147539,1680,967,46.9389237,-103.8446117,1680,1667,1637,10,10,1,1,8,13,13,1,7,1,0,2,0,0,0,0,1,0,0,0,0,1,0,0,0,0,1680,35,1645,1634,1613,9,10,1,1,0,11,11,0,0,0,0,1276,1270,1256,4,2,1,1,6,6,6,0,0,0,0,1276,21,1255,1249,1241,4,2,1,1,0,6,6,0,0,0,0,967,774,193
Grand Forks County,ND,50,2,4,38,35,3720196548,8098075,66861,29344,47.9260026,-97.450851,66861,65261,60358,1361,1657,1292,40,553,1600,1490,311,617,322,24,106,36,23,3,9,10,3,7,14,4,1,95,13,2,0,66861,1951,64910,63527,59271,1322,1592,1280,35,27,1383,1302,73,6,2,0,53440,52639,49029,945,1145,1089,30,401,801,749,44,8,0,0,53440,1224,52216,51496,48338,922,1111,1078,28,19,720,680,36,4,0,0,29344,27417,1927
Grant County,ND,50,2,4,38,37,4297150375,17563260,2394,1690,46.3578269,-101.6390494,2394,2363,2328,1,27,3,0,4,31,31,8,17,5,0,0,1,0,0,0,0,0,0,0,0,0,0,0,0,0,2394,7,2387,2356,2325,1,27,3,0,0,31,31,0,0,0,0,1944,1934,1910,1,19,1,0,3,10,10,0,0,0,0,1944,3,1941,1931,1910,1,19,1,0,0,10,10,0,0,0,0,1690,1128,562
Griggs County,ND,50,2,4,38,39,1835821650,19759408,2420,1461,47.463463,-98.2324438,2420,2416,2392,7,8,4,0,5,4,4,3,0,0,0,0,0,0,0,0,0,0,0,0,1,0,0,0,0,0,2420,9,2411,2410,2387,7,8,4,0,4,1,1,0,0,0,0,1961,1957,1941,4,6,2,0,4,4,4,0,0,0,0,1961,8,1953,1952,1936,4,6,2,0,4,1,1,0,0,0,0,1461,1131,330
Hettinger County,ND,50,2,4,38,41,2932439374,4036933,2477,1414,46.4349387,-102.4583854,2477,2445,2382,6,52,1,3,1,32,30,7,19,1,0,0,2,0,0,0,0,0,0,1,0,0,2,0,0,0,2477,12,2465,2433,2372,6,51,1,3,0,32,30,2,0,0,0,2009,1998,1945,5,43,1,3,1,11,11,0,0,0,0,2009,7,2002,1991,1940,5,42,1,3,0,11,11,0,0,0,0,1414,1056,358
Kidder County,ND,50,2,4,38,43,3499563866,211662138,2435,1674,46.9353854,-99.7427266,2435,2425,2344,6,6,22,0,47,10,10,2,1,3,0,4,0,0,0,0,0,0,0,0,0,0,0,0,0,0,2435,71,2364,2360,2329,6,3,22,0,0,4,4,0,0,0,0,1912,1910,1859,2,5,11,0,33,2,2,0,0,0,0,1912,42,1870,1869,1853,2,3,11,0,0,1,1,0,0,0,0,1674,1059,615
LaMoure County,ND,50,2,4,38,45,2967978523,12813384,4139,2238,46.4641952,-98.5260571,4139,4114,4077,6,16,6,0,9,25,25,17,4,2,2,0,0,0,0,0,0,0,0,0,0,0,0,0,0,0,4139,34,4105,4080,4053,5,16,6,0,0,25,25,0,0,0,0,3266,3254,3235,1,10,3,0,5,12,12,0,0,0,0,3266,17,3249,3237,3224,0,10,3,0,0,12,12,0,0,0,0,2238,1825,413
Logan County,ND,50,2,4,38,47,2571385626,47715595,1990,1144,46.469278,-99.5045846,1990,1977,1959,2,9,5,0,2,13,13,1,3,5,0,4,0,0,0,0,0,0,0,0,0,0,0,0,0,0,1990,12,1978,1969,1954,2,8,5,0,0,9,9,0,0,0,0,1570,1566,1554,1,6,3,0,2,4,4,0,0,0,0,1570,6,1564,1560,1551,1,5,3,0,0,4,4,0,0,0,0,1144,843,301
McHenry County,ND,50,2,4,38,49,4853519308,97354626,5395,2948,48.2338417,-100.6332668,5395,5347,5275,8,30,16,0,18,48,42,7,27,3,0,0,3,0,0,0,1,0,0,0,1,0,6,0,0,0,5395,80,5315,5270,5218,8,28,16,0,0,45,39,6,0,0,0,4216,4192,4135,7,23,12,0,15,24,20,4,0,0,0,4216,46,4170,4146,4106,7,21,12,0,0,24,20,4,0,0,0,2948,2377,571
McIntosh County,ND,50,2,4,38,51,2524546555,51817666,2809,1858,46.1170337,-99.4430409,2809,2791,2755,6,12,11,0,7,18,18,3,9,5,0,1,0,0,0,0,0,0,0,0,0,0,0,0,0,0,2809,38,2771,2753,2725,6,12,10,0,0,18,18,0,0,0,0,2296,2287,2260,4,8,8,0,7,9,9,0,0,0,0,2296,27,2269,2260,2241,4,8,7,0,0,9,9,0,0,0,0,1858,1307,551
McKenzie County,ND,50,2,4,38,53,7149203878,260170373,6360,3090,47.7424751,-103.4032148,6360,6260,4792,8,1412,19,2,27,100,96,8,75,2,4,3,0,2,0,0,1,0,1,0,0,0,4,0,0,0,6360,139,6221,6124,4746,4,1349,19,2,4,97,93,4,0,0,0,4669,4615,3729,5,845,13,1,22,54,54,0,0,0,0,4669,72,4597,4546,3707,3,820,13,1,2,51,51,0,0,0,0,3090,2410,680
McLean County,ND,50,2,4,38,55,5467142997,562391654,8962,5590,47.6530553,-101.4217937,8962,8824,8158,8,625,12,2,19,138,138,13,110,8,1,3,1,0,0,0,1,0,1,0,0,0,0,0,0,0,8962,111,8851,8723,8115,6,585,12,2,3,128,128,0,0,0,0,7195,7120,6685,4,407,11,1,12,75,75,0,0,0,0,7195,60,7135,7061,6658,3,387,11,1,1,74,74,0,0,0,0,5590,3897,1693
Mercer County,ND,50,2,4,38,57,2701246664,180092152,8424,4450,47.3032788,-101.820765,8424,8335,8052,17,196,27,12,31,89,86,15,56,6,1,6,0,0,0,0,0,1,0,1,0,0,3,0,0,0,8424,121,8303,8225,7996,16,174,27,12,0,78,75,3,0,0,0,6625,6595,6387,12,145,22,8,21,30,29,1,0,0,0,6625,66,6559,6530,6354,12,134,22,8,0,29,28,1,0,0,0,4450,3625,825
Morton County,ND,50,2,4,38,59,4989016959,49666838,27471,12079,46.7137894,-101.279743,27471,27022,25725,120,1000,54,24,99,449,430,76,241,47,2,39,12,1,0,0,3,3,5,1,0,0,12,3,4,0,27471,400,27071,26693,25537,112,959,53,24,8,378,368,7,3,0,0,20910,20703,19912,64,594,43,18,72,207,202,3,1,1,0,20910,227,20683,20514,19808,63,579,42,18,4,169,165,3,1,0,0,12079,11289,790
Mountrail County,ND,50,2,4,38,61,4727500245,301140196,7673,4119,48.2102905,-102.3647561,7673,7477,5035,16,2348,15,1,62,196,191,5,145,3,0,3,10,0,0,0,6,9,10,0,0,0,4,1,0,0,7673,286,7387,7209,4931,16,2240,15,1,6,178,173,4,1,0,0,5843,5746,4139,13,1536,13,1,44,97,96,1,0,0,0,5843,169,5674,5585,4067,13,1486,13,1,5,89,88,1,0,0,0,4119,2793,1326
Nelson County,ND,50,2,4,38,63,2542784509,70037095,3126,1927,47.9186666,-98.2044278,3126,3080,3037,8,30,3,1,1,46,36,1,24,1,0,5,0,0,0,1,0,0,0,0,4,0,10,0,0,0,3126,33,3093,3057,3018,8,28,2,1,0,36,26,10,0,0,0,2566,2541,2511,6,20,2,1,1,25,19,6,0,0,0,2566,17,2549,2529,2501,6,20,1,1,0,20,14,6,0,0,0,1927,1474,453
Oliver County,ND,50,2,4,38,65,1871293986,22476269,1846,905,47.1180789,-101.3314198,1846,1834,1796,3,28,4,0,3,12,12,2,8,2,0,0,0,0,0,0,0,0,0,0,0,0,0,0,0,0,1846,19,1827,1815,1782,3,26,4,0,0,12,12,0,0,0,0,1436,1433,1406,3,19,2,0,3,3,3,0,0,0,0,1436,10,1426,1423,1399,3,19,2,0,0,3,3,0,0,0,0,905,756,149
Pembina County,ND,50,2,4,38,67,2897404213,6996073,7413,3859,48.7668959,-97.5454045,7413,7313,7077,21,144,11,2,58,100,94,11,72,4,0,3,0,0,0,0,1,0,0,1,2,0,6,0,0,0,7413,190,7223,7127,6947,21,143,11,2,3,96,90,6,0,0,0,5813,5766,5603,13,96,9,2,43,47,44,3,0,0,0,5813,127,5686,5640,5519,13,95,9,2,2,46,43,3,0,0,0,3859,3257,602
Pierce County,ND,50,2,4,38,69,2638162604,165070762,4357,2199,48.2388827,-99.966497,4357,4323,4100,20,170,3,1,29,34,34,8,25,0,0,0,0,0,0,0,0,0,0,1,0,0,0,0,0,0,4357,44,4313,4280,4084,19,169,3,1,4,33,33,0,0,0,0,3419,3403,3234,11,135,2,1,20,16,16,0,0,0,0,3419,26,3393,3377,3228,11,134,2,1,1,16,16,0,0,0,0,2199,1835,364
Ramsey County,ND,50,2,4,38,71,3073936800,295415855,11451,5615,48.2655513,-98.7373289,11451,11157,10044,41,994,45,5,28,294,281,10,231,13,1,8,10,0,0,0,1,0,7,0,0,0,13,0,0,0,11451,137,11314,11039,9980,41,964,45,5,4,275,263,12,0,0,0,8936,8796,8059,33,642,38,5,19,140,133,7,0,0,0,8936,71,8865,8733,8022,33,633,38,5,2,132,126,6,0,0,0,5615,4955,660
Ransom County,ND,50,2,4,38,73,2233494202,3581125,5457,2656,46.4492764,-97.6475541,5457,5410,5338,19,23,20,3,7,47,45,13,23,6,0,2,0,1,0,0,0,0,0,0,0,0,2,0,0,0,5457,66,5391,5346,5285,19,21,20,0,1,45,43,2,0,0,0,4176,4152,4107,5,16,16,2,6,24,23,1,0,0,0,4176,41,4135,4112,4077,5,14,16,0,0,23,22,1,0,0,0,2656,2310,346
Renville County,ND,50,2,4,38,75,2271556786,40648335,2470,1386,48.7127815,-101.6581522,2470,2441,2419,2,10,5,0,5,29,27,9,8,6,0,2,1,1,0,0,0,0,0,0,0,0,2,0,0,0,2470,24,2446,2417,2401,2,9,5,0,0,29,27,2,0,0,0,1936,1926,1908,2,7,5,0,4,10,9,1,0,0,0,1936,18,1918,1908,1895,2,6,5,0,0,10,9,1,0,0,0,1386,1061,325
Richland County,ND,50,2,4,38,77,3718650537,25035912,16321,7503,46.2652192,-96.9379599,16321,16111,15507,110,330,88,9,67,210,200,44,107,37,3,5,2,0,0,0,1,0,1,0,0,0,10,0,0,0,16321,271,16050,15868,15351,110,302,88,7,10,182,176,6,0,0,0,12659,12571,12153,76,228,69,5,40,88,87,1,0,0,0,12659,132,12527,12445,12076,76,214,69,3,7,82,81,1,0,0,0,7503,6651,852
Rolette County,ND,50,2,4,38,79,2338963694,93918521,13937,5372,48.7682715,-99.8404634,13937,13641,2825,21,10763,16,1,15,296,294,5,246,0,0,0,23,0,0,0,6,4,10,0,0,0,2,0,0,0,13937,133,13804,13518,2802,21,10677,16,1,1,286,284,2,0,0,0,9277,9115,2345,14,6727,13,1,15,162,161,1,0,0,0,9277,61,9216,9056,2332,14,6695,13,1,1,160,159,1,0,0,0,5372,4783,589
Sargent County,ND,50,2,4,38,81,2223539399,21720498,3829,2004,46.1082063,-97.6300298,3829,3801,3753,2,20,9,4,13,28,24,3,17,3,0,0,0,0,0,0,0,1,0,0,0,0,4,0,0,0,3829,51,3778,3752,3717,2,20,9,2,2,26,22,4,0,0,0,2957,2944,2910,2,15,9,2,6,13,11,2,0,0,0,2957,29,2928,2915,2887,2,15,9,2,0,13,11,2,0,0,0,2004,1675,329
Sheridan County,ND,50,2,4,38,83,2518450003,86143155,1321,894,47.5813734,-100.3414991,1321,1305,1278,4,14,2,2,5,16,16,1,12,1,0,1,0,0,0,0,1,0,0,0,0,0,0,0,0,0,1321,16,1305,1290,1272,0,14,2,2,0,15,15,0,0,0,0,1110,1104,1090,2,7,2,2,1,6,6,0,0,0,0,1110,4,1106,1100,1089,0,7,2,2,0,6,6,0,0,0,0,894,645,249
Sioux County,ND,50,2,4,38,85,2833691263,88449927,4153,1311,46.1092821,-101.0475245,4153,4034,525,7,3492,4,2,4,119,110,0,91,0,0,0,8,0,1,0,5,3,2,0,0,0,7,2,0,0,4153,82,4071,3960,517,6,3433,4,0,0,111,105,4,2,0,0,2637,2581,429,6,2136,4,2,4,56,53,2,1,0,0,2637,37,2600,2548,423,6,2115,4,0,0,52,50,1,1,0,0,1311,1158,153
Slope County,ND,50,2,4,38,87,3146633069,10978014,727,436,46.4458339,-103.462462,727,725,709,0,16,0,0,0,2,2,0,1,0,0,0,1,0,0,0,0,0,0,0,0,0,0,0,0,0,727,12,715,713,707,0,6,0,0,0,2,2,0,0,0,0,581,579,569,0,10,0,0,0,2,2,0,0,0,0,581,8,573,571,567,0,4,0,0,0,2,2,0,0,0,0,436,326,110
Stark County,ND,50,2,4,38,89,3456948249,14135800,24199,10735,46.8170312,-102.6620262,24199,23890,23026,197,240,292,9,126,309,294,67,129,36,10,40,4,0,0,5,0,2,0,0,0,1,13,1,1,0,24199,454,23745,23491,22765,186,230,288,7,15,254,241,11,1,1,0,19013,18875,18177,159,169,267,9,94,138,134,2,1,1,0,19013,276,18737,18619,18029,149,164,263,7,7,118,114,2,1,1,0,10735,10085,650
Steele County,ND,50,2,4,38,91,1844629354,8414336,1975,1171,47.458288,-97.7188952,1975,1963,1927,3,23,2,0,8,12,12,1,8,2,0,1,0,0,0,0,0,0,0,0,0,0,0,0,0,0,1975,20,1955,1945,1916,3,23,2,0,1,10,10,0,0,0,0,1554,1547,1523,2,15,1,0,6,7,7,0,0,0,0,1554,9,1545,1539,1520,2,15,1,0,1,6,6,0,0,0,0,1171,864,307
Stutsman County,ND,50,2,4,38,93,5754239519,197315065,21100,9862,46.9711034,-98.9575923,21100,20831,20163,140,300,100,12,116,269,253,38,99,36,13,46,4,0,0,3,0,0,6,3,2,3,11,0,5,0,21100,361,20739,20534,19996,126,297,99,12,4,205,193,11,0,1,0,16769,16624,16104,97,241,87,11,84,145,137,6,0,2,0,16769,238,16531,16414,15985,91,238,86,11,3,117,110,6,0,1,0,9862,8931,931
Towner County,ND,50,2,4,38,95,2653599962,43818735,2246,1449,48.6821831,-99.2481583,2246,2231,2173,2,49,1,0,6,15,15,3,12,0,0,0,0,0,0,0,0,0,0,0,0,0,0,0,0,0,2246,10,2236,2221,2165,2,49,1,0,4,15,15,0,0,0,0,1814,1807,1761,1,43,1,0,1,7,7,0,0,0,0,1814,3,1811,1804,1758,1,43,1,0,1,7,7,0,0,0,0,1449,1048,401
Traill County,ND,50,2,4,38,97,2232438235,1462184,8121,3780,47.4462146,-97.1647538,8121,8026,7809,42,64,21,1,89,95,91,21,41,11,8,3,1,2,0,1,0,2,0,0,0,1,4,0,0,0,8121,214,7907,7818,7693,39,63,21,1,1,89,85,4,0,0,0,6311,6265,6111,39,49,14,1,51,46,44,2,0,0,0,6311,126,6185,6143,6042,37,48,14,1,1,42,40,2,0,0,0,3780,3394,386
Walsh County,ND,50,2,4,38,99,3320186385,31504314,11119,5498,48.3769789,-97.7222304,11119,10969,10391,25,168,36,4,345,150,141,13,67,19,1,30,2,2,0,1,0,0,3,3,0,0,5,4,0,0,11119,969,10150,10054,9834,24,153,36,4,3,96,88,5,3,0,0,8652,8585,8215,12,116,35,2,205,67,65,2,0,0,0,8652,522,8130,8086,7926,12,109,35,2,2,44,42,2,0,0,0,5498,4746,752
Ward County,ND,50,2,4,38,101,5214369294,110541959,61675,26744,48.2166858,-101.5405369,61675,59985,55718,1542,1630,583,84,428,1690,1572,413,523,302,29,149,71,30,11,5,8,0,5,11,14,1,116,2,0,0,61675,1869,59806,58379,54717,1469,1533,550,76,34,1427,1329,97,1,0,0,47173,46441,43365,1163,1071,466,61,315,732,689,42,1,0,0,47173,1198,45975,45341,42677,1120,1024,442,55,23,634,600,33,1,0,0,26744,25029,1715
Wells County,ND,50,2,4,38,103,3291995693,50053244,4207,2481,47.5808513,-99.6715023,4207,4183,4160,3,13,4,1,2,24,24,8,12,3,1,0,0,0,0,0,0,0,0,0,0,0,0,0,0,0,4207,21,4186,4163,4143,3,13,4,0,0,23,23,0,0,0,0,3443,3427,3410,3,9,2,1,2,16,16,0,0,0,0,3443,17,3426,3411,3397,3,9,2,0,0,15,15,0,0,0,0,2481,1943,538
Williams County,ND,50,2,4,38,105,5380444836,182522864,22398,10464,48.3458667,-103.4873995,22398,21754,20639,63,899,79,5,69,644,620,57,460,42,8,34,9,1,0,1,4,0,2,1,1,0,20,3,1,0,22398,436,21962,21385,20364,57,878,78,5,3,577,564,13,0,0,0,17233,16918,16116,47,646,55,3,51,315,302,9,3,1,0,17233,264,16969,16681,15946,42,633,54,3,3,288,281,7,0,0,0,10464,9293,1171
Adams County,OH,50,2,3,39,1,1512208946,6165954,28550,12978,38.8416807,-83.4741732,28550,28171,27882,87,108,33,2,59,379,371,49,253,29,2,28,4,0,0,0,1,0,3,2,0,0,8,0,0,0,28550,243,28307,27946,27713,84,105,31,2,11,361,354,7,0,0,0,21415,21163,20958,58,93,27,2,25,252,245,7,0,0,0,21415,141,21274,21028,20849,56,90,26,2,5,246,240,6,0,0,0,12978,11147,1831
Allen County,OH,50,2,3,39,3,1042458893,11275149,106331,44999,40.771528,-84.1065456,106331,103535,89089,12639,207,740,15,845,2796,2618,1659,350,198,11,183,88,10,3,61,8,1,0,18,24,4,166,11,1,0,106331,2513,103818,101387,87708,12508,162,725,13,271,2431,2292,133,6,0,0,80886,79895,69696,8954,165,561,13,506,991,915,73,3,0,0,80886,1549,79337,78462,68783,8881,133,553,12,100,875,809,63,3,0,0,44999,40619,4380
Ashland County,OH,50,2,3,39,5,1095434931,9969455,53139,22141,40.8432741,-82.2701212,53139,52612,51692,398,89,275,39,119,527,488,168,169,79,15,33,6,1,0,2,0,0,0,6,5,4,24,15,0,0,53139,501,52638,52161,51352,395,77,275,39,23,477,447,20,10,0,0,40463,40187,39500,291,65,238,26,67,276,253,15,8,0,0,40463,297,40166,39918,39295,289,60,238,26,10,248,230,12,6,0,0,22141,20196,1945
Ashtabula County,OH,50,2,3,39,7,1817993244,1724857052,101497,46099,41.9066441,-80.7456406,101497,99351,94041,3586,241,375,22,1086,2146,2022,1055,479,143,26,193,50,7,1,22,4,0,4,6,25,7,124,0,0,0,101497,3441,98056,96226,92126,3467,208,372,17,36,1830,1722,108,0,0,0,77490,76618,72595,2850,194,279,18,682,872,825,47,0,0,0,77490,1933,75557,74805,71545,2787,170,278,14,11,752,709,43,0,0,0,46099,39363,6736
Athens County,OH,50,2,3,39,9,1304313482,12542538,64757,26385,39.3338481,-82.0460078,64757,63384,59448,1774,162,1747,16,237,1373,1220,384,400,265,16,50,44,17,1,15,2,1,6,5,14,0,139,14,0,0,64757,1002,63755,62481,58779,1741,140,1741,13,67,1274,1142,124,8,0,0,54508,53587,50108,1551,142,1590,15,181,921,815,96,10,0,0,54508,777,53731,52870,49580,1528,124,1584,12,42,861,770,87,4,0,0,26385,23578,2807
Auglaize County,OH,50,2,3,39,11,1039585234,1345187,45949,19585,40.561309,-84.2240177,45949,45520,44959,132,84,172,16,157,429,384,144,118,70,8,30,4,1,0,1,0,0,3,3,0,2,41,2,2,0,45949,543,45406,45030,44625,124,75,165,16,25,376,339,37,0,0,0,34283,34109,33731,92,65,119,7,95,174,153,19,2,0,0,34283,297,33986,33836,33561,87,58,113,7,10,150,132,18,0,0,0,19585,17972,1613
Belmont County,OH,50,2,3,39,13,1378206525,23685679,70400,32452,40.0176819,-80.9677268,70400,69503,66206,2834,88,259,7,109,897,819,458,217,80,7,29,9,6,0,6,2,0,1,2,1,1,75,3,0,0,70400,429,69971,69111,65902,2815,85,257,6,46,860,787,70,3,0,0,56545,56139,53313,2485,67,202,6,66,406,377,29,0,0,0,56545,298,56247,55853,53090,2472,65,200,5,21,394,366,28,0,0,0,32452,28679,3773
Brown County,OH,50,2,3,39,15,1269135535,8898059,44846,19301,38.9313769,-83.8667723,44846,44401,43736,384,75,108,3,95,445,431,125,217,48,10,19,6,2,1,0,1,0,0,2,0,0,14,0,0,0,44846,269,44577,44149,43570,382,74,107,3,13,428,414,14,0,0,0,33808,33572,33091,292,66,78,2,43,236,231,5,0,0,0,33808,148,33660,33429,32990,290,65,77,2,5,231,226,5,0,0,0,19301,17014,2287
Butler County,OH,50,2,3,39,17,1209668470,7968185,368130,148273,39.4399154,-84.5653972,368130,360263,316667,26972,770,8811,288,6755,7867,7461,3372,1246,1291,76,777,175,105,29,136,20,1,18,35,159,21,377,26,3,0,368130,14670,353460,346766,310183,26463,606,8759,239,516,6694,6361,313,17,3,0,275526,272188,242460,18377,576,6553,163,4059,3338,3134,189,12,3,0,275526,8808,266718,263873,238497,18072,478,6517,139,170,2845,2670,164,8,3,0,148273,135960,12313
Carroll County,OH,50,2,3,39,19,1022032078,11192671,28836,13698,40.5798841,-81.090787,28836,28522,28202,139,77,57,0,47,314,290,83,139,21,0,24,8,0,0,4,1,0,3,3,2,2,24,0,0,0,28836,238,28598,28317,28044,133,70,56,0,14,281,260,21,0,0,0,22199,22022,21817,86,52,44,0,23,177,162,15,0,0,0,22199,134,22065,21899,21718,85,47,43,0,6,166,152,14,0,0,0,13698,11385,2313
Champaign County,OH,50,2,3,39,21,1110247425,3015688,40097,16755,40.1327594,-83.7675425,40097,39335,37986,892,143,153,13,148,762,696,343,204,63,4,48,19,2,0,9,1,1,0,0,2,0,65,0,1,0,40097,451,39646,38946,37743,874,134,151,12,32,700,638,62,0,0,0,30057,29725,28716,675,111,122,11,90,332,299,32,0,1,0,30057,266,29791,29475,28560,665,106,121,10,13,316,285,31,0,0,0,16755,15329,1426
Clark County,OH,50,2,3,39,23,1029450254,13089442,138333,61419,39.9170315,-83.783676,138333,134824,119440,12128,351,858,51,1996,3509,3236,1849,600,303,23,197,120,25,16,42,8,1,4,10,23,15,251,16,6,0,138333,3805,134528,131405,117976,11999,302,849,47,232,3123,2925,183,14,1,0,105690,104276,93477,8660,278,647,36,1178,1414,1287,113,11,3,0,105690,2253,103437,102177,92600,8594,244,641,34,64,1260,1156,94,9,1,0,61419,55244,6175
Clermont County,OH,50,2,3,39,25,1170933540,19855695,197363,80656,39.0520838,-84.149614,197363,194710,189250,2284,403,1920,61,792,2653,2513,873,818,520,47,172,18,9,2,7,2,0,3,10,29,3,127,10,3,0,197363,2896,194467,192061,187331,2234,349,1900,58,189,2406,2285,109,9,3,0,146773,145533,141691,1632,304,1376,41,489,1240,1171,62,4,3,0,146773,1740,145033,143896,140544,1603,271,1360,40,78,1137,1080,51,3,3,0,80656,74828,5828
Clinton County,OH,50,2,3,39,27,1058487805,9351104,42040,18133,39.4140409,-83.8145417,42040,41262,39805,932,96,213,17,199,778,732,390,190,76,11,41,13,4,0,3,0,0,0,2,2,0,41,4,1,0,42040,559,41481,40755,39496,905,85,211,17,41,726,686,36,4,0,0,31778,31448,30417,700,65,159,10,97,330,306,23,1,0,0,31778,298,31480,31167,30235,688,58,159,10,17,313,290,22,1,0,0,18133,16210,1923
Columbiana County,OH,50,2,3,39,29,1377597314,7239848,107841,47088,40.7684619,-80.7772307,107841,106431,102959,2405,202,322,27,516,1410,1335,605,425,119,24,89,26,7,0,24,1,0,5,4,6,0,61,7,7,0,107841,1348,106493,105207,102326,2323,164,319,20,55,1286,1219,56,4,7,0,84257,83604,80767,2029,165,252,19,372,653,613,32,5,3,0,84257,976,83281,82687,80319,1952,136,250,17,13,594,559,29,3,3,0,47088,42683,4405
Coshocton County,OH,50,2,3,39,31,1460529028,9244955,36901,16545,40.2967203,-81.9301123,36901,36473,35810,395,81,103,3,81,428,411,216,122,42,1,16,8,2,1,3,0,0,0,0,0,0,17,0,0,0,36901,279,36622,36224,35632,391,78,103,2,18,398,382,16,0,0,0,28022,27852,27333,318,74,80,2,45,170,164,6,0,0,0,28022,147,27875,27715,27237,317,71,80,2,8,160,154,6,0,0,0,16545,14658,1887
Crawford County,OH,50,2,3,39,33,1040620962,2359241,43784,20167,40.848508,-82.9247712,43784,43296,42556,378,60,156,7,139,488,463,201,152,44,1,47,8,1,0,2,3,0,0,1,1,2,21,4,0,0,43784,533,43251,42841,42227,375,48,156,7,28,410,390,17,3,0,0,33651,33447,32948,245,50,110,5,89,204,192,10,2,0,0,33651,301,33350,33174,32759,243,43,110,5,14,176,165,10,1,0,0,20167,18099,2068
Cuyahoga County,OH,50,2,3,39,35,1184118946,2041935958,1280122,621763,41.760392,-81.7242168,1280122,1253386,814103,380198,2578,32883,285,23339,26736,24327,9777,2518,4137,232,2546,1829,744,154,1308,124,13,142,130,504,169,2237,156,14,2,1280122,61270,1218852,1197637,785977,374968,2018,32615,217,1842,21215,19369,1726,107,11,2,989860,976743,659488,273709,1967,25740,231,15608,13117,11760,1258,84,13,2,989860,39331,950529,939929,640799,270756,1595,25552,180,1047,10600,9505,1026,57,10,2,621763,545056,76707
Darke County,OH,50,2,3,39,37,1549072326,4291078,52959,22730,40.1321763,-84.6204381,52959,52469,51783,238,81,162,4,201,490,457,200,150,59,5,26,1,8,0,1,4,0,0,2,0,1,31,2,0,0,52959,646,52313,51860,51365,233,71,159,4,28,453,422,30,1,0,0,39746,39506,39058,146,67,113,4,118,240,219,20,1,0,0,39746,359,39387,39163,38830,145,58,113,4,13,224,204,19,1,0,0,22730,20929,1801
Defiance County,OH,50,2,3,39,39,1065675702,7069453,39037,16729,41.3216789,-84.4864334,39037,38267,36208,725,98,119,12,1105,770,721,200,153,43,9,269,10,0,1,24,1,0,7,2,2,0,32,16,1,0,39037,3409,35628,35222,34345,666,65,117,11,18,406,378,15,12,1,0,29434,29124,27667,508,74,87,10,778,310,291,13,6,0,0,29434,2013,27421,27243,26605,488,47,85,9,9,178,168,6,4,0,0,16729,15268,1461
Delaware County,OH,50,2,3,39,41,1147617685,36859321,174214,66378,40.2789411,-83.0074622,174214,171001,156328,5837,252,7436,51,1097,3213,2988,978,509,981,36,194,57,45,6,22,14,1,4,9,125,7,200,18,7,0,174214,3669,170545,167639,153969,5756,216,7393,47,258,2906,2728,165,13,0,0,123710,122444,112479,4010,185,5116,42,612,1266,1166,87,11,2,0,123710,2082,121628,120465,111107,3966,166,5093,40,93,1163,1078,77,8,0,0,66378,62760,3618
Erie County,OH,50,2,3,39,43,651531963,969767280,77079,37845,41.5540061,-82.5258973,77079,74937,67066,6644,232,463,8,524,2142,2053,1256,373,105,5,170,63,16,2,40,2,0,5,0,7,9,85,4,0,0,77079,2604,74475,72713,65463,6534,188,456,6,66,1762,1706,52,4,0,0,59934,59131,53512,4746,166,356,6,345,803,771,30,2,0,0,59934,1552,58382,57732,52510,4704,138,350,5,25,650,623,25,2,0,0,37845,31860,5985
Fairfield County,OH,50,2,3,39,45,1306418559,10749604,146156,58687,39.7529346,-82.6282761,146156,143343,131830,8702,309,1645,45,812,2813,2541,1030,669,477,38,143,52,48,1,35,9,1,4,8,21,5,230,31,11,0,146156,2510,143646,141119,130377,8609,278,1626,39,190,2527,2281,212,23,11,0,107747,106592,99014,5742,230,1107,36,463,1155,1036,98,15,6,0,107747,1465,106282,105256,98154,5692,207,1094,32,77,1026,923,89,8,6,0,58687,54310,4377
Fayette County,OH,50,2,3,39,47,1052458662,1705305,29030,12693,39.5538453,-83.4593267,29030,28526,27471,586,67,157,8,237,504,473,275,93,37,4,43,13,1,1,3,0,0,0,2,0,1,31,0,0,0,29030,520,28510,28046,27227,569,59,151,8,32,464,433,31,0,0,0,21867,21658,20867,456,53,110,4,168,209,193,16,0,0,0,21867,319,21548,21353,20733,450,45,108,4,13,195,179,16,0,0,0,12693,11436,1257
Franklin County,OH,50,2,3,39,49,1378361040,29318642,1163414,527186,39.9694465,-83.008258,1163414,1128708,805617,247225,2852,44996,746,27272,34706,31444,14456,3935,5519,239,2399,1821,928,266,862,114,13,102,138,575,77,2994,237,31,0,1163414,55718,1107696,1077574,783048,244200,2280,44723,676,2647,30122,27406,2532,161,23,0,884872,868578,643417,170425,2189,34894,450,17203,16294,14533,1630,115,16,0,884872,35079,849793,835627,628664,168769,1828,34721,410,1235,14166,12647,1423,84,12,0,527186,477235,49951
Fulton County,OH,50,2,3,39,51,1050091407,4621143,42698,17407,41.5972639,-84.1242667,42698,42066,40538,183,124,183,4,1034,632,611,133,136,75,14,225,5,1,0,11,2,0,6,0,2,1,20,1,0,0,42698,3341,39357,38994,38569,138,84,176,4,23,363,346,16,1,0,0,31689,31420,30462,101,91,121,3,642,269,263,5,1,0,0,31689,1921,29768,29606,29321,88,68,117,3,9,162,157,4,1,0,0,17407,16188,1219
Gallia County,OH,50,2,3,39,53,1208307512,12085419,30934,13925,38.8170456,-82.3017463,30934,30452,29308,812,118,140,1,73,482,441,218,160,24,2,10,15,1,0,5,5,0,0,0,1,0,41,0,0,0,30934,275,30659,30213,29150,800,108,139,0,16,446,408,38,0,0,0,23582,23339,22494,587,103,106,1,48,243,218,25,0,0,0,23582,182,23400,23174,22386,580,95,105,0,8,226,202,24,0,0,0,13925,12062,1863
Geauga County,OH,50,2,3,39,55,1036420180,21054534,93389,36574,41.4993217,-81.1735054,93389,92601,90514,1198,75,557,11,246,788,757,221,218,199,17,48,17,8,0,4,6,2,3,6,8,0,31,0,0,0,93389,1001,92388,91655,89766,1187,61,552,11,78,733,706,27,0,0,0,69152,68799,67309,897,55,390,7,141,353,336,17,0,0,0,69152,585,68567,68232,66858,893,50,385,7,39,335,320,15,0,0,0,36574,34264,2310
Greene County,OH,50,2,3,39,57,1071554325,6542481,161573,68241,39.6874785,-83.8948943,161573,157431,139670,11681,428,4703,89,860,4142,3813,1508,776,944,59,151,100,91,11,46,11,2,13,27,67,7,303,18,8,0,161573,3439,158134,154318,137440,11506,367,4663,81,261,3816,3536,262,13,5,0,126440,124423,110516,9246,322,3716,66,557,2017,1820,179,12,6,0,126440,2306,124134,122280,109004,9118,292,3685,61,120,1854,1690,154,7,3,0,68241,62770,5471
Guernsey County,OH,50,2,3,39,59,1352631007,15666026,40087,19193,40.0566648,-81.497875,40087,39372,38486,590,100,110,10,76,715,636,322,178,56,5,42,18,5,0,6,0,1,1,1,1,0,75,4,0,0,40087,349,39738,39085,38276,580,86,109,8,26,653,585,65,3,0,0,30472,30169,29557,394,79,87,6,46,303,270,31,2,0,0,30472,194,30278,29999,29434,392,68,86,6,13,279,250,27,2,0,0,19193,16210,2983
Hamilton County,OH,50,2,3,39,61,1051302780,17407186,802374,377364,39.1969272,-84.5441868,802374,785188,552330,205952,1617,16182,603,8504,17186,15728,7640,1981,2598,130,969,970,467,105,366,59,10,63,66,262,42,1350,93,14,1,802374,20607,781767,766459,542273,204748,1219,16080,474,1665,15308,14073,1160,64,10,1,612734,604848,439706,145381,1238,12859,399,5265,7886,7093,731,48,13,1,612734,13320,599414,592475,433073,144610,998,12780,320,694,6939,6259,635,34,10,1,377364,333945,43419
Hancock County,OH,50,2,3,39,63,1376210257,5959835,74782,33174,41.0004711,-83.6660335,74782,73454,69828,1158,167,1263,12,1026,1328,1251,511,204,183,14,248,22,12,0,18,2,0,10,2,24,1,74,3,0,0,74782,3363,71419,70436,67888,1084,127,1258,11,68,983,929,54,0,0,0,57154,56619,54027,826,129,957,9,671,535,504,31,0,0,0,57154,2002,55152,54746,52861,797,102,955,8,23,406,381,25,0,0,0,33174,30197,2977
Hardin County,OH,50,2,3,39,65,1218342731,629922,32058,13100,40.6604152,-83.6640773,32058,31642,30990,259,52,182,12,147,416,393,160,133,65,0,23,3,0,0,4,0,0,1,1,1,2,23,0,0,0,32058,407,31651,31275,30774,255,44,180,3,19,376,356,20,0,0,0,24498,24284,23772,211,42,146,9,104,214,198,16,0,0,0,24498,255,24243,24042,23643,208,35,144,3,9,201,187,14,0,0,0,13100,11762,1338
Harrison County,OH,50,2,3,39,67,1042052713,21829291,15864,8170,40.2923175,-81.0915651,15864,15608,15216,330,16,22,2,22,256,238,123,77,14,4,11,0,3,0,0,0,0,4,2,0,0,18,0,0,0,15864,79,15785,15541,15169,324,13,22,1,12,244,227,17,0,0,0,12392,12283,11974,268,12,16,1,12,109,101,8,0,0,0,12392,49,12343,12242,11944,264,9,16,1,8,101,93,8,0,0,0,8170,6526,1644
Henry County,OH,50,2,3,39,69,1077461447,9687602,28215,11963,41.3350722,-84.0658816,28215,27845,26857,117,89,105,2,675,370,363,64,99,38,1,146,5,0,1,2,1,0,4,0,2,0,6,1,0,0,28215,1860,26355,26150,25861,103,73,103,0,10,205,199,5,1,0,0,21121,20949,20288,75,61,65,0,460,172,166,5,1,0,0,21121,1103,20018,19908,19718,72,47,64,0,7,110,105,4,1,0,0,11963,10934,1029
Highland County,OH,50,2,3,39,71,1432479939,12195011,43589,19380,39.1844883,-83.6036681,43589,42921,42042,604,111,102,3,59,668,643,313,193,48,5,49,20,6,0,2,1,1,0,1,3,1,25,0,0,0,43589,319,43270,42673,41852,597,99,99,1,25,597,575,22,0,0,0,32497,32202,31559,450,82,80,1,30,295,283,12,0,0,0,32497,174,32323,32058,31454,446,71,77,1,9,265,255,10,0,0,0,19380,16693,2687
Hocking County,OH,50,2,3,39,73,1091222019,5969586,29380,13417,39.4903425,-82.4834447,29380,29051,28639,217,96,47,3,49,329,301,87,146,34,3,16,2,0,0,2,0,0,0,2,3,6,27,1,0,0,29380,198,29182,28877,28509,215,88,47,3,15,305,283,22,0,0,0,22375,22202,21874,178,72,37,3,38,173,159,13,1,0,0,22375,127,22248,22084,21788,176,67,37,3,13,164,153,11,0,0,0,13417,11369,2048
Holmes County,OH,50,2,3,39,75,1094355785,3745395,42366,13666,40.5653086,-81.9298686,42366,42148,41826,126,29,49,19,99,218,200,52,97,22,8,11,5,1,0,1,0,0,1,2,0,0,18,0,0,0,42366,329,42037,41836,41607,123,22,49,19,16,201,185,16,0,0,0,27855,27735,27527,88,22,31,12,55,120,112,8,0,0,0,27855,192,27663,27549,27398,85,18,31,12,5,114,106,8,0,0,0,13666,12554,1112
Huron County,OH,50,2,3,39,77,1272965600,8615850,59626,25196,41.1450798,-82.594641,59626,58664,56556,614,127,175,10,1182,962,919,388,273,77,18,125,6,4,0,4,0,3,0,2,13,6,42,0,1,0,59626,3333,56293,55527,54649,560,116,170,10,22,766,736,29,0,1,0,43959,43550,42177,443,98,121,8,703,409,393,15,0,1,0,43959,1903,42056,41719,41076,421,91,117,8,6,337,327,9,0,1,0,25196,22820,2376
Jackson County,OH,50,2,3,39,79,1088582018,3184785,33225,14587,39.0134773,-82.614142,33225,32772,32267,193,120,109,12,71,453,442,117,261,30,5,22,2,0,0,0,1,0,0,3,1,0,10,1,0,0,33225,265,32960,32538,32096,191,115,109,12,15,422,411,10,1,0,0,25070,24817,24464,134,95,74,8,42,253,244,8,1,0,0,25070,156,24914,24674,24363,133,93,74,8,3,240,231,8,1,0,0,14587,13010,1577
Jefferson County,OH,50,2,3,39,81,1057566189,6796784,69709,32826,40.399188,-80.7614097,69709,68499,64077,3879,96,288,9,150,1210,1138,658,228,106,19,43,44,4,2,16,2,0,4,2,7,3,68,3,1,0,69709,773,68936,67821,63519,3856,88,284,8,66,1115,1062,51,2,0,0,55655,55130,51911,2805,87,225,8,94,525,483,39,2,1,0,55655,533,55122,54638,51509,2795,80,221,7,26,484,452,31,1,0,0,32826,29109,3717
Knox County,OH,50,2,3,39,83,1361024108,10719185,60921,25118,40.4036198,-82.422393,60921,60180,58933,496,123,350,16,262,741,705,265,221,123,10,62,9,2,0,0,0,0,1,8,4,0,34,1,1,0,60921,737,60184,59515,58498,485,116,348,16,52,669,637,30,1,1,0,46220,45836,44923,370,96,274,11,162,384,370,13,0,1,0,46220,455,45765,45411,44642,362,92,273,11,31,354,342,11,0,1,0,25118,22607,2511
Lake County,OH,50,2,3,39,85,589203623,1946906118,230041,101202,41.9241163,-81.3926429,230041,226515,212713,7306,273,2611,35,3577,3526,3309,1459,621,601,54,314,74,29,4,64,5,1,12,15,52,4,192,21,4,0,230041,7825,222216,219176,208994,7156,234,2586,31,175,3040,2873,151,12,4,0,179015,177564,168021,5218,220,2011,26,2068,1451,1343,94,10,4,0,179015,4469,174546,173292,165857,5142,194,1996,22,81,1254,1169,76,5,4,0,101202,94156,7046
Lawrence County,OH,50,2,3,39,87,1174224238,10110468,62450,27603,38.6038659,-82.5171856,62450,61605,59864,1278,121,241,5,96,845,777,418,222,64,6,37,5,1,4,4,5,0,2,4,5,0,64,4,0,0,62450,445,62005,61218,59547,1267,111,240,3,50,787,727,56,4,0,0,47801,47389,46104,976,102,162,5,40,412,376,33,3,0,0,47801,256,47545,47156,45913,970,94,161,3,15,389,355,31,3,0,0,27603,24974,2629
Licking County,OH,50,2,3,39,89,1767667183,12927054,166492,69291,40.0936093,-82.4812506,166492,163324,155190,5701,462,1237,36,698,3168,3003,1354,782,420,44,216,64,29,5,21,7,1,9,14,33,4,150,8,7,0,166492,2312,164180,161330,153811,5643,436,1224,33,183,2850,2719,120,8,3,0,125367,124039,118352,3948,348,944,26,421,1328,1255,65,3,5,0,125367,1385,123982,122777,117496,3909,332,934,23,83,1205,1147,53,3,2,0,69291,63989,5302
Logan County,OH,50,2,3,39,91,1187326601,21608810,45858,23181,40.3875532,-83.766343,45858,44981,43722,742,115,242,16,144,877,832,469,172,95,10,38,32,3,0,3,3,0,1,3,3,0,38,7,0,0,45858,539,45319,44509,43385,728,102,238,16,40,810,771,32,7,0,0,34239,33913,33045,532,86,168,12,70,326,308,15,3,0,0,34239,293,33946,33642,32847,525,75,168,12,15,304,290,11,3,0,0,23181,18111,5070
Lorain County,OH,50,2,3,39,93,1271946706,1119471339,301356,127036,41.4388045,-82.179722,301356,292362,255410,25799,883,2811,49,7410,8994,8379,3975,1450,847,36,1132,265,71,13,365,18,6,38,16,72,75,590,22,3,0,301356,25290,276066,269562,241543,24289,635,2758,35,302,6504,6114,375,12,3,0,229278,225677,199704,18172,664,2141,35,4961,3601,3366,219,13,3,0,229278,15449,213829,211210,190861,17562,500,2113,26,148,2619,2456,153,7,3,0,127036,116274,10762
Lucas County,OH,50,2,3,39,95,882810658,660502949,441815,202630,41.6823213,-83.4688665,441815,427926,326868,83926,1349,6764,113,8906,13889,12870,6201,1647,1456,67,1984,491,150,65,552,22,2,55,31,121,26,960,46,9,4,441815,26974,414841,404537,313596,82541,955,6676,91,678,10304,9589,688,22,1,4,335678,330007,258830,58989,1045,5339,90,5714,5671,5210,435,18,7,1,335678,15839,319839,315459,250700,58344,768,5277,75,295,4380,4007,362,10,0,1,202630,180267,22363
Madison County,OH,50,2,3,39,97,1206610780,1954541,43435,15939,39.8966074,-83.4008847,43435,42787,39364,2862,105,232,10,214,648,614,294,169,76,8,43,5,3,1,6,1,0,1,0,6,1,32,2,0,0,43435,622,42813,42226,38994,2852,88,231,8,53,587,556,29,2,0,0,33628,33361,30362,2609,70,173,8,139,267,248,17,2,0,0,33628,363,33265,33016,30153,2604,61,172,6,20,249,231,16,2,0,0,15939,14734,1205
Mahoning County,OH,50,2,3,39,99,1066098928,35386274,238823,111833,41.0108798,-80.7703956,238823,233923,190848,37433,491,1682,51,3418,4900,4493,2075,696,480,36,484,277,67,25,261,6,3,15,13,37,18,376,25,5,1,238823,11136,227687,223954,185230,36400,392,1647,36,249,3733,3441,280,9,2,1,187485,185264,154579,26667,395,1307,40,2276,2221,2021,182,13,4,1,187485,7387,180098,178411,150564,26108,317,1287,31,104,1687,1533,146,6,1,1,111833,98712,13121
Marion County,OH,50,2,3,39,101,1045726869,908586,66501,27834,40.5882082,-83.1729272,66501,65370,60565,3807,113,335,34,516,1131,1063,568,271,83,12,78,14,2,0,11,1,0,12,6,5,0,61,4,3,0,66501,1503,64998,63993,59733,3754,97,326,27,56,1005,948,54,3,0,0,51772,51297,47329,3278,89,264,21,316,475,438,32,3,2,0,51772,897,50875,50447,46829,3247,83,260,17,11,428,395,31,2,0,0,27834,24691,3143
Medina County,OH,50,2,3,39,103,1091310901,4294303,172332,69181,41.1160512,-81.8995658,172332,170246,165642,2027,247,1660,18,652,2086,2007,697,612,409,24,169,15,14,0,18,8,1,3,5,31,1,72,1,6,0,172332,2747,169585,167751,163794,1982,216,1638,17,104,1834,1782,46,0,6,0,128591,127692,124580,1359,187,1190,12,364,899,867,29,0,3,0,128591,1519,127072,126260,123521,1333,170,1175,12,49,812,789,20,0,3,0,69181,65143,4038
Meigs County,OH,50,2,3,39,105,1113949889,7519799,23770,11191,39.0898068,-82.0283968,23770,23492,23150,206,54,51,1,30,278,257,91,113,24,0,24,3,0,0,1,0,0,0,0,1,0,8,13,0,0,23770,115,23655,23401,23087,202,50,51,1,10,254,233,8,13,0,0,18356,18200,17956,154,44,31,1,14,156,145,5,6,0,0,18356,63,18293,18148,17922,152,42,31,1,0,145,134,5,6,0,0,11191,9557,1634
Mercer County,OH,50,2,3,39,107,1197736887,28427397,40814,17633,40.5353325,-84.6320588,40814,40444,39761,101,101,181,71,229,370,347,122,102,60,3,46,0,3,0,4,1,0,0,0,5,1,23,0,0,0,40814,614,40200,39893,39453,91,83,180,68,18,307,287,20,0,0,0,30041,29886,29441,64,79,128,33,141,155,138,17,0,0,0,30041,338,29703,29572,29278,59,67,127,33,8,131,117,14,0,0,0,17633,15532,2101
Miami County,OH,50,2,3,39,109,1053037884,7966574,102506,44256,40.0533257,-84.2284135,102506,100696,96722,2084,189,1218,15,468,1810,1728,943,373,221,13,93,25,3,0,17,3,1,6,6,23,1,80,2,0,0,102506,1341,101165,99480,95908,2063,173,1213,13,110,1685,1608,76,1,0,0,77738,77048,74281,1491,148,866,12,250,690,659,30,1,0,0,77738,766,76972,76328,73798,1479,140,865,12,34,644,614,29,1,0,0,44256,40917,3339
Monroe County,OH,50,2,3,39,111,1180312425,4498230,14642,7567,39.7259688,-81.0906582,14642,14470,14358,61,17,16,2,16,172,162,22,105,18,4,7,1,0,0,0,0,0,1,0,4,0,10,0,0,0,14642,59,14583,14420,14326,60,16,16,1,1,163,154,9,0,0,0,11495,11395,11325,36,14,15,1,4,100,92,8,0,0,0,11495,27,11468,11370,11306,35,13,15,1,0,98,91,7,0,0,0,7567,6065,1502
Montgomery County,OH,50,2,3,39,113,1195417263,7204078,535153,254775,39.7552177,-84.2905455,535153,522306,395272,111870,1242,9273,177,4472,12847,11766,5442,1918,2077,125,623,636,306,63,295,23,6,13,53,165,21,976,88,16,1,535153,12177,522976,511400,388917,111105,1096,9195,163,924,11576,10640,855,66,14,1,411874,405820,314620,80135,957,7150,135,2823,6054,5474,525,45,9,1,411874,7629,404245,398737,310549,79706,857,7095,129,401,5508,4995,470,33,9,1,254775,223943,30832
Morgan County,OH,50,2,3,39,115,1078531138,13882026,15054,7892,39.6249463,-81.8616989,15054,14564,14030,432,52,17,0,33,490,386,216,104,23,3,6,22,3,4,2,0,0,1,0,2,0,104,0,0,0,15054,97,14957,14487,13972,428,44,17,0,26,470,366,104,0,0,0,11534,11268,10857,337,46,14,0,14,266,193,73,0,0,0,11534,67,11467,11218,10820,333,41,14,0,10,249,176,73,0,0,0,7892,6034,1858
Morrow County,OH,50,2,3,39,117,1051738690,2959338,34827,14155,40.5252659,-82.7977288,34827,34373,34025,121,45,88,9,85,454,422,111,213,48,14,25,3,1,0,2,0,2,0,1,2,0,28,4,0,0,34827,380,34447,34037,33772,117,40,84,9,15,410,380,26,4,0,0,25834,25599,25368,70,34,67,6,54,235,221,12,2,0,0,25834,218,25616,25393,25215,67,33,64,6,8,223,210,11,2,0,0,14155,12855,1300
Muskingum County,OH,50,2,3,39,119,1721250930,20731394,86074,38074,39.9660457,-81.9435064,86074,83964,80020,3256,187,287,15,199,2110,1864,1194,365,137,15,53,50,9,4,26,3,0,0,3,2,3,233,10,3,0,86074,650,85424,83413,79600,3214,169,285,14,131,2011,1777,223,9,2,0,65423,64523,61700,2353,144,213,14,99,900,748,143,6,3,0,65423,360,65063,64202,61458,2331,138,211,13,51,861,713,141,5,2,0,38074,34271,3803
Noble County,OH,50,2,3,39,121,1030846973,16986236,14645,6053,39.7672316,-81.4526037,14645,14530,14072,368,42,20,3,25,115,108,26,59,12,2,7,0,1,0,0,0,0,0,1,0,0,4,2,1,0,14645,52,14593,14483,14036,368,42,20,3,14,110,103,4,2,1,0,11848,11776,11345,365,34,15,3,14,72,69,3,0,0,0,11848,35,11813,11746,11319,365,34,15,3,10,67,64,3,0,0,0,6053,4852,1201
Ottawa County,OH,50,2,3,39,123,660231276,855075189,41428,27909,41.5444667,-83.0092527,41428,40873,39968,324,67,116,7,391,555,528,193,145,50,5,114,2,0,0,7,0,0,4,6,2,0,27,0,0,0,41428,1755,39673,39276,38780,302,57,114,7,16,397,383,14,0,0,0,32833,32586,31940,226,60,72,7,281,247,239,8,0,0,0,32833,1104,31729,31555,31197,221,52,71,7,7,174,167,7,0,0,0,27909,17503,10406
Paulding County,OH,50,2,3,39,125,1078568733,6240863,19614,8749,41.1191409,-84.5769665,19614,19301,18767,173,65,38,2,256,313,283,85,97,16,3,72,2,0,0,3,0,0,1,0,3,1,29,1,0,0,19614,838,18776,18602,18348,158,51,38,2,5,174,166,8,0,0,0,14676,14525,14155,120,46,20,2,182,151,134,16,1,0,0,14676,494,14182,14090,13917,111,39,20,2,1,92,86,6,0,0,0,8749,7769,980
Perry County,OH,50,2,3,39,127,1056641254,11695036,36058,15211,39.7431874,-82.2379525,36058,35566,35290,93,87,37,7,52,492,468,95,270,33,16,42,5,0,0,2,0,1,1,1,1,1,21,1,2,0,36058,195,35863,35405,35170,92,86,37,6,14,458,436,20,1,1,0,26627,26343,26156,58,70,28,6,25,284,271,10,1,2,0,26627,120,26507,26236,26075,57,69,28,5,2,271,259,10,1,1,0,15211,13576,1635
Pickaway County,OH,50,2,3,39,129,1298414026,13551313,55698,21275,39.648947,-83.0528267,55698,55023,52655,1881,108,212,11,156,675,638,237,242,95,6,38,6,2,3,5,3,0,0,1,0,0,35,1,1,0,55698,588,55110,54491,52259,1876,96,206,11,43,619,584,33,1,1,0,42541,42244,40184,1727,85,143,6,99,297,284,12,0,1,0,42541,355,42186,41904,39938,1723,80,137,6,20,282,271,10,0,1,0,21275,19624,1651
Pike County,OH,50,2,3,39,131,1140324043,9568074,28709,12481,39.0713645,-83.0529207,28709,28240,27729,258,150,55,4,44,469,446,154,237,33,5,14,1,0,0,0,1,0,1,0,0,0,20,2,1,0,28709,207,28502,28071,27610,251,138,55,3,14,431,408,20,2,1,0,21589,21318,20920,203,120,40,4,31,271,252,16,2,1,0,21589,127,21462,21208,20844,198,115,40,3,8,254,235,16,2,1,0,12481,11012,1469
Portage County,OH,50,2,3,39,133,1262311075,43207960,161419,67472,41.1686399,-81.1969318,161419,158677,148936,6687,296,2305,40,413,2742,2551,1109,596,437,44,175,70,26,5,21,5,2,4,21,34,2,170,16,5,0,161419,2073,159346,156873,147527,6611,274,2283,33,145,2473,2310,148,10,5,0,127741,126344,118887,4963,238,1945,34,277,1397,1286,99,8,4,0,127741,1408,126333,125081,117921,4906,222,1925,29,78,1252,1157,87,4,4,0,67472,62222,5250
Preble County,OH,50,2,3,39,135,1098465120,6065406,42270,17888,39.7379056,-84.6453581,42270,41775,41242,180,92,170,2,89,495,474,126,237,61,4,34,2,1,2,1,0,0,6,0,0,0,14,0,0,7,42270,254,42016,41558,41088,177,82,170,2,39,458,437,14,0,0,7,32032,31765,31408,123,74,115,1,44,267,255,8,0,0,4,32032,135,31897,31646,31326,121,67,115,1,16,251,239,8,0,0,4,17888,16341,1547
Putnam County,OH,50,2,3,39,137,1249725444,4605035,34499,13731,41.0245334,-84.1298791,34499,34186,33012,94,74,81,4,921,313,298,64,49,24,4,143,4,1,0,8,0,0,1,0,0,0,15,0,0,0,34499,1890,32609,32456,32246,79,46,78,3,4,153,143,10,0,0,0,25299,25191,24449,48,59,46,4,585,108,104,4,0,0,0,25299,1083,24216,24151,24024,43,37,43,3,1,65,62,3,0,0,0,13731,12872,859
Richland County,OH,50,2,3,39,139,1282739691,12454453,124475,54599,40.7741674,-82.5427146,124475,122103,108870,11709,240,808,37,439,2372,2239,1203,544,208,41,110,60,13,6,23,8,1,1,7,14,0,115,14,4,0,124475,1732,122743,120541,107726,11612,218,800,32,153,2202,2093,91,14,4,0,96456,95486,85132,9260,193,613,30,258,970,906,53,7,4,0,96456,1124,95332,94426,84367,9191,176,609,28,55,906,851,44,7,4,0,54599,48921,5678
Ross County,OH,50,2,3,39,141,1784988075,9937459,78064,32148,39.3237625,-83.0595848,78064,76432,70835,4840,232,300,9,216,1632,1504,738,501,121,8,67,40,3,6,4,3,0,0,9,4,0,120,8,0,0,78064,748,77316,75802,70378,4804,212,295,7,106,1514,1408,101,5,0,0,60479,59723,54933,4237,199,229,9,116,756,699,55,2,0,0,60479,462,60017,59303,54627,4216,182,224,7,47,714,663,49,2,0,0,32148,28919,3229
Sandusky County,OH,50,2,3,39,143,1057888420,23968158,60944,26390,41.3552905,-83.142735,60944,59349,55579,1712,132,189,7,1730,1595,1532,692,264,81,14,433,5,10,0,19,1,2,4,1,6,0,62,0,1,0,60944,5435,55509,54498,52527,1624,96,185,7,59,1011,978,32,0,1,0,46076,45521,42967,1148,107,144,5,1150,555,530,24,0,1,0,46076,3246,42830,42472,41101,1124,77,142,5,23,358,340,17,0,1,0,26390,24182,2208
Scioto County,OH,50,2,3,39,145,1580445008,15370337,79499,34142,38.8150188,-82.9990277,79499,78133,75045,2129,434,250,10,265,1366,1289,479,589,66,31,69,26,10,2,11,2,1,0,0,3,0,73,3,1,0,79499,888,78611,77350,74531,2107,395,248,10,59,1261,1193,68,0,0,0,61409,60683,58188,1776,360,195,8,156,726,687,38,0,1,0,61409,529,60880,60205,57892,1762,329,193,8,21,675,640,35,0,0,0,34142,30870,3272
Seneca County,OH,50,2,3,39,147,1427127830,4600437,56745,24122,41.1200082,-83.1274357,56745,55678,53183,1305,109,324,10,747,1067,1014,549,180,64,5,155,18,3,3,22,1,0,6,5,1,2,52,1,0,0,56745,2524,54221,53428,51739,1227,84,321,6,51,793,765,27,1,0,0,43377,42943,41134,971,82,256,9,491,434,411,22,1,0,0,43377,1459,41918,41582,40297,947,65,254,5,14,336,318,17,1,0,0,24122,21774,2348
Shelby County,OH,50,2,3,39,149,1055874043,7814034,49423,20173,40.3366802,-84.2041425,49423,48505,46793,935,78,423,48,228,918,880,509,159,73,26,80,2,5,2,7,2,2,0,5,8,0,30,7,1,0,49423,661,48762,47941,46423,928,76,421,48,45,821,793,22,5,1,0,35921,35614,34414,657,63,314,31,135,307,288,15,3,1,0,35921,370,35551,35274,34202,653,61,313,31,14,277,262,13,1,1,0,20173,18467,1706
Stark County,OH,50,2,3,39,151,1489943930,13628090,375586,165215,40.8141314,-81.3656673,375586,367258,333191,28537,961,2764,85,1720,8328,7731,4469,1480,774,51,389,306,45,15,100,13,18,16,15,34,6,575,20,2,0,375586,5965,369621,361934,329497,28272,808,2736,63,558,7687,7171,499,16,1,0,289600,286296,262643,19830,755,2036,62,970,3304,3033,260,10,1,0,289600,3670,285930,282883,260282,19694,638,2013,49,207,3047,2803,234,9,1,0,165215,151089,14126
Summit County,OH,50,2,3,39,153,1069012672,18926101,541781,245109,41.1218513,-81.5349361,541781,530242,436487,78120,1015,11885,133,2602,11539,10626,5158,1843,1822,85,494,564,167,26,226,33,1,20,40,137,10,849,57,7,0,541781,8660,533121,522612,431624,77373,901,11841,118,755,10509,9740,727,37,5,0,418206,413070,346805,55094,804,8724,85,1558,5136,4661,440,28,7,0,418206,5406,412800,408126,343651,54658,728,8694,79,316,4674,4261,392,16,5,0,245109,222781,22328
Trumbull County,OH,50,2,3,39,155,1601380581,47321209,210312,96163,41.3089364,-80.7676557,210312,206586,187113,17417,360,984,41,671,3726,3488,1897,794,348,22,175,109,23,5,70,5,5,10,6,17,2,213,19,6,0,210312,2801,207511,204145,185388,17200,326,979,36,216,3366,3173,179,9,5,0,163680,162189,148179,12520,286,795,30,379,1491,1391,89,7,4,0,163680,1674,162006,160665,147112,12395,265,792,28,73,1341,1257,75,6,3,0,96163,86011,10152
Tuscarawas County,OH,50,2,3,39,157,1470169796,9880933,92582,40206,40.4474411,-81.471157,92582,91448,89393,719,232,289,175,640,1134,1085,416,367,114,26,112,6,5,3,9,2,0,11,0,6,8,48,1,0,0,92582,1767,90815,89841,88614,696,133,286,72,40,974,935,39,0,0,0,70618,70121,68645,513,186,213,150,414,497,477,20,0,0,0,70618,1131,69487,69036,68144,498,112,211,56,15,451,433,18,0,0,0,40206,36965,3241
Union County,OH,50,2,3,39,159,1118175978,13317479,52300,19429,40.2959008,-83.3670416,52300,51558,48587,1231,119,1428,19,174,742,686,214,183,186,9,46,13,0,0,5,5,1,0,2,22,0,52,4,0,0,52300,661,51639,50961,48169,1202,110,1419,16,45,678,629,47,2,0,0,38050,37721,35471,1085,93,961,10,101,329,305,24,0,0,0,38050,384,37666,37363,35227,1068,86,956,8,18,303,280,23,0,0,0,19429,18065,1364
Van Wert County,OH,50,2,3,39,161,1059715168,3281854,28744,12615,40.8555203,-84.5857751,28744,28346,27762,250,42,66,3,223,398,379,171,75,42,3,83,2,0,0,0,0,0,2,1,0,0,14,5,0,0,28744,740,28004,27704,27351,237,36,65,2,13,300,286,9,5,0,0,21580,21429,21050,142,31,45,2,159,151,143,7,1,0,0,21580,428,21152,21038,20825,138,28,44,2,1,114,106,7,1,0,0,12615,11439,1176
Vinton County,OH,50,2,3,39,163,1068008560,6781295,13435,6291,39.2520144,-82.485961,13435,13282,13157,39,50,23,1,12,153,141,30,85,12,0,5,3,0,0,0,2,0,0,4,0,0,8,4,0,0,13435,71,13364,13214,13103,37,46,23,1,4,150,139,8,3,0,0,10100,10010,9919,26,35,21,1,8,90,85,4,1,0,0,10100,42,10058,9968,9886,26,33,21,1,1,90,85,4,1,0,0,6291,5260,1031
Warren County,OH,50,2,3,39,165,1039398003,15537776,212693,80750,39.4256516,-84.1699063,212693,209509,192431,6940,341,8284,99,1414,3184,3008,855,657,1002,52,203,19,37,0,35,13,2,4,30,96,3,157,9,10,0,212693,4784,207909,205058,189305,6838,289,8261,93,272,2851,2710,123,8,10,0,154218,152905,140834,5530,241,5406,71,823,1313,1231,75,1,6,0,154218,2757,151461,150287,139015,5475,213,5385,67,132,1174,1108,60,0,6,0,80750,76424,4326
Washington County,OH,50,2,3,39,167,1636799113,20785159,61778,28367,39.4506837,-81.4906531,61778,60876,59599,664,135,341,14,123,902,786,269,307,114,14,39,20,2,2,9,2,0,3,1,3,1,113,1,2,0,61778,461,61317,60464,59281,657,128,341,9,48,853,740,110,1,2,0,48837,48319,47264,547,111,297,11,89,518,445,70,1,2,0,48837,274,48563,48066,47069,543,108,297,8,41,497,426,68,1,2,0,28367,25587,2780
Wayne County,OH,50,2,3,39,169,1437258280,4889717,114520,45847,40.8296612,-81.8871942,114520,112905,109543,1712,183,874,26,567,1615,1530,660,426,217,29,119,20,11,3,14,0,1,9,8,10,3,78,5,2,0,114520,1800,112720,111283,108450,1689,152,864,22,106,1437,1366,65,4,2,0,85375,84657,82229,1247,136,651,19,375,718,679,36,1,2,0,85375,1090,84285,83630,81575,1236,114,642,16,47,655,619,33,1,2,0,45847,42638,3209
Williams County,OH,50,2,3,39,171,1090295507,5507072,37642,16668,41.5649581,-84.5843225,37642,37194,36117,363,85,214,7,408,448,431,107,138,55,6,113,2,0,0,6,1,0,0,1,2,0,17,0,0,0,37642,1390,36252,35939,35283,358,65,212,7,14,313,301,12,0,0,0,28723,28515,27706,294,69,148,6,292,208,201,7,0,0,0,28723,826,27897,27745,27243,291,49,148,6,8,152,147,5,0,0,0,16668,15075,1593
Wood County,OH,50,2,3,39,173,1598552653,8510057,125488,53376,41.3601834,-83.6226821,125488,123309,116422,3022,286,1943,37,1599,2179,2045,596,487,413,16,376,37,13,7,27,7,0,7,9,45,5,127,7,0,0,125488,5663,119825,118217,113021,2906,232,1924,30,104,1608,1511,94,3,0,0,98213,97099,91745,2464,232,1500,28,1130,1114,1031,76,7,0,0,98213,3553,94660,93796,89630,2408,195,1487,22,54,864,799,62,3,0,0,53376,49043,4333
Wyandot County,OH,50,2,3,39,175,1053775281,1783531,22615,9870,40.8401221,-83.3131722,22615,22383,21924,44,37,134,4,240,232,227,63,85,34,0,41,0,0,0,0,0,0,1,0,3,0,3,0,0,2,22615,504,22111,21937,21727,42,27,133,4,4,174,171,1,0,0,2,17114,17001,16693,24,28,92,2,162,113,109,2,0,0,2,17114,293,16821,16734,16596,23,20,91,2,2,87,85,0,0,0,2,9870,9091,779
Adair County,OK,50,3,7,40,1,1485298113,9261716,22683,9142,35.8975,-94.6516708,22683,20298,9757,55,9823,130,1,532,2385,2330,15,2153,16,2,55,12,0,0,3,6,4,62,2,0,0,55,0,0,0,22683,1197,21486,19276,9558,53,9528,129,1,7,2210,2177,33,0,0,0,16326,14905,7979,31,6456,84,1,354,1421,1403,18,0,0,0,16326,620,15706,14341,7864,30,6356,83,1,7,1365,1349,16,0,0,0,9142,8156,986
Alfalfa County,OK,50,3,7,40,3,2244106958,38546713,5642,2763,36.7297032,-98.3234449,5642,5522,5042,229,162,14,0,75,120,111,17,68,2,0,14,8,0,0,1,1,0,0,0,0,0,9,0,0,0,5642,224,5418,5310,4923,224,151,11,0,1,108,103,5,0,0,0,4624,4546,4116,225,137,11,0,57,78,74,4,0,0,0,4624,171,4453,4381,4019,222,131,9,0,0,72,69,3,0,0,0,2763,2022,741
Atoka County,OK,50,3,7,40,5,2526578130,37283206,14182,6312,34.3748131,-96.0347049,14182,13173,10460,529,1964,55,7,158,1009,956,54,794,17,1,24,52,0,0,0,3,4,7,0,0,0,52,1,0,0,14182,409,13773,12816,10318,527,1902,55,7,7,957,906,51,0,0,0,10834,10231,8388,439,1243,48,7,106,603,585,18,0,0,0,10834,236,10598,10017,8304,438,1215,48,7,5,581,564,17,0,0,0,6312,5391,921
Beaver County,OK,50,3,7,40,7,4699978363,7347183,5636,2670,36.7483343,-100.4830555,5636,5462,4664,44,61,7,0,686,174,167,12,69,5,3,71,0,3,0,0,0,0,0,0,4,0,7,0,0,0,5636,1135,4501,4412,4313,31,55,7,0,6,89,84,5,0,0,0,4167,4063,3584,19,39,7,0,414,104,102,2,0,0,0,4167,681,3486,3425,3369,13,34,7,0,2,61,60,1,0,0,0,2670,2192,478
Beckham County,OK,50,3,7,40,9,2335665049,5527162,22119,9647,35.2739452,-99.6716381,22119,21493,18805,876,615,178,2,1017,626,605,97,289,20,5,141,21,1,0,2,2,0,9,1,17,0,21,0,0,0,22119,2619,19500,19062,17459,842,565,173,2,21,438,425,13,0,0,0,16781,16453,14456,748,386,144,2,717,328,315,13,0,0,0,16781,1886,14895,14655,13423,720,352,143,2,15,240,231,9,0,0,0,9647,8163,1484
Blaine County,OK,50,3,7,40,11,2404607766,26851771,11943,5193,35.877782,-98.4289343,11943,11491,9518,313,950,26,3,681,452,420,50,220,11,0,76,37,0,0,4,2,7,10,0,1,2,29,3,0,0,11943,2873,9070,8735,7512,298,900,21,2,2,335,310,25,0,0,0,9391,9191,7785,241,628,20,3,514,200,194,5,1,0,0,9391,2488,6903,6760,5909,233,600,15,2,1,143,140,3,0,0,0,5193,3959,1234
Bryan County,OK,50,3,7,40,13,2342567959,102228720,42416,19586,33.9640035,-96.2641365,42416,39420,32316,652,5492,217,11,732,2996,2881,147,2444,51,17,76,109,3,0,3,10,2,13,1,4,1,114,1,0,0,42416,2107,40309,37543,31294,640,5366,214,11,18,2766,2679,86,1,0,0,32503,30662,25898,512,3613,166,8,465,1841,1806,35,0,0,0,32503,1248,31255,29504,25259,506,3556,165,8,10,1751,1723,28,0,0,0,19586,16838,2748
Caddo County,OK,50,3,7,40,15,3310753325,30820558,29600,13141,35.1679202,-98.3810447,29600,27813,18668,820,7262,72,14,977,1787,1672,130,1154,29,5,63,179,6,0,6,16,4,72,5,1,2,112,3,0,0,29600,2995,26605,25137,17618,804,6621,72,10,12,1468,1375,90,3,0,0,22111,21214,14975,730,4758,55,12,684,897,860,35,2,0,0,22111,1918,20193,19435,14214,716,4433,55,10,7,758,730,26,2,0,0,13141,10645,2496
Canadian County,OK,50,3,7,40,17,2322250237,23244265,115541,45810,35.543416,-97.9798358,115541,110789,96058,2933,5549,3483,70,2696,4752,4507,627,2670,394,40,452,141,35,0,29,24,0,43,14,36,2,222,18,5,0,115541,7794,107747,103780,92120,2820,5240,3459,59,82,3967,3775,174,17,1,0,84447,82158,72095,2196,3613,2575,54,1625,2289,2207,73,6,3,0,84447,4495,79952,77944,69695,2138,3456,2559,47,49,2008,1940,61,6,1,0,45810,42434,3376
Carter County,OK,50,3,7,40,19,2129424630,30016294,47557,21148,34.2518484,-97.2879273,47557,44418,35380,3208,4249,506,9,1066,3139,2977,336,1910,74,18,172,387,8,1,10,8,0,28,1,14,10,155,7,0,0,47557,2528,45029,42241,34498,3134,4080,502,8,19,2788,2651,134,3,0,0,35310,33717,27646,2330,2717,353,5,666,1593,1544,46,3,0,0,35310,1427,33883,32417,27116,2297,2642,351,5,6,1466,1425,40,1,0,0,21148,18635,2513
Cherokee County,OK,50,3,7,40,21,1940956597,69625855,46987,21455,35.9043668,-94.9967964,46987,42688,24567,598,15987,272,16,1248,4299,4155,111,3636,50,7,84,163,2,0,3,25,6,57,2,6,3,144,0,0,0,46987,2952,44035,40024,23591,582,15572,250,14,15,4011,3906,105,0,0,0,35654,32928,20667,482,10766,222,15,776,2726,2682,44,0,0,0,35654,1676,33978,31362,20049,471,10616,207,13,6,2616,2583,33,0,0,0,21455,17836,3619
Choctaw County,OK,50,3,7,40,23,1995214679,75667441,15205,7521,34.0276453,-95.5542077,15205,14195,9866,1658,2504,41,0,126,1010,973,137,661,13,2,32,109,1,0,1,6,1,5,1,3,1,34,2,0,1,15205,427,14778,13834,9693,1654,2447,38,0,2,944,916,27,0,0,1,11526,10965,8013,1181,1646,32,0,93,561,551,9,0,0,1,11526,260,11266,10731,7903,1178,1620,29,0,1,535,529,5,0,0,1,7521,6270,1251
Cimarron County,OK,50,3,7,40,25,4751948736,15923999,2475,1587,36.7552758,-102.5087345,2475,2430,2097,6,19,8,0,300,45,45,3,23,7,2,10,0,0,0,0,0,0,0,0,0,0,0,0,0,0,2475,514,1961,1927,1894,6,19,7,0,1,34,34,0,0,0,0,1845,1827,1621,4,15,3,0,184,18,18,0,0,0,0,1845,299,1546,1532,1511,4,15,2,0,0,14,14,0,0,0,0,1587,1047,540
Cleveland County,OK,50,3,7,40,27,1395398450,50038594,255755,104821,35.2031167,-97.3283318,255755,241497,202811,10848,11978,9698,188,5974,14258,13449,2067,7713,1638,96,972,416,106,15,88,61,15,108,41,89,24,759,45,4,1,255755,17892,237863,225547,193549,10572,11375,9626,166,259,12316,11681,595,35,4,1,196579,188615,160459,7982,8451,7550,141,4032,7964,7661,285,17,0,1,196579,11296,185283,178204,154458,7837,8122,7500,123,164,7079,6834,231,13,0,1,104821,98306,6515
Coal County,OK,50,3,7,40,29,1338199454,12080937,5925,2810,34.5828612,-96.288039,5925,5463,4402,29,990,10,0,32,462,451,11,414,4,1,6,9,0,0,0,2,0,4,0,0,0,11,0,0,0,5925,152,5773,5329,4329,25,964,10,0,1,444,434,10,0,0,0,4414,4151,3488,23,613,8,0,19,263,257,6,0,0,0,4414,83,4331,4074,3442,20,603,8,0,1,257,251,6,0,0,0,2810,2350,460
Comanche County,OK,50,3,7,40,31,2769439538,37339122,124098,50739,34.6626279,-98.4765971,124098,116065,79996,21669,7266,2777,686,3671,8033,7260,1921,2104,1071,143,645,526,245,76,234,39,22,84,70,57,23,713,53,4,3,124098,13896,110202,103960,73122,20794,6597,2663,635,149,6242,5675,535,30,2,0,92964,89182,62942,15500,5169,2379,516,2676,3782,3507,256,14,3,2,92964,8708,84256,81169,58454,15052,4778,2305,479,101,3087,2874,202,9,2,0,50739,44982,5757
Cotton County,OK,50,3,7,40,33,1638566638,24095479,6193,3016,34.290676,-98.3734379,6193,5855,5035,128,551,13,13,115,338,320,26,257,9,2,17,3,0,0,2,0,0,4,0,0,0,18,0,0,0,6193,344,5849,5559,4905,126,504,12,11,1,290,277,13,0,0,0,4669,4495,3938,92,369,7,8,81,174,168,6,0,0,0,4669,208,4461,4305,3864,91,336,7,6,1,156,153,3,0,0,0,3016,2483,533
Craig County,OK,50,3,7,40,35,1971897258,3697821,15029,6749,36.7638896,-95.2015531,15029,13757,10017,449,3061,105,17,108,1272,1207,51,1004,18,6,12,95,0,0,4,6,1,8,2,0,0,61,4,0,0,15029,370,14659,13427,9852,440,3010,105,16,4,1232,1175,56,1,0,0,11616,10785,8238,377,2014,63,12,81,831,810,20,1,0,0,11616,218,11398,10579,8132,375,1994,63,11,4,819,799,19,1,0,0,6749,5691,1058
Creek County,OK,50,3,7,40,37,2460853552,50982330,69967,29761,35.9077324,-96.3797931,69967,65318,55764,1544,7001,230,45,734,4649,4453,313,3590,133,11,150,215,0,1,3,12,1,17,2,2,3,188,4,4,0,69967,2152,67815,63494,54821,1528,6834,230,43,38,4321,4159,156,2,4,0,52539,49923,43511,1136,4602,166,32,476,2616,2553,58,2,3,0,52539,1218,51321,48799,42931,1128,4525,166,32,17,2522,2467,52,0,3,0,29761,26539,3222
Custer County,OK,50,3,7,40,39,2561024716,34321703,27469,12204,35.6456012,-98.9973857,27469,26399,21456,831,1742,277,12,2081,1070,1018,100,521,57,12,203,70,2,0,5,9,4,28,3,2,2,51,1,0,0,27469,3830,23639,22905,20169,794,1642,276,7,17,734,707,27,0,0,0,21059,20496,17084,660,1191,238,11,1312,563,550,12,1,0,0,21059,2286,18773,18350,16299,644,1149,237,7,14,423,417,6,0,0,0,12204,10698,1506
Delaware County,OK,50,3,7,40,41,1911868565,140205197,41487,24818,36.3933694,-94.808206,41487,38179,27811,92,9277,519,30,450,3308,3256,64,2961,43,17,70,26,0,0,0,12,14,46,0,2,1,49,2,1,0,41487,1248,40239,37113,27328,83,9145,514,30,13,3126,3097,27,2,0,0,32180,30141,23229,61,6245,315,18,273,2039,2016,21,1,1,0,32180,670,31510,29531,22942,55,6196,311,18,9,1979,1965,13,1,0,0,24818,17093,7725
Dewey County,OK,50,3,7,40,43,2588632047,22688140,4810,2445,35.978433,-99.0140936,4810,4658,4285,16,277,33,0,47,152,147,20,109,4,1,8,1,3,0,0,0,0,1,0,0,0,5,0,0,0,4810,231,4579,4447,4136,16,261,33,0,1,132,127,5,0,0,0,3589,3519,3285,14,178,22,0,20,70,68,2,0,0,0,3589,111,3478,3416,3207,14,173,22,0,0,62,60,2,0,0,0,2445,1944,501
Ellis County,OK,50,3,7,40,45,3189609693,952238,4151,2285,36.2242576,-99.7501388,4151,4083,3920,11,67,8,0,77,68,66,6,32,4,7,16,0,0,0,0,0,0,1,0,0,0,2,0,0,0,4151,251,3900,3852,3759,11,67,8,0,7,48,48,0,0,0,0,3120,3079,2973,6,46,4,0,50,41,39,2,0,0,0,3120,136,2984,2953,2894,6,46,4,0,3,31,31,0,0,0,0,2285,1782,503
Garfield County,OK,50,3,7,40,47,2741414396,4140336,60580,26831,36.3782725,-97.7877291,60580,58444,50807,1811,1377,588,1101,2760,2136,1989,464,900,181,24,258,50,9,6,18,14,8,17,15,18,7,138,9,0,0,60580,5353,55227,53522,48744,1765,1280,577,1094,62,1705,1605,95,5,0,0,45632,44622,39634,1329,923,447,616,1673,1010,955,54,1,0,0,45632,3102,42530,41681,38420,1300,874,438,612,37,849,810,39,0,0,0,26831,24175,2656
Garvin County,OK,50,3,7,40,49,2077482576,29961926,27576,12827,34.7093497,-97.3127231,27576,26211,22462,705,2156,103,7,778,1365,1300,140,956,28,7,104,36,4,0,4,4,2,5,3,2,5,62,1,2,0,27576,1713,25863,24683,21791,690,2091,102,6,3,1180,1127,51,1,1,0,20843,20031,17605,513,1328,70,5,510,812,793,16,1,2,0,20843,1001,19842,19113,17233,509,1296,70,4,1,729,714,13,1,1,0,12827,11069,1758
Grady County,OK,50,3,7,40,51,2850273013,11403865,52431,22219,35.0210581,-97.8868902,52431,50127,44994,1268,2841,196,36,792,2304,2163,214,1611,89,23,151,46,1,2,3,5,1,10,5,2,0,133,8,0,0,52431,2405,50026,48015,43853,1239,2675,192,33,23,2011,1912,94,5,0,0,39257,38014,34526,940,1872,145,23,508,1243,1200,40,3,0,0,39257,1356,37901,36754,33863,927,1784,142,22,16,1147,1113,32,2,0,0,22219,19892,2327
Grant County,OK,50,3,7,40,53,2592244963,7021928,4527,2486,36.7882544,-97.7881508,4527,4417,4210,35,85,9,1,77,110,106,14,71,7,5,7,0,0,0,0,0,0,1,0,1,0,4,0,0,0,4527,158,4369,4272,4142,35,84,9,1,1,97,95,2,0,0,0,3501,3445,3317,21,50,6,1,50,56,52,4,0,0,0,3501,90,3411,3361,3283,21,49,6,1,1,50,48,2,0,0,0,2486,1910,576
Greer County,OK,50,3,7,40,55,1655842714,11157422,6239,2738,34.9352633,-99.5529675,6239,6018,5181,441,167,11,6,212,221,206,34,98,8,0,49,6,0,0,1,0,0,7,0,3,0,15,0,0,0,6239,609,5630,5502,4894,438,152,10,6,2,128,125,3,0,0,0,5006,4884,4150,424,139,9,6,156,122,116,6,0,0,0,5006,383,4623,4541,3970,423,132,8,6,2,82,82,0,0,0,0,2738,2181,557
Harmon County,OK,50,3,7,40,57,1391326707,3800417,2922,1544,34.745971,-99.8441936,2922,2801,2138,210,39,12,0,402,121,119,44,43,0,1,24,2,0,0,2,0,0,2,0,1,0,2,0,0,0,2922,756,2166,2087,1839,197,39,12,0,0,79,78,1,0,0,0,2168,2112,1677,149,20,8,0,258,56,54,2,0,0,0,2168,470,1698,1657,1487,142,20,8,0,0,41,40,1,0,0,0,1544,1112,432
Harper County,OK,50,3,7,40,59,2691040791,5259448,3685,1908,36.8004561,-99.662842,3685,3601,3219,3,28,6,1,344,84,80,6,33,3,4,30,0,0,0,0,0,0,4,0,0,0,3,1,0,0,3685,645,3040,2993,2957,2,27,6,1,0,47,45,1,1,0,0,2755,2713,2488,3,15,6,1,200,42,40,1,1,0,0,2755,356,2399,2371,2348,2,14,6,1,0,28,26,1,1,0,0,1908,1527,381
Haskell County,OK,50,3,7,40,61,1493181861,126266885,12769,6028,35.2322937,-95.1095776,12769,11870,9560,56,2029,68,2,155,899,889,25,797,24,3,13,15,0,0,0,4,0,2,0,6,0,10,0,0,0,12769,426,12343,11481,9362,51,1994,68,2,4,862,854,8,0,0,0,9517,9007,7533,44,1279,39,2,110,510,508,2,0,0,0,9517,256,9261,8763,7410,43,1265,39,2,4,498,496,2,0,0,0,6028,5044,984
Hughes County,OK,50,3,7,40,63,2084025091,26505491,14003,6183,35.0529339,-96.2511829,14003,13069,9543,742,2549,28,6,201,934,911,50,766,6,0,32,41,1,0,1,6,3,5,0,0,0,22,1,0,0,14003,530,13473,12620,9351,739,2489,27,6,8,853,833,19,1,0,0,10896,10404,7781,696,1746,22,5,154,492,489,2,1,0,0,10896,323,10573,10106,7656,694,1724,22,5,5,467,464,2,1,0,0,6183,5050,1133
Jackson County,OK,50,3,7,40,65,2078856062,4114418,26446,12077,34.5939486,-99.4122097,26446,25162,19255,1985,479,312,56,3075,1284,1183,219,380,109,18,293,29,21,4,50,4,1,23,8,22,2,96,5,0,0,26446,5538,20908,20121,17403,1918,407,303,52,38,787,738,46,3,0,0,19539,18993,14915,1417,341,246,37,2037,546,515,29,2,0,0,19539,3404,16135,15754,13768,1390,298,241,35,22,381,363,16,2,0,0,12077,10247,1830
Jefferson County,OK,50,3,7,40,67,1965365227,39497502,6472,3378,34.1050923,-97.8388139,6472,6170,5461,42,400,22,0,245,302,296,16,227,10,1,33,2,0,0,0,4,0,2,0,0,1,5,1,0,0,6472,552,5920,5658,5216,41,376,22,0,3,262,259,3,0,0,0,4907,4727,4258,37,247,19,0,166,180,176,3,1,0,0,4907,327,4580,4420,4130,36,232,19,0,3,160,158,2,0,0,0,3378,2634,744
Johnston County,OK,50,3,7,40,69,1665207064,39638869,10957,5126,34.3134553,-96.6542545,10957,10086,8015,212,1702,27,1,129,871,852,48,718,9,7,38,15,0,0,2,3,2,10,0,0,0,19,0,0,0,10957,423,10534,9732,7854,209,1636,27,1,5,802,785,17,0,0,0,8271,7801,6421,168,1103,21,1,87,470,464,6,0,0,0,8271,220,8051,7600,6331,166,1077,21,1,4,451,446,5,0,0,0,5126,4312,814
Kay County,OK,50,3,7,40,71,2382087117,65364078,46562,21708,36.8148423,-97.1437553,46562,44221,37332,962,4486,235,16,1190,2341,2246,221,1635,70,8,175,54,2,0,14,9,7,43,2,6,0,89,6,0,0,46562,2992,43570,41559,36113,910,4276,233,7,20,2011,1939,66,6,0,0,34781,33614,29198,700,2715,205,12,784,1167,1144,22,1,0,0,34781,1682,33099,32043,28495,676,2652,203,6,11,1056,1036,19,1,0,0,21708,18577,3131
Kingfisher County,OK,50,3,7,40,73,2326225317,20349179,15034,6409,35.9494308,-97.934568,15034,14560,12707,170,465,42,0,1176,474,460,32,284,17,3,100,6,0,0,6,4,1,7,0,0,0,14,0,0,0,15034,2022,13012,12675,12030,157,445,38,0,5,337,328,9,0,0,0,11039,10791,9635,130,289,32,0,705,248,241,7,0,0,0,11039,1155,9884,9688,9253,123,280,30,0,2,196,190,6,0,0,0,6409,5731,678
Kiowa County,OK,50,3,7,40,75,2629422850,40083702,9446,5216,34.9214893,-98.9816168,9446,9026,7573,401,622,30,3,397,420,394,61,183,10,3,87,17,1,0,14,2,1,12,2,0,1,26,0,0,0,9446,832,8614,8313,7302,390,584,29,2,6,301,279,22,0,0,0,7239,7047,5992,289,464,22,3,277,192,190,2,0,0,0,7239,490,6749,6595,5837,286,445,21,2,4,154,152,2,0,0,0,5216,3978,1238
Latimer County,OK,50,3,7,40,77,1870178643,18215375,11154,4979,34.8751365,-95.2722625,11154,10290,7825,83,2279,31,1,71,864,840,28,771,10,2,6,13,0,0,0,2,2,6,0,0,0,24,0,0,0,11154,293,10861,10047,7718,80,2215,31,1,2,814,795,19,0,0,0,8481,7946,6318,73,1477,26,1,51,535,528,7,0,0,0,8481,166,8315,7801,6252,72,1449,26,1,1,514,509,5,0,0,0,4979,4208,771
Le Flore County,OK,50,3,7,40,79,4116045949,50018542,50384,21448,34.8996421,-94.7034907,50384,47365,37827,1034,6180,265,24,2035,3019,2931,156,2350,86,13,200,62,4,0,3,8,11,33,3,1,1,85,3,0,0,50384,3454,46930,44221,36842,1016,6070,258,21,14,2709,2638,69,2,0,0,37939,36216,29923,834,3971,199,21,1268,1723,1705,17,1,0,0,37939,1944,35995,34360,29386,823,3927,195,19,10,1635,1621,13,1,0,0,21448,18878,2570
Lincoln County,OK,50,3,7,40,81,2466481063,34614744,34273,15208,35.7031175,-96.8813917,34273,32539,29426,615,2218,65,12,203,1734,1676,150,1310,73,9,68,35,4,0,5,5,3,12,2,0,0,58,0,0,0,34273,838,33435,31847,28985,608,2170,64,12,8,1588,1539,49,0,0,0,25532,24574,22448,474,1459,48,11,134,958,940,18,0,0,0,25532,449,25083,24186,22215,471,1438,47,11,4,897,882,15,0,0,0,15208,13243,1965
Logan County,OK,50,3,7,40,83,1926521787,12925988,41848,17195,35.9141514,-97.4507644,41848,40124,33886,3804,1380,195,20,839,1724,1619,298,969,89,14,113,73,4,1,28,11,1,6,3,8,1,98,6,1,0,41848,2170,39678,38185,32864,3752,1333,189,19,28,1493,1411,78,3,1,0,31377,30467,25740,3134,891,147,17,538,910,871,38,1,0,0,31377,1281,30096,29287,25139,3106,867,141,16,18,809,780,28,1,0,0,17195,15290,1905
Love County,OK,50,3,7,40,85,1331241072,47652093,9423,4539,33.9577749,-97.2451238,9423,8961,7426,168,586,45,0,736,462,439,52,295,11,0,70,1,0,0,3,1,0,6,0,0,0,22,1,0,0,9423,1113,8310,7956,7186,163,561,45,0,1,354,337,16,1,0,0,7129,6890,5896,136,383,33,0,442,239,230,9,0,0,0,7129,629,6500,6298,5756,136,372,33,0,1,202,194,8,0,0,0,4539,3713,826
McClain County,OK,50,3,7,40,87,1478109734,24739280,34506,13996,35.0164135,-97.4498113,34506,32690,29168,239,2218,127,9,929,1816,1768,111,1438,78,9,102,9,1,1,2,1,3,12,1,0,0,46,2,0,0,34506,2400,32106,30455,27942,229,2142,127,6,9,1651,1611,38,2,0,0,25311,24310,22030,177,1434,94,9,566,1001,984,16,1,0,0,25311,1350,23961,23029,21341,175,1405,94,6,8,932,919,12,1,0,0,13996,12891,1105
McCurtain County,OK,50,3,7,40,89,4791491660,135636975,33151,15533,34.1170728,-94.7660863,33151,31093,22259,2894,5017,112,4,807,2058,1971,199,1489,27,5,55,149,4,1,6,10,0,25,0,1,0,87,0,0,0,33151,1552,31599,29699,21829,2872,4868,112,3,15,1900,1821,79,0,0,0,24552,23490,17611,2042,3281,74,4,478,1062,1047,15,0,0,0,24552,832,23720,22706,17369,2036,3215,74,3,9,1014,1000,14,0,0,0,15533,12958,2575
McIntosh County,OK,50,3,7,40,91,1601896473,242915467,20252,13350,35.3690916,-95.6717644,20252,18803,14238,647,3756,68,7,87,1449,1358,106,1071,12,3,25,118,0,0,1,9,2,6,5,0,0,91,0,0,0,20252,390,19862,18477,14053,642,3704,68,7,3,1385,1303,82,0,0,0,15995,15131,11960,521,2531,49,7,63,864,827,37,0,0,0,15995,235,15760,14919,11832,516,2513,49,7,2,841,807,34,0,0,0,13350,8460,4890
Major County,OK,50,3,7,40,93,2473407969,7651296,7527,3671,36.3131189,-98.5420147,7527,7338,6846,33,149,26,3,281,189,168,30,87,14,0,23,2,2,0,4,0,0,1,0,0,5,21,0,0,0,7527,565,6962,6820,6629,32,130,25,3,1,142,130,12,0,0,0,5779,5689,5391,18,94,14,2,170,90,83,7,0,0,0,5779,316,5463,5388,5269,17,87,13,2,0,75,68,7,0,0,0,3671,3109,562
Marshall County,OK,50,3,7,40,95,961092926,144663348,15840,10006,34.0270068,-96.770533,15840,14889,11690,245,1533,29,1,1391,951,913,66,704,14,1,88,19,0,0,10,2,1,6,0,1,1,37,0,1,0,15840,2212,13628,12801,11050,227,1492,29,1,2,827,796,30,0,1,0,12057,11462,9506,158,961,23,1,813,595,582,13,0,0,0,12057,1272,10785,10258,9146,148,938,23,1,2,527,516,11,0,0,0,10006,6338,3668
Mayes County,OK,50,3,7,40,97,1697440860,72846625,41259,19239,36.303804,-95.2356382,41259,37526,28044,169,8823,147,16,327,3733,3670,69,3403,45,15,67,37,0,0,0,13,3,13,2,0,3,58,4,1,0,41259,1097,40162,36601,27590,161,8678,144,14,14,3561,3506,50,4,1,0,30745,28495,22410,122,5629,103,14,217,2250,2228,20,1,1,0,30745,616,30129,27945,22133,117,5572,102,12,9,2184,2165,17,1,1,0,19239,16008,3231
Murray County,OK,50,3,7,40,99,1078621351,22368128,13488,6746,34.4857664,-97.0715567,13488,12649,10515,178,1638,48,8,262,839,819,40,701,11,8,17,27,0,0,1,2,1,11,0,0,0,18,2,0,0,13488,662,12826,12043,10241,176,1570,47,3,6,783,770,13,0,0,0,10267,9789,8354,138,1066,36,5,190,478,472,6,0,0,0,10267,404,9863,9410,8203,136,1027,35,3,6,453,448,5,0,0,0,6746,5350,1396
Muskogee County,OK,50,3,7,40,101,2099056912,75962995,70990,30908,35.6175506,-95.3839106,70990,65149,42467,8030,12403,396,24,1829,5841,5510,476,4036,63,13,170,597,1,2,41,33,4,61,2,3,8,327,4,0,0,70990,3688,67302,61884,41362,7960,12137,381,20,24,5418,5134,281,3,0,0,53479,50098,34769,5901,8005,305,21,1097,3381,3266,112,3,0,0,53479,2103,51376,48139,34063,5856,7892,293,18,17,3237,3140,95,2,0,0,30908,27054,3854
Noble County,OK,50,3,7,40,103,1895599459,27560913,11561,5341,36.384901,-97.2363345,11561,11084,9740,204,984,45,7,104,477,456,48,336,25,10,27,6,0,0,1,0,0,3,0,0,0,17,4,0,0,11561,300,11261,10831,9626,202,948,45,7,3,430,412,14,4,0,0,8706,8446,7579,155,604,35,4,69,260,250,8,2,0,0,8706,170,8536,8293,7512,153,587,35,4,2,243,234,7,2,0,0,5341,4614,727
Nowata County,OK,50,3,7,40,105,1465355090,38869372,10536,4828,36.7896148,-95.6133123,10536,9555,7267,208,2016,7,3,54,981,937,62,799,7,0,11,45,4,0,0,1,0,8,0,0,0,39,5,0,0,10536,240,10296,9350,7148,202,1987,7,3,3,946,906,35,5,0,0,7984,7378,5865,168,1301,5,3,36,606,590,16,0,0,0,7984,132,7852,7262,5800,164,1288,5,3,2,590,575,15,0,0,0,4828,4224,604
Okfuskee County,OK,50,3,7,40,107,1602081668,26685088,12191,5282,35.466804,-96.3277619,12191,11393,7848,1009,2401,20,15,100,798,759,43,587,12,2,33,54,2,0,2,9,1,11,0,0,3,39,0,0,0,12191,356,11835,11094,7699,1001,2358,18,15,3,741,711,30,0,0,0,9349,8899,6358,859,1588,14,5,75,450,437,13,0,0,0,9349,231,9118,8694,6254,853,1567,12,5,3,424,414,10,0,0,0,5282,4354,928
Oklahoma County,OK,50,3,7,40,109,1835832315,24744702,718633,319828,35.5546109,-97.4094007,718633,680576,464387,110890,25119,21454,780,57946,38057,35112,7104,14090,3456,248,4046,3656,560,97,679,128,56,449,144,293,106,2768,164,10,3,718633,108543,610090,579918,425791,108954,22527,21151,639,856,30172,27911,2145,109,7,0,537515,517724,369199,77751,17758,16539,567,35910,19791,18638,1083,60,7,3,537515,65014,472501,456153,345589,76812,16428,16344,478,502,16348,15409,886,47,6,0,319828,287598,32230
Okmulgee County,OK,50,3,7,40,111,1806124291,12914775,40069,17891,35.646879,-95.96458,40069,36851,26366,3501,6526,131,6,321,3218,3059,262,2187,42,17,82,402,8,1,15,18,5,18,1,0,1,151,8,0,0,40069,1293,38776,35774,25803,3459,6358,126,6,22,3002,2866,129,7,0,0,30196,28403,21108,2704,4280,94,4,213,1793,1736,54,3,0,0,30196,743,29453,27748,20764,2680,4195,91,4,14,1705,1655,48,2,0,0,17891,15362,2529
Osage County,OK,50,3,7,40,113,5818040494,149225472,47472,21143,36.6246804,-96.4083854,47472,44093,31327,5401,6858,133,11,363,3379,3195,158,2628,41,9,63,242,6,1,15,5,5,19,1,2,0,174,10,0,0,47472,1366,46106,42911,30709,5355,6704,118,11,14,3195,3050,141,4,0,0,35919,33933,25046,4012,4514,110,10,241,1986,1911,69,6,0,0,35919,810,35109,33195,24644,3989,4444,100,10,8,1914,1856,56,2,0,0,21143,18205,2938
Ottawa County,OK,50,3,7,40,115,1219421293,35709014,31848,14060,36.8357635,-94.8026814,31848,29434,21969,245,6007,158,299,756,2414,2357,86,2052,82,14,59,19,3,1,0,9,15,6,4,1,6,55,2,0,0,31848,1499,30349,28066,21454,234,5893,158,297,30,2283,2239,42,2,0,0,23992,22516,17693,188,3934,110,167,424,1476,1458,17,1,0,0,23992,814,23178,21753,17391,182,3888,110,165,17,1425,1410,14,1,0,0,14060,12345,1715
Pawnee County,OK,50,3,7,40,117,1470996347,69436312,16577,7745,36.3137038,-96.6966693,16577,15557,13363,118,1926,48,6,96,1020,983,68,818,30,3,38,12,0,0,1,3,5,4,0,1,0,35,2,0,0,16577,336,16241,15298,13216,116,1908,42,6,10,943,911,30,2,0,0,12491,11909,10422,92,1290,38,4,63,582,566,15,1,0,0,12491,170,12321,11765,10343,90,1285,34,4,9,556,541,14,1,0,0,7745,6486,1259
Payne County,OK,50,3,7,40,119,1773371786,31779003,77350,33991,36.0792254,-96.9752553,77350,73340,63353,2814,3630,2688,37,818,4010,3829,567,2484,412,20,157,98,9,5,10,10,2,14,10,20,11,177,4,0,0,77350,2990,74360,70690,61655,2757,3494,2679,34,71,3670,3516,152,2,0,0,62724,60260,52233,2310,2719,2334,33,631,2464,2388,74,2,0,0,62724,2095,60629,58334,51022,2271,2631,2325,32,53,2295,2229,65,1,0,0,33991,30177,3814
Pittsburg County,OK,50,3,7,40,121,3381130261,187421760,45837,22634,34.9255401,-95.7481302,45837,42366,33745,1525,6310,189,20,577,3471,3343,206,2716,65,14,108,157,6,3,4,14,1,42,1,5,1,128,0,0,0,45837,1786,44051,40821,32959,1497,6148,185,19,13,3230,3117,113,0,0,0,35717,33630,27579,1296,4202,143,15,395,2087,2044,43,0,0,0,35717,1126,34591,32612,27060,1276,4117,139,14,6,1979,1940,39,0,0,0,22634,18012,4622
Pontotoc County,OK,50,3,7,40,123,1865918266,12405563,37492,16595,34.7210711,-96.692738,37492,34787,26687,902,6512,244,17,425,2705,2572,189,2017,63,4,64,184,0,0,6,7,8,23,2,5,0,126,0,7,0,37492,1523,35969,33456,25973,879,6331,244,17,12,2513,2401,105,0,7,0,28733,27218,21707,699,4292,200,13,307,1515,1476,36,0,3,0,28733,947,27786,26342,21229,684,4205,200,13,11,1444,1412,29,0,3,0,16595,14654,1941
Pottawatomie County,OK,50,3,7,40,125,2040060341,14842424,69442,29139,35.2113928,-96.957007,69442,65055,52969,2014,8961,385,44,682,4387,4189,390,3046,187,27,168,226,8,3,16,42,11,41,8,11,5,185,13,0,0,69442,2878,66564,62615,51642,1969,8538,373,40,53,3949,3789,147,13,0,0,52087,49728,41515,1469,5890,326,34,494,2359,2294,58,7,0,0,52087,1672,50415,48205,40691,1440,5692,316,30,36,2210,2154,49,7,0,0,29139,25911,3228
Pushmataha County,OK,50,3,7,40,127,3615199153,69987835,11572,6110,34.3778956,-95.408085,11572,10914,8675,77,2037,25,5,95,658,637,22,563,13,0,13,18,0,0,4,0,2,1,0,1,0,21,0,0,0,11572,280,11292,10670,8550,74,2017,25,3,1,622,611,11,0,0,0,8977,8545,7051,55,1360,16,2,61,432,423,9,0,0,0,8977,155,8822,8401,6977,53,1353,16,1,1,421,414,7,0,0,0,6110,4809,1301
Roger Mills County,OK,50,3,7,40,129,2955528117,13695217,3647,1905,35.7085544,-99.7415716,3647,3562,3276,13,213,11,1,48,85,84,7,51,9,0,3,6,0,0,0,0,0,7,0,0,1,1,0,0,0,3647,165,3482,3409,3184,13,199,11,1,1,73,72,1,0,0,0,2731,2692,2499,7,151,6,0,29,39,38,1,0,0,0,2731,84,2647,2614,2456,7,144,6,0,1,33,32,1,0,0,0,1905,1470,435
Rogers County,OK,50,3,7,40,131,1749880020,92888844,86905,35160,36.3780816,-95.6013368,86905,79859,65415,865,11382,932,53,1212,7046,6839,208,6020,184,40,183,86,6,2,22,16,6,32,8,22,4,200,6,1,0,86905,3229,83676,77046,64030,819,11191,914,49,43,6630,6457,166,6,1,0,64189,60082,50657,621,7428,593,42,741,4107,4045,57,4,1,0,64189,1817,62372,58412,49830,593,7344,582,38,25,3960,3909,46,4,1,0,35160,31884,3276
Seminole County,OK,50,3,7,40,133,1639041127,19778817,25482,11642,35.1583657,-96.6028575,25482,23656,17450,1167,4638,68,18,315,1826,1721,185,1230,44,1,47,172,3,1,7,13,4,13,1,0,0,99,6,0,0,25482,903,24579,22888,17133,1152,4500,65,16,22,1691,1605,84,2,0,0,18926,17992,13758,929,3020,55,9,221,934,910,24,0,0,0,18926,499,18427,17537,13566,923,2976,52,8,12,890,869,21,0,0,0,11642,9750,1892
Sequoyah County,OK,50,3,7,40,135,1743764515,105881132,42391,18656,35.5024345,-94.7507569,42391,38458,28204,735,8816,206,20,477,3933,3845,156,3382,80,12,77,77,0,2,1,18,2,30,5,2,1,83,5,0,0,42391,1438,40953,37233,27634,718,8657,199,9,16,3720,3645,73,2,0,0,31465,29062,22251,520,5844,145,12,290,2403,2382,20,1,0,0,31465,743,30722,28391,21934,515,5788,139,7,8,2331,2314,16,1,0,0,18656,16208,2448
Stephens County,OK,50,3,7,40,137,2253922744,54698972,45048,20658,34.4813609,-97.8556068,45048,42888,38328,870,2286,221,14,1169,2160,2030,250,1433,84,5,154,53,2,1,19,1,1,18,3,5,1,120,3,7,0,45048,2790,42258,40429,37173,841,2182,210,13,10,1829,1747,73,2,7,0,34224,33033,29920,638,1558,169,13,735,1191,1154,33,1,3,0,34224,1568,32656,31591,29275,622,1511,164,12,7,1065,1039,23,0,3,0,20658,18127,2531
Texas County,OK,50,3,7,40,139,5286842403,19215744,20640,8208,36.7419638,-101.4884339,20640,20060,15617,336,269,325,34,3479,580,547,49,152,46,11,194,14,0,1,33,3,0,10,1,25,8,32,1,0,0,20640,8659,11981,11722,10889,294,183,318,9,29,259,249,10,0,0,0,14700,14385,11461,269,196,232,23,2204,315,300,15,0,0,0,14700,5312,9388,9231,8599,246,133,226,8,19,157,152,5,0,0,0,8208,7212,996
Tillman County,OK,50,3,7,40,141,2256226803,20894357,7992,4077,34.3710852,-98.931701,7992,7664,5876,613,274,21,4,876,328,316,58,124,5,4,98,17,0,0,5,0,0,3,1,1,0,12,0,0,0,7992,1783,6209,6011,5165,567,243,21,2,13,198,195,3,0,0,0,6017,5855,4635,449,190,14,4,563,162,160,2,0,0,0,6017,1100,4917,4811,4187,430,171,14,2,7,106,104,2,0,0,0,4077,3216,861
Tulsa County,OK,50,3,7,40,143,1476931275,43438532,603403,268426,36.1201205,-95.9417313,603403,568334,417413,64779,36392,14066,429,35255,35069,32926,4442,19177,2293,133,2514,2871,198,62,383,162,36,336,78,180,61,2020,98,21,4,603403,66582,536821,506656,393401,63737,34615,13892,383,628,30165,28502,1599,50,11,3,449127,429836,328687,44233,24534,10259,279,21844,19291,18521,721,29,16,4,449127,40188,408939,391818,313702,43683,23663,10141,252,377,17121,16495,600,15,8,3,268426,241737,26689
Wagoner County,OK,50,3,7,40,145,1454421645,75422409,73085,29694,35.9634793,-95.5141004,73085,67685,55340,2720,7303,1006,27,1289,5400,5168,385,4104,182,32,156,215,18,3,8,15,6,16,10,17,1,211,15,3,3,73085,3488,69597,64510,53648,2669,7119,995,25,54,5087,4881,186,14,3,3,53617,50614,42709,1889,4633,634,22,727,3003,2932,67,0,2,2,53617,1945,51672,48792,41700,1860,4559,627,20,26,2880,2813,63,0,2,2,29694,26878,2816
Washington County,OK,50,3,7,40,147,1076020808,22829387,50976,23451,36.7043803,-95.9061545,50976,47868,39929,1231,5247,554,16,891,3108,2990,296,2211,118,24,125,142,4,1,4,10,4,31,4,15,1,113,5,0,0,50976,2556,48420,45602,38691,1194,5119,552,16,30,2818,2718,98,2,0,0,39023,37223,31868,918,3473,401,10,553,1800,1759,40,1,0,0,39023,1518,37505,35831,31116,901,3397,399,10,8,1674,1640,33,1,0,0,23451,21036,2415
Washita County,OK,50,3,7,40,149,2598189856,14578978,11629,5479,35.2901769,-98.9919621,11629,11139,10263,80,353,25,2,416,490,473,50,220,8,1,158,3,0,0,12,1,0,18,0,1,1,16,1,0,0,11629,944,10685,10409,9989,71,320,24,2,3,276,272,4,0,0,0,8627,8407,7859,42,224,18,2,262,220,216,4,0,0,0,8627,495,8132,7978,7712,37,209,17,2,1,154,152,2,0,0,0,5479,4599,880
Woods County,OK,50,3,7,40,151,3331900551,9091702,8878,4478,36.7651405,-98.8689669,8878,8637,7850,290,213,77,4,203,241,227,44,135,10,3,27,7,0,0,0,0,0,1,0,0,0,14,0,0,0,8878,424,8454,8257,7684,286,202,77,4,4,197,187,10,0,0,0,7211,7086,6473,261,153,52,4,143,125,121,4,0,0,0,7211,285,6926,6826,6364,258,146,52,4,2,100,99,1,0,0,0,4478,3533,945
Woodward County,OK,50,3,7,40,153,3217798327,9693408,20081,8838,36.4256189,-99.2736609,20081,19550,17419,317,562,115,8,1129,531,508,37,273,30,1,123,12,2,0,2,3,1,18,2,2,2,21,2,0,0,20081,2128,17953,17605,16632,308,522,115,8,20,348,339,9,0,0,0,15196,14926,13406,295,394,89,8,734,270,263,7,0,0,0,15196,1273,13923,13710,12941,289,370,89,8,13,213,208,5,0,0,0,8838,7654,1184
Baker County,OR,50,4,9,41,1,7947008933,51831394,16134,8826,44.7034268,-117.6919334,16134,15753,15264,57,181,78,9,164,381,367,28,253,40,13,20,8,0,0,1,2,0,1,1,0,0,14,0,0,0,16134,528,15606,15260,14944,52,170,78,9,7,346,334,12,0,0,0,12854,12613,12271,46,138,55,8,95,241,231,10,0,0,0,12854,315,12539,12320,12079,43,128,55,8,7,219,210,9,0,0,0,8826,7040,1786
Benton County,OR,50,4,9,41,3,1750680238,6917958,85579,36245,44.4906234,-123.4263169,85579,82519,74506,759,627,4429,213,1985,3060,2799,355,834,1033,127,256,16,20,4,17,10,1,16,81,25,4,245,10,6,0,85579,5467,80112,77519,71552,715,493,4404,199,156,2593,2381,201,5,6,0,70330,68304,61956,564,493,3753,165,1373,2026,1865,148,8,5,0,70330,3719,66611,64859,59915,534,403,3733,157,117,1752,1624,118,5,5,0,36245,34317,1928
Clackamas County,OR,50,4,9,41,5,4844112024,31827481,375992,156945,45.1604934,-122.1951274,375992,364127,331571,3082,3122,13729,867,11756,11865,10931,1638,3206,3403,384,1543,77,70,26,59,64,17,76,226,100,42,848,71,15,0,375992,29138,346854,337577,317648,2761,2340,13575,815,438,9277,8562,656,49,10,0,286761,280730,258082,2166,2272,10258,637,7315,6031,5598,384,40,9,0,286761,17240,269521,264667,249846,1980,1775,10167,598,301,4854,4509,310,28,7,0,156945,145790,11155
Clatsop County,OR,50,4,9,41,7,2147227903,661312521,37039,21546,46.0245092,-123.705014,37039,35988,33680,195,362,457,86,1208,1051,963,111,435,197,48,104,3,1,1,2,9,1,2,31,16,2,79,9,0,0,37039,2838,34201,33343,32295,163,308,445,84,48,858,790,61,7,0,0,29438,28794,27187,142,281,372,67,745,644,592,46,6,0,0,29438,1693,27745,27198,26363,124,248,362,65,36,547,501,41,5,0,0,21546,15742,5804
Columbia County,OR,50,4,9,41,9,1702546794,80219744,49351,20698,45.941932,-123.081079,49351,47656,45651,207,656,457,95,590,1695,1556,151,800,324,62,147,9,7,2,3,4,3,10,18,9,7,126,11,2,0,49351,1987,47364,45932,44563,195,590,446,95,43,1432,1312,111,7,2,0,37732,36826,35397,138,483,360,66,382,906,841,59,4,2,0,37732,1180,36552,35768,34749,129,440,352,66,32,784,728,50,4,2,0,20698,19183,1515
Coos County,OR,50,4,9,41,11,4134068696,544389499,63043,30593,43.1841928,-124.0925574,63043,60314,56618,258,1589,660,117,1072,2729,2556,170,1659,287,75,232,12,5,1,4,33,13,24,26,6,9,155,13,5,0,63043,3391,59652,57344,54820,234,1467,644,104,75,2308,2175,119,9,5,0,51113,49402,46778,192,1110,527,88,707,1711,1617,83,6,5,0,51113,2036,49077,47559,45688,179,1034,514,80,64,1518,1439,69,5,5,0,30593,27133,3460
Crook County,OR,50,4,9,41,13,7715797890,21192731,20978,10202,44.1630537,-120.3715849,20978,20556,19441,35,302,97,11,670,422,394,38,247,41,9,42,1,0,0,0,0,2,5,1,8,0,28,0,0,0,20978,1463,19515,19180,18758,30,273,96,11,12,335,316,19,0,0,0,16378,16125,15391,23,222,72,8,409,253,240,13,0,0,0,16378,833,15545,15337,15017,20,210,71,8,11,208,197,11,0,0,0,10202,8558,1644
Curry County,OR,50,4,9,41,15,4215100613,934686544,22364,12613,42.4666711,-124.2114065,22364,21542,20574,67,426,160,21,294,822,764,64,524,62,15,81,3,3,0,3,1,1,2,4,1,0,55,3,0,0,22364,1201,21163,20484,19837,62,391,157,21,16,679,639,38,2,0,0,18853,18303,17590,33,330,132,17,201,550,516,31,3,0,0,18853,753,18100,17628,17134,32,303,129,17,13,472,451,19,2,0,0,12613,10417,2196
Deschutes County,OR,50,4,9,41,17,7817065156,94747043,157733,80139,43.9151181,-121.2255751,157733,153740,145374,568,1449,1476,210,4663,3993,3689,445,1465,863,197,542,27,15,0,7,8,14,33,36,30,7,271,25,6,2,157733,11718,146015,142927,139470,524,1197,1412,183,141,3088,2850,210,22,6,0,121512,119305,113704,365,1055,1149,164,2868,2207,2063,130,9,3,2,121512,6993,114519,112778,110207,342,884,1101,144,100,1741,1622,108,8,3,0,80139,64090,16049
Douglas County,OR,50,4,9,41,19,13043372940,253020349,107667,48915,43.2859035,-123.1543801,107667,104182,99471,317,1953,1040,122,1279,3485,3267,295,1937,435,117,332,16,18,3,2,18,7,24,44,16,3,188,18,12,0,107667,5055,102612,99693,96343,279,1799,1008,110,154,2919,2754,146,15,4,0,85573,83451,80048,207,1429,799,92,876,2122,2007,98,10,7,0,85573,3089,82484,80637,78147,193,1328,776,86,107,1847,1752,83,9,3,0,48915,44581,4334
Gilliam County,OR,50,4,9,41,21,3120439560,46700614,1871,1156,45.381666,-120.2118514,1871,1845,1781,3,19,3,13,26,26,25,0,21,0,1,0,2,0,0,0,1,0,0,0,0,0,1,0,0,0,1871,88,1783,1762,1725,3,18,3,13,0,21,20,1,0,0,0,1518,1500,1458,3,16,1,6,16,18,17,1,0,0,0,1518,45,1473,1456,1431,3,15,1,6,0,17,16,1,0,0,0,1156,864,292
Grant County,OR,50,4,9,41,23,11728867794,1893802,7445,4344,44.4963261,-119.0140572,7445,7274,7070,14,91,24,8,67,171,161,17,112,16,2,12,0,1,0,0,1,0,0,0,0,0,10,0,0,0,7445,207,7238,7082,6951,11,88,24,6,2,156,146,10,0,0,0,6015,5901,5754,9,70,21,8,39,114,107,7,0,0,0,6015,123,5892,5786,5682,9,67,21,6,1,106,99,7,0,0,0,4344,3352,992
Harney County,OR,50,4,9,41,25,26244789736,241492856,7422,3835,43.0643552,-118.9859493,7422,7201,6819,19,232,35,1,95,221,214,13,139,35,4,17,1,0,0,0,0,4,1,0,0,0,7,0,0,0,7422,294,7128,6932,6648,16,227,34,1,6,196,190,6,0,0,0,5758,5634,5348,11,179,28,1,67,124,122,2,0,0,0,5758,190,5568,5454,5240,9,174,27,1,3,114,112,2,0,0,0,3835,3205,630
Hood River County,OR,50,4,9,41,27,1351841432,29106836,22346,9271,45.5117753,-121.6559762,22346,21640,18568,101,181,314,37,2439,706,661,54,188,168,35,174,6,1,0,7,1,1,1,20,0,5,40,1,4,0,22346,6589,15757,15281,14714,63,144,305,30,25,476,448,24,0,4,0,16539,16164,14074,65,130,260,32,1603,375,348,24,1,2,0,16539,4036,12503,12247,11797,41,111,253,26,19,256,242,12,0,2,0,9271,8173,1098
Jackson County,OR,50,4,9,41,29,7209356169,46880700,203206,90937,42.411782,-122.6757974,203206,196089,180172,1372,2386,2364,595,9200,7117,6542,795,2833,1104,312,1089,45,20,8,45,39,11,97,69,49,26,534,39,2,0,203206,21745,181461,176219,170023,1227,1874,2304,562,229,5242,4813,402,26,1,0,158894,154844,144145,982,1766,1880,403,5668,4050,3789,244,16,1,0,158894,12941,145953,142801,138053,906,1459,1841,384,158,3152,2947,194,11,0,0,90937,83076,7861
Jefferson County,OR,50,4,9,41,31,4612211364,26231709,21720,9815,44.64379,-121.1830211,21720,20896,14996,138,3667,93,25,1977,824,763,25,359,44,17,171,18,0,1,2,15,19,76,8,4,4,61,0,0,0,21720,4195,17525,17046,13429,117,3360,83,23,34,479,448,31,0,0,0,16230,15809,12021,96,2389,69,20,1214,421,398,23,0,0,0,16230,2367,13863,13579,11141,87,2247,66,18,20,284,272,12,0,0,0,9815,7790,2025
Josephine County,OR,50,4,9,41,33,4246719858,5644013,82713,38001,42.3853819,-123.5972453,82713,80037,76449,347,1133,681,145,1282,2676,2447,209,1354,376,108,299,6,6,1,6,10,9,19,31,8,5,211,17,1,0,82713,5251,77462,75411,73289,295,966,667,117,77,2051,1894,148,8,1,0,65830,64230,61652,213,883,545,108,829,1600,1499,95,5,1,0,65830,3146,62684,61376,59750,183,753,536,92,62,1308,1229,74,4,1,0,38001,34646,3355
Klamath County,OR,50,4,9,41,35,15387252316,503746014,66380,32774,42.6837613,-121.6461682,66380,63632,57019,432,2734,621,75,2751,2748,2611,284,1495,258,57,347,40,4,0,7,16,9,41,26,13,14,128,9,0,0,66380,6915,59465,57369,53822,394,2407,615,68,63,2096,1996,91,9,0,0,51577,50059,45536,298,1914,496,60,1755,1518,1450,66,2,0,0,51577,4113,47464,46229,43619,277,1741,493,55,44,1235,1183,50,2,0,0,32774,27280,5494
Lake County,OR,50,4,9,41,37,21079871249,567917619,7895,4439,42.7884009,-120.3897896,7895,7633,7130,39,165,53,5,241,262,250,7,167,22,12,25,0,0,0,0,6,0,1,8,1,1,12,0,0,0,7895,545,7350,7117,6875,37,149,44,5,7,233,222,11,0,0,0,6370,6211,5864,34,122,40,5,146,159,154,5,0,0,0,6370,308,6062,5917,5725,33,113,34,5,7,145,141,4,0,0,0,4439,3378,1061
Lane County,OR,50,4,9,41,39,11792524334,437051225,351715,156112,43.9282763,-122.8976779,351715,337052,310685,3369,4070,8322,769,9837,14663,13446,1938,5704,3129,415,1501,137,58,18,54,63,24,89,186,101,29,1114,86,17,0,351715,26167,325548,313743,297808,3102,3418,8169,732,514,11805,10871,874,52,8,0,282026,273377,253832,2482,3032,6943,603,6485,8649,8037,554,43,15,0,282026,16322,265704,258464,245734,2335,2621,6844,577,353,7240,6760,444,28,8,0,156112,145966,10146
Lincoln County,OR,50,4,9,41,41,2537580591,554304210,46034,30610,44.6410762,-123.9111826,46034,44313,40393,193,1590,492,59,1586,1721,1626,97,993,195,50,219,12,3,0,1,13,8,13,12,8,2,91,3,1,0,46034,3655,42379,41025,38863,159,1433,482,52,36,1354,1277,76,1,0,0,38081,37023,34308,135,1075,427,50,1028,1058,1007,50,0,1,0,38081,2248,35833,34945,33349,113,988,419,45,31,888,844,44,0,0,0,30610,20550,10060
Linn County,OR,50,4,9,41,43,5931407318,48773626,116672,48821,44.4948239,-122.5437555,116672,112852,105669,534,1488,1111,162,3888,3820,3570,364,1733,570,139,574,12,8,13,15,11,11,36,50,25,9,229,17,4,0,116672,9127,107545,104657,101579,456,1268,1078,150,126,2888,2706,169,10,3,0,88499,86463,81702,344,1088,856,120,2353,2036,1917,107,8,4,0,88499,5176,83323,81703,79412,297,955,834,116,89,1620,1534,78,5,3,0,48821,45204,3617
Malheur County,OR,50,4,9,41,45,25608588996,109215531,31313,11692,43.1876999,-117.6039759,31313,30412,24272,370,364,527,30,4849,901,866,58,267,132,16,345,0,3,0,10,6,0,13,2,12,2,34,1,0,0,31313,9867,21446,21016,19906,331,235,511,12,21,430,414,16,0,0,0,23309,22838,18839,335,258,474,19,2913,471,450,20,1,0,0,23309,5872,17437,17178,16193,311,187,467,8,12,259,250,9,0,0,0,11692,10411,1281
Marion County,OR,50,4,9,41,47,3062209653,26362209,315335,120948,44.9008984,-122.5762602,315335,303129,246656,3371,4959,5995,2329,39819,12206,11292,1427,3337,1859,409,3181,115,73,7,118,69,54,252,160,145,86,839,60,14,1,315335,76594,238741,231409,216758,2906,3290,5790,2254,411,7332,6750,533,43,6,0,231954,225721,190033,2445,3440,4612,1435,23756,6233,5819,379,25,10,0,231954,43961,187993,183958,173166,2187,2444,4494,1398,269,4035,3733,277,19,6,0,120948,112957,7991
Morrow County,OR,50,4,9,41,49,5261843781,43778396,11173,4442,45.4254956,-119.6023111,11173,10884,8680,55,139,104,14,1892,289,270,16,107,27,4,81,9,1,0,2,7,0,10,0,2,4,16,3,0,0,11173,3497,7676,7495,7218,36,112,100,13,16,181,169,12,0,0,0,7983,7810,6452,32,101,80,7,1138,173,169,2,2,0,0,7983,2035,5948,5838,5638,19,86,80,7,8,110,108,2,0,0,0,4442,3916,526
Multnomah County,OR,50,4,9,41,51,1117054236,88853180,735334,324832,45.5476932,-122.4171728,735334,701491,562421,41401,7825,47950,4029,37865,33843,30537,6713,6751,8731,840,3729,840,496,128,427,180,59,292,792,394,165,3028,243,30,5,735334,80138,655196,628647,530303,39919,5527,47508,3870,1520,26549,24038,2309,179,22,1,584651,565811,466163,29746,5895,37524,2710,23773,18840,17153,1538,126,20,3,584651,49908,534743,519595,445428,28822,4434,37212,2606,1093,15148,13821,1213,98,15,1,324832,304540,20292
Polk County,OR,50,4,9,41,53,1918629058,8099319,75403,30302,44.9043946,-123.3973288,75403,72534,64808,424,1616,1435,210,4041,2869,2645,311,1010,560,140,409,30,17,7,8,18,3,48,54,15,15,203,19,2,0,75403,9088,66315,64159,60702,394,1380,1403,201,79,2156,2005,135,14,2,0,57070,55512,50287,312,1103,1128,163,2519,1558,1452,94,11,1,0,57070,5320,51750,50518,47926,291,980,1106,154,61,1232,1158,67,6,1,0,30302,28288,2014
Sherman County,OR,50,4,9,41,55,2133357976,19403364,1765,918,45.3992158,-120.6785124,1765,1733,1648,4,29,3,1,48,32,30,0,6,9,0,14,0,1,0,0,0,0,0,0,0,0,2,0,0,0,1765,98,1667,1649,1616,2,21,3,1,6,18,16,2,0,0,0,1416,1399,1345,3,20,3,1,27,17,16,1,0,0,0,1416,47,1369,1357,1331,1,17,3,1,4,12,11,1,0,0,0,918,777,141
Tillamook County,OR,50,4,9,41,57,2855668955,596172498,25250,18359,45.4557425,-123.7593269,25250,24637,23102,85,260,227,59,904,613,573,41,263,93,51,87,1,1,0,7,6,0,3,17,2,1,35,5,0,0,25250,2284,22966,22488,21902,62,220,223,56,25,478,441,33,4,0,0,20245,19874,18876,61,194,193,42,508,371,357,11,3,0,0,20245,1265,18980,18673,18210,46,172,190,40,15,307,296,9,2,0,0,18359,10834,7525
Umatilla County,OR,50,4,9,41,59,8328130471,41173770,75889,29693,45.5911997,-118.7338795,75889,73545,59995,638,2662,664,101,9485,2344,2221,187,890,217,36,676,32,0,1,17,13,7,69,16,45,15,120,3,0,0,75889,18107,57782,56407,52691,557,2383,626,95,55,1375,1296,76,3,0,0,55689,54482,45817,518,1865,518,64,5700,1207,1148,57,2,0,0,55689,10651,45038,44282,41489,478,1714,502,59,40,756,720,34,2,0,0,29693,26904,2789
Union County,OR,50,4,9,41,61,5274784008,4995881,25748,11489,45.3040466,-117.9991356,25748,25158,23968,132,289,209,227,333,590,542,71,244,97,39,71,0,2,3,0,1,4,1,7,2,0,46,1,1,0,25748,1002,24746,24264,23407,126,255,204,223,49,482,441,39,1,1,0,19951,19632,18778,97,214,166,160,217,319,297,20,1,1,0,19951,608,19343,19074,18438,92,197,162,157,28,269,251,16,1,1,0,11489,10501,988
Wallowa County,OR,50,4,9,41,63,8148590560,14199323,7008,4108,45.593753,-117.1855796,7008,6870,6731,26,45,24,7,37,138,130,16,74,24,5,7,1,0,0,0,1,0,0,2,0,0,8,0,0,0,7008,156,6852,6726,6625,26,38,24,6,7,126,118,8,0,0,0,5689,5611,5511,15,32,20,3,30,78,75,3,0,0,0,5689,103,5586,5511,5440,15,28,20,2,6,75,72,3,0,0,0,4108,3133,975
Wasco County,OR,50,4,9,41,65,6168106312,35946723,25213,11487,45.1645359,-121.1650693,25213,24571,21700,106,1117,192,145,1311,642,622,44,294,88,25,109,4,1,0,3,11,3,18,6,6,10,20,0,0,0,25213,3743,21470,21008,19556,85,1018,191,142,16,462,450,12,0,0,0,19365,19023,17095,67,772,155,98,836,342,334,8,0,0,0,19365,2158,17207,16943,15904,57,718,154,96,14,264,260,4,0,0,0,11487,10031,1456
Washington County,OR,50,4,9,41,67,1875746999,5672547,529710,212450,45.5535419,-123.0976146,529710,507180,405642,9616,3937,45755,2433,39797,22530,20479,2999,3646,7512,790,3220,211,215,53,218,108,37,205,664,486,115,1882,148,14,7,529710,83270,446440,429436,369453,8861,2559,45354,2269,940,17004,15450,1436,107,9,2,393872,383013,312989,6611,2756,34338,1686,24633,10859,9943,829,72,9,6,393872,50070,343802,335563,291219,6169,1919,34100,1587,569,8239,7516,665,51,5,2,212450,200934,11516
Wheeler County,OR,50,4,9,41,69,4441179416,1242192,1441,895,44.7364108,-120.026875,1441,1397,1332,0,18,8,2,37,44,44,0,33,9,1,1,0,0,0,0,0,0,0,0,0,0,0,0,0,0,1441,62,1379,1338,1307,0,16,8,2,5,41,41,0,0,0,0,1182,1159,1115,0,10,5,2,27,23,23,0,0,0,0,1182,40,1142,1120,1100,0,10,5,2,3,22,22,0,0,0,0,895,651,244
Yamhill County,OR,50,4,9,41,71,1854068926,6429807,99193,37110,45.2481382,-123.3161171,99193,95933,84758,872,1520,1474,172,7137,3260,3021,321,1150,629,110,580,24,9,3,15,20,8,52,57,34,9,223,16,0,0,99193,14592,84601,82228,78448,784,1272,1418,163,143,2373,2204,162,7,0,0,74364,72579,65129,642,1118,1132,141,4417,1785,1658,119,8,0,0,74364,8844,65520,64146,61275,589,959,1099,136,88,1374,1279,91,4,0,0,37110,34726,2384
Adams County,PA,50,1,2,42,1,1343342705,8081576,101407,40820,39.8694707,-77.2177296,101407,100063,94979,1561,213,746,20,2544,1344,1261,431,307,200,19,201,22,10,5,19,1,0,10,5,21,10,71,10,2,0,101407,6115,95292,94262,91830,1450,146,737,20,79,1030,962,56,10,2,0,78969,78366,74932,1135,156,573,14,1556,603,567,31,3,2,0,78969,3596,75373,74901,73103,1064,114,565,14,41,472,439,28,3,2,0,40820,38013,2807
Allegheny County,PA,50,1,2,42,3,1890884266,37418903,1223348,589201,40.4689204,-79.9809196,1223348,1200749,997295,161861,1702,34090,278,5523,22599,20570,10118,2254,3876,178,981,1511,432,113,504,68,11,43,98,357,26,1877,132,19,1,1223348,19070,1204278,1183929,986212,159998,1426,33944,251,2098,20349,18659,1576,101,12,1,981685,970963,822357,116309,1307,27123,213,3654,10722,9595,1035,75,16,1,981685,13114,968571,959008,814423,115179,1130,27016,195,1065,9563,8597,894,59,12,1,589201,533960,55241
Armstrong County,PA,50,1,2,42,5,1691787010,27556878,68941,32520,40.8123792,-79.4641277,68941,68413,67565,553,45,150,9,91,528,512,235,149,77,4,36,3,3,0,1,1,0,0,1,2,0,15,1,0,0,68941,366,68575,68087,67326,540,41,147,8,25,488,474,13,1,0,0,54752,54522,53905,408,37,106,5,61,230,220,9,1,0,0,54752,225,54527,54314,53761,399,35,104,5,10,213,205,7,1,0,0,32520,28713,3807
Beaver County,PA,50,1,2,42,7,1125900054,24167050,170539,78211,40.6841401,-80.3507209,170539,167585,155561,10676,181,724,40,403,2954,2777,1685,431,258,32,139,110,30,8,44,5,0,7,10,13,5,169,5,3,0,170539,1998,168541,165830,154196,10586,158,717,32,141,2711,2556,147,5,3,0,135661,134546,126015,7618,135,521,22,235,1115,1022,85,5,3,0,135661,1214,134447,133426,125156,7561,122,517,19,51,1021,937,76,5,3,0,78211,71383,6828
Bedford County,PA,50,1,2,42,9,2621835502,11936863,49762,23954,39.997115,-78.4899795,49762,49361,48782,238,75,101,14,151,401,387,139,129,67,7,28,3,2,0,4,1,1,1,0,5,0,14,0,0,0,49762,450,49312,48958,48535,236,57,101,5,24,354,346,8,0,0,0,39023,38815,38377,180,58,78,10,112,208,198,10,0,0,0,39023,291,38732,38552,38232,179,45,78,5,13,180,173,7,0,0,0,23954,20233,3721
Berks County,PA,50,1,2,42,11,2218341544,23955804,411442,164827,40.4139565,-75.9268598,411442,401190,342148,20143,1285,5385,128,32101,10252,9606,3303,930,961,69,2588,174,105,42,772,25,5,191,43,170,228,599,36,11,0,411442,67355,344087,339135,316406,16517,536,5244,58,374,4952,4656,270,19,7,0,313306,308452,269978,13786,863,3930,107,19788,4854,4548,278,21,7,0,313306,40422,272884,270610,254324,11789,410,3850,52,185,2274,2116,138,13,7,0,164827,154356,10471
Blair County,PA,50,1,2,42,13,1361815301,3285521,127089,56276,40.4979262,-78.3106398,127089,125542,122238,2129,143,706,29,297,1547,1455,780,276,221,22,70,28,8,5,17,1,4,1,5,16,1,88,4,0,0,127089,1230,125859,124438,121495,2051,125,689,26,52,1421,1351,69,1,0,0,100211,99545,97177,1492,116,553,17,190,666,623,42,1,0,0,100211,795,99416,98806,96694,1442,103,541,15,11,610,577,33,0,0,0,56276,52159,4117
Bradford County,PA,50,1,2,42,15,2971749132,35276067,62622,29979,41.7914949,-76.5021237,62622,61976,61035,311,154,339,7,130,646,618,150,278,104,9,46,4,1,1,13,3,0,0,4,5,0,28,0,0,0,62622,702,61920,61342,60584,269,127,330,5,27,578,555,23,0,0,0,48384,48026,47367,186,125,262,6,80,358,347,11,0,0,0,48384,444,47940,47614,47070,165,109,256,4,10,326,317,9,0,0,0,29979,25321,4658
Bucks County,PA,50,1,2,42,17,1565148677,45497815,625249,245956,40.3368872,-75.10706,625249,614867,557647,22376,1232,24008,174,9430,10382,9643,2986,1345,2475,118,1301,253,156,49,222,110,3,43,45,465,72,695,31,13,0,625249,26782,598467,590255,543207,21454,750,23893,138,813,8212,7689,493,20,10,0,481735,476772,435895,15739,899,17655,126,6458,4963,4581,353,18,11,0,481735,17346,464389,460473,426542,15217,572,17572,103,467,3916,3624,272,12,8,0,245956,234849,11107
Butler County,PA,50,1,2,42,19,2042475490,15921864,183862,78167,40.9138336,-79.9189599,183862,182170,177605,2021,194,1838,50,462,1692,1581,564,407,402,30,83,39,12,5,5,0,2,1,5,25,1,109,2,0,0,183862,1941,181921,180354,176259,1954,166,1826,47,102,1567,1467,99,1,0,0,142596,141825,138627,1429,134,1313,42,280,771,716,54,1,0,0,142596,1208,141388,140667,137770,1389,120,1304,40,44,721,673,48,0,0,0,78167,72835,5332
Cambria County,PA,50,1,2,42,21,1782819861,13680552,143679,65650,40.4941269,-78.7152843,143679,141921,135206,5222,147,729,29,588,1758,1643,986,254,153,27,87,41,21,9,31,10,0,3,11,10,0,105,10,0,0,143679,2006,141673,140104,134073,5073,108,720,28,102,1569,1482,78,9,0,0,115444,114730,109562,3999,124,561,26,458,714,655,52,7,0,0,115444,1449,113995,113371,108768,3894,92,557,25,35,624,580,37,7,0,0,65650,58950,6700
Cameron County,PA,50,1,2,42,23,1026232612,5664007,5085,4455,41.4382888,-78.1983145,5085,5043,5000,13,13,14,0,3,42,42,15,20,5,1,1,0,0,0,0,0,0,0,0,0,0,0,0,0,0,5085,19,5066,5024,4985,12,13,14,0,0,42,42,0,0,0,0,4100,4079,4048,10,10,9,0,2,21,21,0,0,0,0,4100,12,4088,4067,4039,9,10,9,0,0,21,21,0,0,0,0,4455,2273,2182
Carbon County,PA,50,1,2,42,25,987977465,15350043,65249,34299,40.9178325,-75.7094276,65249,64460,62519,976,123,311,27,504,789,740,209,214,103,9,125,16,14,1,17,0,0,8,3,18,3,45,4,0,0,65249,2145,63104,62520,61168,888,100,304,24,36,584,557,25,2,0,0,51709,51336,50013,673,96,231,17,306,373,347,24,2,0,0,51709,1254,50455,50180,49215,620,80,230,16,19,275,264,11,0,0,0,34299,26684,7615
Centre County,PA,50,1,2,42,27,2874682925,7878533,153990,63297,40.9091603,-77.8478296,153990,151630,137625,4638,191,7986,48,1142,2360,2195,614,357,848,34,121,51,41,4,24,5,1,5,20,63,7,154,8,3,0,153990,3690,150300,148214,135427,4456,153,7934,42,202,2086,1955,122,6,3,0,129478,127957,115552,4156,160,7049,43,997,1521,1414,96,8,3,0,129478,3147,126331,125009,113699,4003,128,6997,38,144,1322,1244,69,6,3,0,63297,57573,5724
Chester County,PA,50,1,2,42,29,1943805957,22602804,498886,192462,39.9739654,-75.7497323,498886,489856,426707,30623,862,19296,161,12207,9030,8339,3033,1014,1924,83,1163,332,149,26,220,41,1,35,43,240,35,633,51,6,1,498886,32503,466383,459417,409561,29388,535,19216,117,600,6966,6470,461,28,6,1,374831,370748,325674,22894,639,13349,127,8065,4083,3735,319,23,5,1,374831,20982,353849,350802,314494,22187,418,13290,96,317,3047,2789,235,17,5,1,192462,182900,9562
Clarion County,PA,50,1,2,42,31,1556153827,23335960,39988,19962,41.1982385,-79.4204044,39988,39673,38873,484,58,191,8,59,315,294,99,95,57,3,17,14,1,1,1,2,0,2,1,1,0,21,0,0,0,39988,245,39743,39457,38724,468,45,191,5,24,286,267,19,0,0,0,32233,32053,31370,419,46,170,6,42,180,168,12,0,0,0,32233,156,32077,31906,31273,404,37,170,5,17,171,160,11,0,0,0,19962,16128,3834
Clearfield County,PA,50,1,2,42,33,2964816225,23933885,81642,38644,41.0002489,-78.473749,81642,80917,77912,1862,86,389,16,652,725,688,169,169,135,12,123,5,4,2,37,10,1,9,2,9,1,36,1,0,0,81642,1907,79735,79201,77031,1697,51,384,15,23,534,505,28,1,0,0,65346,64866,62076,1772,70,323,13,612,480,466,13,1,0,0,65346,1692,63654,63346,61346,1611,41,320,12,16,308,296,11,1,0,0,38644,32288,6356
Clinton County,PA,50,1,2,42,35,2299868539,23178658,39238,19080,41.2453009,-77.6491409,39238,38905,37860,625,34,200,15,171,333,328,121,110,67,4,20,1,0,2,1,0,0,0,1,0,1,5,0,0,0,39238,437,38801,38491,37618,612,29,199,15,18,310,305,5,0,0,0,31121,30954,30066,547,28,170,11,132,167,164,3,0,0,0,31121,299,30822,30668,29911,542,25,169,11,10,154,151,3,0,0,0,19080,15151,3929
Columbia County,PA,50,1,2,42,37,1251244127,18262890,67295,29498,41.0455174,-76.4042599,67295,66588,64227,1246,87,563,15,450,707,666,208,199,113,8,88,10,3,1,12,4,0,1,3,16,0,38,3,0,0,67295,1349,65946,65346,63500,1190,57,547,14,38,600,569,31,0,0,0,54739,54335,52447,1058,63,432,9,326,404,380,22,2,0,0,54739,922,53817,53465,51956,1013,47,418,8,23,352,335,17,0,0,0,29498,26479,3019
Crawford County,PA,50,1,2,42,39,2621839209,65310694,88765,44686,41.6868399,-80.1078113,88765,87749,85448,1547,162,403,19,170,1016,973,454,271,138,12,69,14,7,1,4,0,0,1,1,1,0,41,2,0,0,88765,823,87942,87020,84930,1503,150,397,13,27,922,884,36,2,0,0,68854,68439,66750,1145,119,306,16,103,415,397,18,0,0,0,68854,479,68375,67986,66421,1126,115,302,11,11,389,372,17,0,0,0,44686,35028,9658
Cumberland County,PA,50,1,2,42,41,1412732365,12542956,235406,99988,40.1647822,-77.2634399,235406,231164,213934,7527,363,7072,65,2203,4242,3926,1649,573,974,53,318,57,49,17,69,19,0,9,30,98,11,302,12,2,0,235406,6448,228958,225361,210514,7237,293,7028,60,229,3597,3342,244,11,0,0,186694,184818,171888,5701,293,5280,47,1609,1876,1751,119,4,2,0,186694,4157,182537,180936,169721,5539,249,5246,45,136,1601,1494,104,3,0,0,99988,93943,6045
Dauphin County,PA,50,1,2,42,43,1359864507,85809611,268100,120406,40.4125646,-76.7926343,268100,259816,194910,48386,578,8580,78,7284,8284,7586,4142,566,853,55,679,331,152,38,477,39,4,38,37,118,57,637,43,16,2,268100,18795,249305,243078,187402,46320,396,8507,44,409,6227,5743,449,28,7,0,205885,202274,157135,33523,428,6351,51,4786,3611,3275,310,16,8,2,205885,11570,194315,191581,152289,32474,307,6308,33,170,2734,2478,239,11,6,0,120406,110435,9971
Delaware County,PA,50,1,2,42,45,476152313,17508872,558979,222902,39.9166704,-75.3987862,558979,548000,405233,110260,874,26277,145,5211,10979,9931,3681,986,2066,79,724,785,365,131,530,140,12,33,48,327,24,947,89,7,5,558979,16537,542442,533312,397424,108231,674,26144,114,725,9130,8328,737,60,5,0,428567,423117,322896,76333,618,19508,102,3660,5450,4844,543,53,5,5,428567,10894,417673,413184,317542,75238,491,19417,81,415,4489,4010,440,34,5,0,222902,208700,14202
Elk County,PA,50,1,2,42,47,2142848183,12818723,31946,17585,41.4273339,-78.6539383,31946,31736,31469,89,34,96,6,42,210,197,54,63,35,8,21,7,0,0,0,2,0,0,5,2,0,12,1,0,0,31946,183,31763,31576,31345,85,32,95,5,14,187,176,10,1,0,0,25295,25189,24990,54,27,84,6,28,106,102,4,0,0,0,25295,100,25195,25098,24923,52,25,83,5,10,97,93,4,0,0,0,17585,13693,3892
Erie County,PA,50,1,2,42,49,2069799485,1966000953,280566,119138,42.1179519,-80.0963858,280566,274688,247569,20155,566,3077,90,3231,5878,5482,3063,725,672,79,439,150,40,7,189,10,2,9,20,61,16,362,34,0,0,280566,9518,271048,266119,242787,19485,447,3036,72,292,4929,4636,276,17,0,0,216758,214408,196095,13461,455,2298,61,2038,2350,2179,160,11,0,0,216758,5423,211335,209331,193329,13176,367,2273,54,132,2004,1867,133,4,0,0,119138,110413,8725
Fayette County,PA,50,1,2,42,51,2046968639,20644016,136606,62773,39.9141154,-79.6445856,136606,134767,127418,6325,184,405,24,411,1839,1721,1095,363,119,10,50,40,8,0,15,4,1,1,2,12,1,111,6,1,0,136606,1049,135557,133834,126888,6270,161,397,23,95,1723,1625,92,5,1,0,108926,108150,102587,4783,142,316,12,310,776,708,63,4,1,0,108926,705,108221,107493,102247,4756,129,310,11,40,728,668,55,4,1,0,62773,55997,6776
Forest County,PA,50,1,2,42,53,1106404231,8576324,7716,8760,41.513304,-79.249705,7716,7670,5937,1389,13,12,1,318,46,45,13,25,3,0,1,0,0,2,0,1,0,0,0,0,0,1,0,0,0,7716,418,7298,7253,5850,1374,11,12,1,5,45,44,1,0,0,0,6759,6735,5111,1292,13,11,1,307,24,23,1,0,0,0,6759,368,6391,6368,5059,1281,11,11,1,5,23,22,1,0,0,0,8760,2511,6249
Franklin County,PA,50,1,2,42,55,2000050083,1546381,149618,63219,39.9266863,-77.7244853,149618,146864,137674,4700,302,1310,29,2849,2754,2567,1215,463,333,21,294,75,32,14,59,2,0,8,7,30,14,170,13,4,0,149618,6438,143180,141035,135004,4348,230,1294,17,142,2145,2009,126,6,4,0,113878,112788,106700,3161,235,952,23,1717,1090,1011,71,7,1,0,113878,3728,110150,109296,105134,2961,182,943,15,61,854,793,59,1,1,0,63219,58389,4830
Fulton County,PA,50,1,2,42,57,1133252780,1305486,14845,7122,39.9107505,-78.1226171,14845,14691,14450,151,28,19,1,42,154,147,66,60,12,3,2,1,1,1,0,0,0,0,1,0,0,7,0,0,0,14845,123,14722,14581,14387,144,26,19,1,4,141,138,3,0,0,0,11414,11336,11164,107,26,15,1,23,78,76,2,0,0,0,11414,60,11354,11280,11133,103,25,15,1,3,74,73,1,0,0,0,7122,6014,1108
Greene County,PA,50,1,2,42,59,1491700255,5254540,38686,16460,39.8489829,-80.2256936,38686,38311,36584,1282,67,113,7,258,375,358,99,178,48,12,11,3,0,0,2,0,0,1,2,2,0,13,4,0,0,38686,465,38221,37869,36409,1272,59,113,6,10,352,337,12,3,0,0,31006,30770,29182,1214,50,80,6,238,236,225,7,4,0,0,31006,374,30632,30407,29062,1209,45,80,6,5,225,215,7,3,0,0,16460,14724,1736
Huntingdon County,PA,50,1,2,42,61,2265305450,37883358,45913,22365,40.4223212,-77.9685836,45913,45489,42470,2392,41,184,2,400,424,399,194,115,61,1,18,5,1,0,0,1,0,0,1,0,2,22,2,1,0,45913,727,45186,44805,42197,2369,36,181,0,22,381,365,14,1,1,0,36669,36475,33653,2249,31,158,0,384,194,179,12,2,1,0,36669,595,36074,35902,33477,2231,27,155,0,12,172,161,9,1,1,0,22365,17280,5085
Indiana County,PA,50,1,2,42,63,2141997762,18814066,88880,38236,40.6514319,-79.0875451,88880,88043,84360,2434,124,774,10,341,837,785,301,234,134,11,47,16,16,2,11,6,0,1,0,6,0,40,10,2,0,88880,947,87933,87169,83864,2374,103,768,9,51,764,716,36,10,2,0,72034,71530,68366,2143,95,637,7,282,504,470,26,7,1,0,72034,716,71318,70862,68010,2097,84,631,6,34,456,426,22,7,1,0,38236,35005,3231
Jefferson County,PA,50,1,2,42,65,1689783371,11322601,45200,22434,41.1302871,-78.9990439,45200,44839,44446,157,86,92,3,55,361,348,104,168,50,4,15,2,2,1,0,0,0,0,1,1,0,10,0,3,0,45200,275,44925,44585,44264,147,72,91,3,8,340,330,7,0,3,0,35443,35235,34916,138,70,75,1,35,208,198,7,0,3,0,35443,171,35272,35078,34802,131,64,74,1,6,194,186,5,0,3,0,22434,18561,3873
Juniata County,PA,50,1,2,42,67,1013592984,5606085,24636,10978,40.530673,-77.4004377,24636,24394,23845,151,31,85,3,279,242,225,61,70,32,4,43,0,2,2,6,1,0,3,0,1,0,17,0,0,0,24636,623,24013,23834,23584,134,24,85,1,6,179,165,14,0,0,0,18723,18629,18299,82,21,58,3,166,94,86,8,0,0,0,18723,331,18392,18324,18174,71,18,58,1,2,68,60,8,0,0,0,10978,9476,1502
Lackawanna County,PA,50,1,2,42,69,1189006298,15105278,214437,96832,41.4402497,-75.6095869,214437,211141,197296,5423,330,3644,55,4393,3296,3150,1403,410,539,37,434,52,31,4,93,39,1,6,13,74,14,138,8,0,0,214437,10682,203755,201221,192250,4794,220,3601,41,315,2534,2429,101,4,0,0,170490,168974,159559,3556,222,2875,37,2725,1516,1452,60,4,0,0,170490,6384,164106,162922,156508,3208,152,2848,29,177,1184,1134,48,2,0,0,96832,87226,9606
Lancaster County,PA,50,1,2,42,71,2444457103,103581050,519445,202952,40.0419921,-76.250198,519445,509244,460171,19035,1195,9860,164,18819,10201,9515,4046,1074,1304,80,1666,211,91,39,613,31,3,111,21,136,89,644,35,7,0,519445,44930,474515,467996,440969,16087,658,9726,108,448,6519,6156,337,22,4,0,390430,385961,352711,12981,843,7142,114,12170,4469,4141,308,13,7,0,390430,27732,362698,359848,340627,11351,510,7057,80,223,2850,2662,175,9,4,0,202952,193602,9350
Lawrence County,PA,50,1,2,42,73,927669548,11758743,91108,40975,40.9927352,-80.3344455,91108,89635,85484,3501,74,370,10,196,1473,1406,877,226,152,11,53,47,5,2,19,1,0,4,4,5,0,66,1,0,0,91108,931,90177,88817,84872,3448,54,365,9,69,1360,1305,54,1,0,0,71756,71221,68426,2349,59,270,8,109,535,501,33,1,0,0,71756,529,71227,70733,68065,2320,48,269,7,24,494,467,26,1,0,0,40975,37126,3849
Lebanon County,PA,50,1,2,42,75,937142582,1723769,133568,55592,40.3673441,-76.4580089,133568,131435,121566,2885,250,1533,36,5165,2133,2043,766,285,287,32,430,27,9,18,107,8,1,27,5,30,11,83,7,0,0,133568,12410,121158,119922,116010,2134,133,1504,30,111,1236,1190,42,4,0,0,102803,101796,95316,1881,179,1129,24,3267,1007,949,53,5,0,0,102803,7460,95343,94742,91993,1441,110,1115,21,62,601,569,30,2,0,0,55592,52258,3334
Lehigh County,PA,50,1,2,42,77,893975782,7960045,349497,142613,40.6142409,-75.5906269,349497,339442,276286,21440,1279,10247,126,30064,10055,9343,3149,713,1312,91,2277,175,139,38,725,83,10,209,20,245,157,671,35,6,0,349497,65615,283882,278627,250245,17230,442,10090,65,555,5255,4902,328,20,5,0,266817,262003,220551,14043,842,7346,88,19133,4814,4483,309,17,5,0,266817,40422,226395,223972,204319,11742,306,7267,50,288,2423,2249,161,9,4,0,142613,133983,8630
Luzerne County,PA,50,1,2,42,79,2305950580,41263613,320918,148748,41.1727868,-75.9760345,320918,316015,290943,10767,558,3135,57,10555,4903,4588,1856,615,639,67,774,119,32,18,210,32,9,71,18,58,70,300,15,0,0,320918,21491,299427,296231,283058,9539,280,3079,41,234,3196,3006,180,10,0,0,256118,253878,237013,7531,381,2363,43,6547,2240,2082,151,7,0,0,256118,12880,243238,241847,232335,6824,209,2327,32,120,1391,1298,89,4,0,0,148748,131932,16816
Lycoming County,PA,50,1,2,42,81,3182044798,39473357,116111,52500,41.3436239,-77.0552534,116111,114110,107573,5203,217,671,25,421,2001,1864,1123,334,175,24,82,59,11,0,30,1,0,5,2,10,8,127,9,1,0,116111,1559,114552,112751,106710,5060,191,663,24,103,1801,1697,101,3,0,0,91899,91152,86533,3670,182,491,15,261,747,688,54,5,0,0,91899,922,90977,90313,86013,3588,161,487,15,49,664,624,39,1,0,0,52500,46700,5800
McKean County,PA,50,1,2,42,83,2536109386,13007418,43450,21225,41.8145902,-78.5724631,43450,43063,41661,1046,100,193,3,60,387,369,111,150,68,3,17,4,4,0,4,0,1,1,6,0,0,18,0,0,0,43450,757,42693,42337,41039,1008,83,191,3,13,356,341,15,0,0,0,34301,34093,32814,989,85,163,2,40,208,200,8,0,0,0,34301,603,33698,33501,32298,956,75,161,2,9,197,189,8,0,0,0,21225,17183,4042
Mercer County,PA,50,1,2,42,85,1741960803,25978863,116638,51733,41.3000142,-80.2527863,116638,114881,106890,6726,156,728,16,365,1757,1655,918,331,192,46,83,41,13,9,7,2,0,6,1,6,0,99,1,2,0,116638,1248,115390,113772,106176,6620,132,726,15,103,1618,1531,85,1,1,0,91409,90723,85119,4675,122,561,15,231,686,631,52,1,2,0,91409,795,90614,89972,84641,4618,106,559,14,34,642,592,48,1,1,0,51733,46442,5291
Mifflin County,PA,50,1,2,42,87,1064565502,9544860,46682,21537,40.6118896,-77.6206614,46682,46201,45531,300,52,168,7,143,481,465,195,102,96,9,43,2,1,2,9,0,0,0,0,5,1,15,1,0,0,46682,534,46148,45732,45199,282,52,167,6,26,416,400,15,1,0,0,35898,35683,35243,184,43,129,6,78,215,206,9,0,0,0,35898,258,35640,35441,35079,174,43,128,6,11,199,190,9,0,0,0,21537,18743,2794
Monroe County,PA,50,1,2,42,89,1575452175,23238961,169842,80359,41.0562332,-75.3290369,169842,164940,131162,22348,572,3484,79,7295,4902,4485,1436,538,592,23,838,275,121,49,408,13,0,30,10,108,44,382,30,5,0,169842,22288,147554,144518,119741,20461,358,3395,60,503,3036,2785,230,18,3,0,129268,126845,103809,15198,433,2592,63,4750,2423,2215,196,9,3,0,129268,14175,115093,113534,96233,14131,276,2550,51,293,1559,1417,133,7,2,0,80359,61091,19268
Montgomery County,PA,50,1,2,42,91,1251067046,10761519,799874,325735,40.2099992,-75.3702011,799874,784354,649021,69351,1174,51565,296,12947,15520,14272,5397,1325,3655,136,1305,635,379,71,436,154,12,55,89,582,41,1128,100,15,5,799874,34233,765641,752938,631784,67582,791,51354,221,1206,12703,11779,853,60,11,0,616375,609345,509847,51070,839,38244,220,9125,7030,6378,593,46,9,4,616375,22772,593603,587976,498422,50034,583,38115,171,651,5627,5117,472,31,7,0,325735,307750,17985
Montour County,PA,50,1,2,42,93,337326235,5407929,18267,7965,41.029261,-76.6652592,18267,18093,17408,256,16,326,2,85,174,155,64,41,25,1,14,0,0,0,0,2,0,0,0,8,0,19,0,0,0,18267,324,17943,17790,17206,237,12,323,2,10,153,135,18,0,0,0,14393,14313,13873,153,14,227,1,45,80,71,9,0,0,0,14393,196,14197,14124,13739,142,12,224,1,6,73,64,9,0,0,0,7965,7393,572
Northampton County,PA,50,1,2,42,95,957444154,20006520,297735,120363,40.7527913,-75.3074468,297735,291080,256895,14986,609,7203,98,11289,6655,6189,2279,684,984,71,1229,153,79,18,359,19,0,41,28,184,61,436,22,6,2,297735,31179,266556,262326,241163,13207,329,7131,74,422,4230,3978,237,9,4,2,232558,229309,205662,10150,435,5470,73,7519,3249,3013,219,12,3,2,232558,19959,212599,210567,195443,9176,250,5423,54,221,2032,1899,122,6,3,2,120363,113565,6798
Northumberland County,PA,50,1,2,42,97,1187166553,49616087,94528,45125,40.8515244,-76.709877,94528,93540,90156,1921,146,332,13,972,988,932,386,248,107,16,129,23,5,1,11,2,1,1,0,1,1,51,3,2,0,94528,2253,92275,91504,89166,1814,115,325,10,74,771,729,38,2,2,0,75085,74655,72119,1528,104,249,8,647,430,399,26,3,2,0,75085,1350,73735,73399,71553,1461,84,245,8,48,336,313,19,2,2,0,45125,39242,5883
Perry County,PA,50,1,2,42,99,1428236088,10598014,45969,20424,40.3977795,-77.2663284,45969,45503,44779,296,72,164,19,173,466,432,147,160,55,4,44,11,3,1,1,1,0,1,3,1,0,30,4,0,0,45969,588,45381,44971,44427,284,58,163,14,25,410,388,22,0,0,0,35263,35032,34598,167,53,108,16,90,231,219,11,1,0,0,35263,328,34935,34727,34396,160,45,108,12,6,208,198,10,0,0,0,20424,17903,2521
Philadelphia County,PA,50,1,2,42,101,347321129,22289408,1526006,670171,40.0093755,-75.1333459,1526006,1482936,626221,661839,6996,96405,744,90731,43070,38717,10964,2097,5312,296,6285,4149,1689,657,3760,383,43,663,254,1513,652,3961,341,48,3,1526006,187611,1338395,1310453,562585,644287,3498,95521,457,4105,27942,25160,2554,194,31,3,1182169,1156042,530395,482109,4890,77138,565,60945,26127,23341,2539,213,31,3,1182169,124039,1058130,1040508,486225,471774,2656,76570,371,2912,17622,15699,1778,120,22,3,670171,599736,70435
Pike County,PA,50,1,2,42,103,1411441365,56692061,57369,38350,41.3259485,-75.0315143,57369,56160,50856,3322,176,597,16,1193,1209,1079,313,252,137,10,220,45,19,0,55,8,1,7,1,10,1,114,16,0,0,57369,5173,52196,51399,47549,3050,127,583,13,77,797,725,68,4,0,0,44011,43402,39689,2325,134,433,12,809,609,541,59,9,0,0,44011,3336,40675,40264,37520,2166,97,423,10,48,411,368,40,3,0,0,38350,21925,16425
Potter County,PA,50,1,2,42,105,2800614301,559776,17457,12932,41.7482219,-77.894735,17457,17316,17128,67,45,45,1,30,141,133,22,68,26,6,7,0,0,0,1,1,0,0,1,1,0,8,0,0,0,17457,181,17276,17140,17000,61,32,45,1,1,136,128,8,0,0,0,13556,13470,13344,43,26,33,1,23,86,84,2,0,0,0,13556,110,13446,13361,13266,40,21,33,1,0,85,83,2,0,0,0,12932,7227,5705
Schuylkill County,PA,50,1,2,42,107,2016651953,10828794,148289,69323,40.7036899,-76.2178,148289,146806,140013,3967,212,710,26,1878,1483,1410,565,314,204,28,187,33,14,2,22,1,2,6,4,14,14,66,6,1,0,148289,4080,144209,143038,138248,3841,162,703,24,60,1171,1120,48,2,1,0,118551,117894,112196,3533,163,562,18,1422,657,617,37,2,1,0,118551,2673,115878,115345,111154,3455,133,555,17,31,533,501,31,0,1,0,69323,60192,9131
Snyder County,PA,50,1,2,42,109,851343254,7292556,39702,16027,40.755348,-77.0729544,39702,39375,38476,428,53,214,6,198,327,316,106,107,45,3,38,3,0,3,2,1,0,5,1,1,1,8,3,0,0,39702,657,39045,38773,38127,375,43,211,5,12,272,264,6,2,0,0,30808,30635,30031,266,37,169,4,128,173,167,5,1,0,0,30808,415,30393,30250,29804,237,31,166,4,8,143,137,5,1,0,0,16027,14750,1277
Somerset County,PA,50,1,2,42,111,2782615877,16984191,77742,38113,39.9812968,-79.0284859,77742,77276,74603,1863,86,239,17,468,466,438,119,170,82,18,34,6,1,1,2,1,0,0,1,3,0,27,1,0,0,77742,840,76902,76462,74265,1856,76,238,16,11,440,416,23,1,0,0,62611,62370,59881,1796,64,175,12,442,241,231,9,1,0,0,62611,668,61943,61716,59675,1792,58,175,11,5,227,218,8,1,0,0,38113,31090,7023
Sullivan County,PA,50,1,2,42,113,1165338335,6617026,6428,6304,41.4397901,-76.5115249,6428,6385,6163,168,26,20,0,8,43,43,6,31,2,4,0,0,0,0,0,0,0,0,0,0,0,0,0,0,0,6428,92,6336,6297,6089,163,26,19,0,0,39,39,0,0,0,0,5402,5368,5199,125,25,13,0,6,34,34,0,0,0,0,5402,61,5341,5311,5152,122,25,12,0,0,30,30,0,0,0,0,6304,2777,3527
Susquehanna County,PA,50,1,2,42,115,2132685970,22553103,43356,22968,41.8196651,-75.8009686,43356,42997,42510,156,57,123,12,139,359,349,80,133,76,12,24,6,4,3,2,2,0,0,1,0,6,10,0,0,0,43356,564,42792,42467,42117,150,52,121,9,18,325,316,9,0,0,0,34189,33985,33622,110,48,99,10,96,204,199,5,0,0,0,34189,364,33825,33635,33367,105,45,97,8,13,190,186,4,0,0,0,22968,17798,5170
Tioga County,PA,50,1,2,42,117,2936496911,8230721,41981,21364,41.7668593,-77.2572882,41981,41543,40852,333,91,183,4,80,438,400,124,162,59,8,33,6,0,0,0,3,0,1,1,0,3,37,1,0,0,41981,437,41544,41158,40560,322,81,181,4,10,386,357,28,1,0,0,33391,33139,32597,262,70,150,4,56,252,227,25,0,0,0,33391,279,33112,32889,32410,257,63,149,4,6,223,205,18,0,0,0,21364,16727,4637
Union County,PA,50,1,2,42,119,818389897,4648544,44947,16997,40.962179,-77.0554751,44947,44235,39414,3324,159,522,24,792,712,667,190,114,109,11,104,23,7,4,57,8,0,9,23,6,2,37,7,1,0,44947,2346,42601,42076,38311,3048,125,520,21,51,525,497,22,5,1,0,36637,36177,31721,3120,148,439,21,728,460,426,29,4,1,0,36637,2058,34579,34263,30789,2864,115,437,19,39,316,295,18,2,1,0,16997,14765,2232
Venango County,PA,50,1,2,42,121,1746387330,22148536,54984,27464,41.4019797,-79.7544181,54984,54362,53390,571,85,197,11,108,622,588,281,173,63,13,26,9,7,1,2,3,0,3,3,3,1,31,2,1,0,54984,478,54506,53924,53052,567,81,196,10,18,582,555,25,1,1,0,43152,42870,42241,348,71,138,7,65,282,267,13,1,1,0,43152,275,42877,42613,42044,347,68,137,7,10,264,252,10,1,1,0,27464,22621,4843
Warren County,PA,50,1,2,42,123,2289898600,37368011,41815,23560,41.8436691,-79.3131731,41815,41482,41031,149,80,157,12,53,333,319,80,128,65,13,21,3,1,0,0,1,0,1,0,2,4,14,0,0,0,41815,305,41510,41206,40827,136,71,156,12,4,304,290,14,0,0,0,33097,32929,32595,108,69,123,9,25,168,162,6,0,0,0,33097,192,32905,32754,32461,97,62,122,9,3,151,145,6,0,0,0,23560,17767,5793
Washington County,PA,50,1,2,42,125,2219591093,10146905,207820,92977,40.2000054,-80.2521319,207820,204653,195657,6757,251,1327,31,630,3167,2975,1707,554,356,34,143,66,35,10,34,4,1,2,10,16,3,185,6,1,0,207820,2366,205454,202554,194171,6650,214,1313,28,178,2900,2744,152,4,0,0,165136,163778,157023,5182,199,962,27,385,1358,1263,92,2,1,0,165136,1538,163598,162352,156014,5120,173,952,25,68,1246,1165,79,2,0,0,92977,85089,7888
Wayne County,PA,50,1,2,42,127,1879304853,64776959,52822,31653,41.6465894,-75.2924847,52822,52223,49759,1644,101,255,4,460,599,566,180,155,99,6,70,8,5,1,29,1,0,3,1,6,2,31,2,0,0,52822,1816,51006,50525,48590,1563,85,252,3,32,481,452,28,1,0,0,42780,42438,40213,1511,92,216,3,403,342,325,15,2,0,0,42780,1380,41400,41135,39369,1445,77,213,3,28,265,250,14,1,0,0,31653,20625,11028
Westmoreland County,PA,50,1,2,42,129,2661353634,22067359,365169,168199,40.3110682,-79.4666879,365169,360694,348182,8562,351,2704,62,833,4475,4151,2428,724,549,52,149,101,44,14,33,10,0,3,14,27,3,295,14,13,2,365169,3179,361990,357834,346111,8425,305,2692,59,242,4156,3895,248,7,4,2,292558,290762,281691,6280,268,1965,47,511,1796,1652,132,7,4,1,292558,2024,290534,288873,280335,6201,242,1953,46,96,1661,1539,116,4,1,1,168199,153650,14549
Wyoming County,PA,50,1,2,42,131,1029063118,20021064,28276,13254,41.525137,-76.0087796,28276,28017,27545,208,54,95,3,112,259,243,79,93,32,4,25,2,1,1,1,1,0,1,1,0,2,13,3,0,0,28276,437,27839,27610,27270,185,51,94,3,7,229,214,12,3,0,0,22127,21997,21664,135,44,76,3,75,130,122,5,3,0,0,22127,260,21867,21748,21503,122,41,75,3,4,119,111,5,3,0,0,13254,11237,2017
York County,PA,50,1,2,42,133,2341819225,16941352,434972,178671,39.921839,-76.7284464,434972,426277,385135,24344,942,5407,123,10326,8695,8072,3854,1193,1153,89,894,201,91,34,317,23,1,60,28,80,54,542,63,18,0,434972,24397,410575,403960,374779,22493,635,5336,108,609,6615,6172,380,51,12,0,332958,329362,301767,16224,695,3895,92,6689,3596,3334,219,31,12,0,332958,14745,318213,315527,295425,15284,509,3855,84,370,2686,2486,165,27,8,0,178671,168372,10299
Bristol County,RI,50,1,1,44,1,62584939,53316445,49875,20850,41.7052705,-71.285053,49875,49134,47752,398,80,716,3,185,741,687,158,184,193,23,61,23,5,0,22,3,0,4,2,8,1,49,2,3,0,49875,989,48886,48244,47052,363,71,704,3,51,642,599,41,2,0,0,39715,39338,38367,286,52,497,3,133,377,350,26,0,1,0,39715,630,39085,38755,37922,260,49,490,3,31,330,309,21,0,0,0,20850,19150,1700
Kent County,RI,50,1,1,44,3,436484769,50750734,166158,73701,41.6777498,-71.5763135,166158,163088,155219,2405,437,3378,39,1610,3070,2795,749,562,633,58,390,139,22,8,97,15,5,29,10,64,14,253,22,0,0,166158,5309,160849,158305,152141,2157,355,3346,29,277,2544,2313,214,17,0,0,131904,130382,124624,1790,326,2513,27,1102,1522,1403,112,7,0,0,131904,3193,128711,127417,122790,1635,277,2494,24,197,1294,1191,97,6,0,0,73701,68645,5056
Newport County,RI,50,1,1,44,5,265178425,547026490,82888,41796,41.5027319,-71.284063,82888,80409,74729,2864,315,1288,63,1150,2479,2204,814,279,537,34,197,130,25,6,72,7,7,35,8,31,22,242,25,8,0,82888,3512,79376,77323,72836,2645,260,1263,45,274,2053,1837,193,15,8,0,66462,65318,61050,2184,226,1011,47,800,1144,1018,110,11,5,0,66462,2219,64243,63295,59821,2053,197,994,35,195,948,845,91,7,5,0,41796,34911,6885
Providence County,RI,50,1,1,44,7,1060604571,67737918,626667,264835,41.8704877,-71.5782416,626667,600484,460033,53040,4123,23006,420,59862,26183,23734,5945,1707,2560,255,5580,1555,255,100,3873,116,13,668,80,471,556,2208,217,22,2,626667,117819,508848,492611,414326,45048,2327,22621,205,8084,16237,14577,1501,145,14,0,489042,473897,375181,37149,2834,17838,303,40592,15145,13852,1173,107,11,2,489042,76685,412357,402946,345426,32218,1678,17625,160,5839,9411,8535,805,67,4,0,264835,241717,23118
Washington County,RI,50,1,1,44,9,852713750,604836952,126979,62206,41.4011616,-71.6176118,126979,124665,119136,1482,1103,2069,29,846,2314,2035,535,491,509,30,147,182,16,1,39,14,1,22,10,27,11,262,15,2,0,126979,3026,123953,121950,117330,1347,1007,2054,23,189,2003,1770,224,9,0,0,101488,100318,96061,1154,782,1665,24,632,1170,1043,118,7,2,0,101488,1988,99500,98466,94864,1059,732,1654,18,139,1034,929,101,4,0,0,62206,49177,13029
Abbeville County,SC,50,3,5,45,1,1270347571,53116146,25417,12079,34.2138089,-82.4604603,25417,25126,17691,7187,60,75,5,108,291,279,132,69,32,1,15,21,1,1,4,1,0,0,1,1,0,10,1,1,0,25417,255,25162,24886,17564,7160,59,75,5,23,276,267,8,0,1,0,19630,19475,13882,5421,50,50,2,70,155,144,9,1,1,0,19630,164,19466,19319,13804,5403,49,50,2,11,147,139,7,0,1,0,12079,9990,2089
Aiken County,SC,50,3,5,45,3,2773965154,24764187,160099,72249,33.5493166,-81.6338704,160099,157009,111457,39354,682,1329,61,4126,3090,2896,1051,716,347,36,360,137,54,7,98,10,1,19,14,36,10,176,15,3,0,160099,7824,152275,149767,108566,39043,589,1318,52,199,2508,2350,143,12,3,0,123271,121753,88984,28493,537,1063,44,2632,1518,1413,95,7,3,0,123271,5002,118269,117028,87080,28295,471,1056,37,89,1241,1150,82,6,3,0,72249,64253,7996
Allendale County,SC,50,3,5,45,5,1056948617,11208072,10419,4486,32.9797838,-81.3634213,10419,10334,2465,7672,20,41,2,134,85,77,23,7,1,0,14,14,2,0,6,0,0,0,1,9,0,7,1,0,0,10419,239,10180,10122,2410,7645,19,41,2,5,58,54,4,0,0,0,8093,8050,2145,5771,16,34,2,82,43,38,4,1,0,0,8093,152,7941,7912,2101,5755,16,34,2,4,29,28,1,0,0,0,4486,3706,780
Anderson County,SC,50,3,5,45,7,1852945207,108805903,187126,84774,34.5195488,-82.6380859,187126,184264,149818,30020,478,1405,43,2500,2862,2707,1303,565,263,26,278,84,44,9,69,7,3,6,7,38,5,135,12,8,0,187126,5447,181679,179188,147362,29810,420,1384,29,183,2491,2368,104,12,7,0,142301,141108,116607,21516,363,1028,31,1563,1193,1101,79,6,7,0,142301,3465,138836,137808,115006,21386,327,1018,23,48,1028,951,65,6,6,0,84774,73829,10945
Bamberg County,SC,50,3,5,45,9,1018822336,5679056,15987,7716,33.203021,-81.0531608,15987,15832,5770,9837,42,68,3,112,155,134,51,36,8,0,13,14,5,0,3,0,0,1,0,2,1,15,2,4,0,15987,258,15729,15592,5691,9786,38,68,3,6,137,120,11,2,4,0,12414,12329,4618,7557,37,52,3,62,85,70,13,1,1,0,12414,167,12247,12176,4564,7521,33,52,3,3,71,59,10,1,1,0,7716,6048,1668
Barnwell County,SC,50,3,5,45,11,1420330485,22972577,22621,10484,33.2606803,-81.4337529,22621,22290,11899,10015,85,126,5,160,331,305,124,88,21,1,26,26,2,4,8,0,0,1,3,1,0,25,1,0,0,22621,411,22210,21910,11715,9964,84,126,2,19,300,274,25,1,0,0,16823,16673,9323,7083,68,89,5,105,150,131,18,1,0,0,16823,292,16531,16396,9187,7047,67,89,2,4,135,116,18,1,0,0,10484,8937,1547
Beaufort County,SC,50,3,5,45,13,1492559284,899026998,162233,93023,32.3581474,-80.6893201,162233,158900,116606,31290,481,1889,119,8515,3333,3072,1021,404,462,62,603,130,124,13,113,8,8,39,25,46,14,230,29,2,0,162233,19567,142666,140396,107279,30662,338,1822,78,217,2270,2073,173,23,1,0,127885,126312,96389,22383,370,1503,83,5584,1573,1445,115,12,1,0,127885,12942,114943,113919,90057,21990,268,1454,55,95,1024,927,90,6,1,0,93023,64945,28078
Berkeley County,SC,50,3,5,45,15,2846025358,337682749,177843,73372,33.2077,-79.9536554,177843,173033,118232,44514,1067,4046,184,4990,4810,4428,1303,840,1001,53,602,170,141,30,131,15,6,11,50,59,16,354,25,3,0,177843,10755,167088,163149,113553,44023,910,3981,146,536,3939,3618,298,20,3,0,132881,130540,91249,31712,796,3290,135,3358,2341,2165,159,14,3,0,132881,7051,125830,123910,88068,31442,680,3237,110,373,1920,1771,137,9,3,0,73372,65419,7953
Calhoun County,SC,50,3,5,45,17,987176844,29350934,15175,7340,33.6747804,-80.7803468,15175,14996,8177,6459,52,32,9,267,179,163,53,35,13,1,25,13,4,4,13,1,0,0,0,1,0,16,0,0,0,15175,458,14717,14570,8059,6420,43,31,9,8,147,132,15,0,0,0,11880,11783,6600,4939,42,19,3,180,97,90,7,0,0,0,11880,317,11563,11483,6506,4916,35,18,3,5,80,73,7,0,0,0,7340,6080,1260
Charleston County,SC,50,3,5,45,19,2372659352,1144534759,350209,169984,32.8004582,-79.94248,350209,344712,224910,104239,1068,4719,299,9477,5497,5058,1593,904,1008,50,607,290,159,41,225,14,11,22,39,72,23,395,38,6,0,350209,18877,331332,326954,217260,103479,838,4660,246,471,4378,4048,310,15,5,0,277551,274471,186314,76724,837,3833,214,6549,3080,2838,215,22,5,0,277551,13110,264441,261998,180791,76251,670,3791,178,317,2443,2258,172,9,4,0,169984,144309,25675
Cherokee County,SC,50,3,5,45,21,1016981703,11705005,55342,23997,35.0497962,-81.6076469,55342,54555,41525,11278,199,313,17,1223,787,763,361,190,40,7,110,20,8,5,14,2,1,1,0,1,3,24,0,0,0,55342,2032,53310,52645,40939,11214,129,308,6,49,665,644,21,0,0,0,41688,41316,32203,7989,148,233,15,728,372,360,12,0,0,0,41688,1217,40471,40157,31868,7940,95,229,6,19,314,303,11,0,0,0,23997,21519,2478
Chester County,SC,50,3,5,45,23,1503894983,14261785,33140,14701,34.689345,-81.161249,33140,32638,19814,12387,136,109,5,187,502,474,217,116,25,3,38,39,2,1,23,9,0,0,0,1,0,25,3,0,0,33140,479,32661,32218,19590,12349,130,104,5,40,443,424,16,3,0,0,25212,25004,15761,8979,93,74,1,96,208,192,13,3,0,0,25212,283,24929,24750,15626,8952,90,72,1,9,179,169,7,3,0,0,14701,12876,1825
Chesterfield County,SC,50,3,5,45,25,2069595909,17274489,46734,21482,34.6370178,-80.1592269,46734,45971,29352,15253,237,172,12,945,763,703,338,150,21,13,52,64,12,6,31,1,0,3,0,8,4,51,4,5,0,46734,1666,45068,44422,28790,15179,223,171,9,50,646,603,37,1,5,0,35177,34882,22936,11017,186,120,8,615,295,260,30,1,4,0,35177,1072,34105,33858,22564,10975,177,120,7,15,247,221,21,1,4,0,21482,18173,3309
Clarendon County,SC,50,3,5,45,27,1571958092,229766623,34971,17467,33.6646821,-80.2178886,34971,34682,16445,17504,86,225,4,418,289,270,107,53,12,0,34,31,16,2,9,1,0,4,0,1,0,17,2,0,0,34971,899,34072,33843,16160,17379,71,222,4,7,229,214,13,2,0,0,27162,27011,13469,13031,66,163,4,278,151,136,13,2,0,0,27162,585,26577,26459,13278,12957,56,160,4,4,118,106,10,2,0,0,17467,13132,4335
Colleton County,SC,50,3,5,45,29,2736299047,198897561,38892,19901,32.8349797,-80.6553452,38892,38305,22173,15178,322,126,7,499,587,549,216,135,37,2,44,42,14,10,15,4,1,5,1,21,2,29,9,0,0,38892,1094,37798,37309,21736,15109,308,125,7,24,489,465,19,5,0,0,29400,29122,17505,10961,216,97,7,336,278,252,18,8,0,0,29400,699,28701,28477,17235,10915,212,96,7,12,224,208,11,5,0,0,19901,15131,4770
Darlington County,SC,50,3,5,45,31,1453380435,14637405,68681,30297,34.3321854,-79.9621155,68681,67947,38366,28573,194,203,8,603,734,681,303,151,48,8,40,65,13,3,29,2,0,1,2,11,5,51,2,0,0,68681,1140,67541,66885,37993,28463,184,201,6,38,656,605,49,2,0,0,52023,51687,30592,20395,145,142,6,407,336,305,29,2,0,0,52023,736,51287,50980,30356,20321,139,140,4,20,307,278,27,2,0,0,30297,26531,3766
Dillon County,SC,50,3,5,45,33,1048614230,4454688,32062,13742,34.3901723,-79.3749638,32062,31538,15399,14782,790,78,8,481,524,505,194,141,15,7,26,82,12,1,16,1,1,7,1,0,1,19,0,0,0,32062,833,31229,30751,15152,14730,751,76,8,34,478,460,18,0,0,0,23488,23278,12087,10266,584,57,8,276,210,200,10,0,0,0,23488,481,23007,22815,11936,10238,564,55,8,14,192,183,9,0,0,0,13742,11923,1819
Dorchester County,SC,50,3,5,45,35,1484665975,6664942,136555,55186,33.0821859,-80.4046966,136555,132967,92621,35266,904,2052,146,1978,3588,3282,1154,573,690,64,283,170,123,21,116,15,4,14,27,28,0,287,18,1,0,136555,6075,130480,127460,89427,34861,853,2016,127,176,3020,2769,235,15,1,0,99529,97997,69861,24507,675,1573,96,1285,1532,1380,145,7,0,0,99529,3740,95789,94501,67855,24291,645,1546,87,77,1288,1161,120,7,0,0,55186,50259,4927
Edgefield County,SC,50,3,5,45,37,1296046259,16300263,26985,10559,33.7764976,-81.9682452,26985,26632,15825,10030,67,95,11,604,353,332,99,69,13,11,70,25,11,1,19,1,0,6,2,2,3,19,0,2,0,26985,1414,25571,25334,15196,9951,62,94,11,20,237,219,16,0,2,0,21214,20994,12587,7775,63,75,10,484,220,202,16,0,2,0,21214,1177,20037,19905,12045,7704,59,74,10,13,132,116,14,0,2,0,10559,9348,1211
Fairfield County,SC,50,3,5,45,39,1777449480,61135042,23956,11681,34.3956685,-81.1270007,23956,23692,9236,14167,50,55,2,182,264,247,126,46,19,3,8,20,7,5,8,0,0,1,0,4,0,17,0,0,0,23956,374,23582,23341,9098,14112,47,54,0,30,241,226,15,0,0,0,18525,18391,7760,10445,36,45,2,103,134,121,13,0,0,0,18525,256,18269,18151,7666,10406,33,44,0,2,118,106,12,0,0,0,11681,9419,2262
Florence County,SC,50,3,5,45,41,2071897847,9740547,136885,58666,34.0285346,-79.7102329,136885,135328,75116,56506,464,1671,23,1548,1557,1459,588,257,127,7,115,171,72,17,64,14,1,9,6,11,0,80,14,4,0,136885,3030,133855,132537,74105,56204,424,1660,23,121,1318,1242,66,9,1,0,103185,102475,59200,40767,369,1171,18,950,710,647,52,10,1,0,103185,1890,101295,100689,58534,40596,342,1162,18,37,606,553,46,6,1,0,58666,52653,6013
Georgetown County,SC,50,3,5,45,43,2107076193,572646611,60158,33672,33.41753,-79.3008115,60158,59609,38005,20214,136,271,14,969,549,523,167,100,36,4,80,65,20,11,26,1,2,4,0,7,0,26,0,0,0,60158,1867,58291,57873,37311,20128,128,269,6,31,418,394,24,0,0,0,47138,46854,31299,14617,113,195,10,620,284,266,18,0,0,0,47138,1188,45950,45728,30835,14572,106,193,6,16,222,205,17,0,0,0,33672,24524,9148
Greenville County,SC,50,3,5,45,45,2033451179,25241099,451225,195462,34.8926452,-82.3720772,451225,442755,333084,81497,1401,8849,257,17667,8470,7992,2932,1124,1318,100,1378,279,168,24,293,36,4,95,50,156,35,437,34,7,0,451225,36495,414730,408387,317197,80569,915,8772,217,717,6343,5977,338,22,6,0,341908,338014,259877,58775,1045,6501,183,11633,3894,3665,205,17,7,0,341908,23937,317971,315105,249258,58199,703,6441,159,345,2866,2685,163,12,6,0,195462,176531,18931
Greenwood County,SC,50,3,5,45,47,1177734978,21238099,69661,31054,34.1557959,-82.1278759,69661,68842,43783,21846,196,572,25,2420,819,777,293,134,89,8,126,31,18,1,26,7,1,1,1,37,4,41,1,0,0,69661,3789,65872,65241,42709,21728,139,568,11,86,631,600,30,1,0,0,53154,52769,34794,15919,132,428,16,1480,385,364,20,1,0,0,53154,2299,50855,50568,34148,15843,100,424,7,46,287,270,16,1,0,0,31054,27547,3507
Hampton County,SC,50,3,5,45,49,1450123027,7276754,21090,9140,32.7783233,-81.1433619,21090,20819,8999,11359,66,113,8,274,271,244,84,36,16,0,35,28,12,5,19,3,0,3,2,1,0,23,4,0,0,21090,744,20346,20135,8699,11264,45,106,7,14,211,189,19,3,0,0,15999,15861,7138,8353,61,83,8,218,138,126,11,1,0,0,15999,584,15415,15312,6885,8292,43,77,7,8,103,95,8,0,0,0,9140,7598,1542
Horry County,SC,50,3,5,45,51,2936777435,313664031,269291,185992,33.9092694,-78.9766749,269291,264039,215071,36202,1279,2816,305,8366,5252,4891,1793,1036,760,55,665,232,69,21,147,14,3,20,20,23,33,327,29,4,1,269291,16683,252608,248325,208096,35753,1075,2774,232,395,4283,3994,266,22,0,1,215049,212599,177513,25899,966,2245,216,5760,2450,2279,154,15,1,1,215049,11259,203790,201831,172728,25640,833,2211,164,255,1959,1821,127,10,0,1,185992,112225,73767
Jasper County,SC,50,3,5,45,53,1697265756,114074682,24777,10299,32.43059,-81.021627,24777,24425,10658,11406,122,176,13,2050,352,329,104,40,14,4,102,32,11,2,16,0,0,3,0,0,1,23,0,0,0,24777,3752,21025,20810,9263,11303,49,169,5,21,215,199,16,0,0,0,18636,18468,8464,8490,92,133,12,1277,168,153,15,0,0,0,18636,2414,16222,16111,7521,8420,32,127,4,7,111,100,11,0,0,0,10299,8517,1782
Kershaw County,SC,50,3,5,45,55,1881787617,35827949,61697,27478,34.3383561,-80.5908847,61697,60721,43965,15188,197,302,29,1040,976,926,379,179,106,8,126,26,24,3,40,3,1,4,0,26,1,47,2,0,1,61697,2298,59399,58625,43009,15057,182,296,26,55,774,735,36,2,0,1,46558,46161,33885,11201,159,227,23,666,397,379,16,1,0,1,46558,1430,45128,44816,33284,11124,151,223,20,14,312,297,13,1,0,1,27478,23928,3550
Lancaster County,SC,50,3,5,45,57,1422317473,15441829,76652,32687,34.6868182,-80.7036885,76652,75683,54844,18278,235,494,17,1815,969,916,405,175,85,9,129,50,7,4,30,5,0,3,0,7,7,53,0,0,0,76652,3384,73268,72493,53490,18162,214,492,15,120,775,741,34,0,0,0,58821,58421,43301,13455,175,370,9,1111,400,380,20,0,0,0,58821,2082,56739,56422,42451,13383,160,368,8,52,317,300,17,0,0,0,32687,29697,2990
Laurens County,SC,50,3,5,45,59,1848742669,25990687,66537,30709,34.483477,-82.005657,66537,65683,46848,16933,153,183,34,1532,854,824,390,161,74,12,100,34,9,3,11,0,0,1,6,15,8,23,6,1,0,66537,2729,63808,63095,45900,16808,137,175,25,50,713,689,17,6,1,0,51110,50763,37008,12551,129,143,20,912,347,329,14,3,1,0,51110,1604,49506,49214,36449,12475,118,137,15,20,292,276,12,3,1,0,30709,25525,5184
Lee County,SC,50,3,5,45,61,1062372545,2715075,19220,7775,34.1586401,-80.2512086,19220,19053,6419,12359,51,59,3,162,167,144,42,14,11,3,12,31,6,0,16,1,0,2,1,5,0,11,5,6,1,19220,334,18886,18753,6322,12315,49,58,3,6,133,118,3,5,6,1,14957,14867,5396,9274,42,50,2,103,90,73,8,5,3,1,14957,229,14728,14652,5316,9239,42,49,2,4,76,64,3,5,3,1,7775,6797,978
Lexington County,SC,50,3,5,45,63,1810175317,152333538,262391,113957,33.8925535,-81.2728531,262391,257522,208023,37522,1134,3729,130,6984,4869,4536,1539,1065,587,51,599,175,93,26,193,22,7,35,29,83,32,314,19,0,0,262391,14529,247862,244026,201946,36995,957,3693,105,330,3836,3587,233,16,0,0,198229,195974,161552,26010,836,2828,90,4658,2255,2081,164,10,0,0,198229,9389,188840,187086,157649,25684,720,2801,75,157,1754,1617,128,9,0,0,113957,102733,11224
McCormick County,SC,50,3,5,45,65,930141770,89983100,10233,5453,33.8976052,-82.316192,10233,10141,4985,5083,10,34,6,23,92,87,43,20,3,6,1,2,8,0,2,0,0,0,1,1,0,5,0,0,0,10233,81,10152,10068,4941,5069,9,34,3,12,84,79,5,0,0,0,8751,8710,4553,4099,9,31,5,13,41,38,3,0,0,0,8751,68,8683,8645,4511,4089,8,31,3,3,38,35,3,0,0,0,5453,4027,1426
Marion County,SC,50,3,5,45,67,1267092919,12712407,33062,14953,34.0807006,-79.3621305,33062,32649,13434,18476,144,176,2,417,413,372,127,74,15,2,29,57,20,2,23,2,1,0,2,16,2,38,1,1,1,33062,791,32271,31922,13230,18365,133,176,2,16,349,320,28,0,1,0,24991,24829,10952,13365,108,129,1,274,162,150,10,0,1,1,24991,489,24502,24357,10826,13298,101,129,1,2,145,136,8,0,1,0,14953,13058,1895
Marlboro County,SC,50,3,5,45,69,1242350170,14504245,28933,12072,34.6018053,-79.6779418,28933,28409,11987,14729,1308,75,4,306,524,485,121,194,5,9,45,55,10,1,31,3,3,3,0,1,4,36,2,1,0,28933,800,28133,27674,11657,14652,1265,74,3,23,459,422,34,2,1,0,22610,22311,9772,11257,945,64,4,269,299,282,15,1,1,0,22610,679,21931,21681,9479,11203,919,63,3,14,250,233,15,1,1,0,12072,10383,1689
Newberry County,SC,50,3,5,45,71,1631788278,44675199,37508,17922,34.2897302,-81.6000526,37508,37072,23301,11626,130,122,35,1858,436,412,221,60,15,3,50,17,6,2,25,0,0,2,1,6,4,21,2,1,0,37508,2690,34818,34484,22690,11533,99,116,10,36,334,318,15,0,1,0,28964,28766,18797,8629,96,100,22,1122,198,183,13,1,1,0,28964,1612,27352,27203,18436,8568,75,97,8,19,149,138,10,0,1,0,17922,14709,3213
Oconee County,SC,50,3,5,45,73,1622196811,122191920,74273,38763,34.7487585,-83.0615216,74273,73098,65177,5613,176,436,10,1686,1175,1101,486,266,98,23,149,34,8,1,20,1,1,0,3,8,3,73,0,1,0,74273,3349,70924,69979,63807,5550,152,421,8,41,945,900,44,0,1,0,58566,58037,52387,4153,131,325,8,1033,529,493,35,0,1,0,58566,2009,56557,56140,51567,4119,114,315,6,19,417,393,23,0,1,0,38763,30676,8087
Orangeburg County,SC,50,3,5,45,75,2864787762,56464867,92501,42504,33.436135,-80.8029131,92501,91405,31770,57535,491,752,14,843,1096,1030,354,248,63,13,63,113,66,12,55,9,0,6,1,27,0,58,6,2,0,92501,1767,90734,89780,31206,57286,468,751,12,57,954,891,56,5,2,0,71062,70444,25793,43125,377,575,11,563,618,572,39,5,2,0,71062,1168,69894,69344,25414,42961,362,574,9,24,550,507,37,4,2,0,42504,35788,6716
Pickens County,SC,50,3,5,45,77,1285687489,40460184,119224,51244,34.8873615,-82.7253677,119224,117448,105747,7854,230,1913,14,1690,1776,1694,641,427,256,22,221,41,14,4,21,12,1,2,5,23,4,79,1,2,0,119224,3743,115481,113992,103958,7792,210,1900,14,118,1489,1429,60,0,0,0,94937,94040,84988,6120,190,1632,11,1099,897,853,42,1,1,0,94937,2438,92499,91745,83809,6076,181,1620,11,48,754,721,33,0,0,0,51244,45228,6016
Richland County,SC,50,3,5,45,79,1960797690,37925712,384504,161725,34.0297833,-80.8965664,384504,376073,181974,176538,1230,8548,425,7358,8431,7583,2672,793,1249,81,672,696,466,102,482,40,5,53,89,155,28,783,52,13,0,384504,18637,365867,359170,174267,174549,987,8433,372,562,6697,6058,596,31,12,0,296951,292332,149904,129076,970,6829,325,5228,4619,4165,414,32,8,0,296951,13129,283822,280102,144166,127816,793,6754,293,280,3720,3370,324,19,7,0,161725,145194,16531
Saluda County,SC,50,3,5,45,81,1172690632,23419287,19875,9289,34.0052784,-81.7279033,19875,19597,12141,5230,83,38,63,2042,278,264,97,29,10,0,76,15,15,1,6,0,0,11,0,1,3,6,1,7,0,19875,2857,17018,16844,11548,5196,43,36,11,10,174,163,4,0,7,0,15294,15136,9814,3836,60,24,56,1346,158,151,5,0,2,0,15294,1926,13368,13285,9397,3818,35,23,8,4,83,78,3,0,2,0,9289,7527,1762
Spartanburg County,SC,50,3,5,45,83,2092518606,29310216,284307,122628,34.9332392,-81.991053,284307,279555,205680,58565,764,5746,86,8714,4752,4502,1784,802,539,68,631,186,125,26,136,18,1,42,27,112,5,217,24,6,3,284307,16658,267649,263931,199184,58115,562,5680,69,321,3718,3537,165,14,2,0,214857,212805,160069,42782,559,4037,56,5302,2052,1936,99,12,2,3,214857,10123,204734,203165,156018,42537,434,4003,47,126,1569,1484,79,5,1,0,122628,109246,13382
Sumter County,SC,50,3,5,45,85,1722512472,44079489,107456,46011,33.9160459,-80.3824721,107456,105426,51825,50414,389,1188,99,1511,2030,1849,588,340,357,27,165,111,121,17,73,4,0,19,9,13,5,165,14,2,0,107456,3532,103924,102257,50423,50110,334,1167,93,130,1667,1531,125,9,2,0,80025,79067,40151,36541,299,978,75,1023,958,883,68,6,1,0,80025,2279,77746,76956,39243,36358,260,962,72,61,790,730,54,5,1,0,46011,40398,5613
Union County,SC,50,3,5,45,87,1331696606,4805084,28961,14153,34.6905135,-81.6158309,28961,28601,19286,9066,67,79,11,92,360,349,214,66,12,5,8,11,18,5,7,0,1,0,1,0,1,11,0,0,0,28961,282,28679,28344,19146,9022,63,79,11,23,335,324,11,0,0,0,22361,22230,15342,6716,47,63,10,52,131,125,6,0,0,0,22361,169,22192,22067,15258,6687,47,63,10,2,125,119,6,0,0,0,14153,11974,2179
Williamsburg County,SC,50,3,5,45,89,2419459980,7469407,34423,15359,33.6264629,-79.7164752,34423,34161,10939,22637,114,138,3,330,262,234,85,46,5,0,30,38,7,2,16,0,0,1,0,2,2,28,0,0,0,34423,689,33734,33522,10725,22526,102,137,3,29,212,190,22,0,0,0,26301,26153,8993,16701,96,98,3,262,148,130,18,0,0,0,26301,581,25720,25610,8795,16619,84,98,3,11,110,96,14,0,0,0,15359,13007,2352
York County,SC,50,3,5,45,91,1762732402,39400683,226073,94196,34.9701904,-81.1831885,226073,221892,169158,43003,1934,3413,126,4258,4181,3934,1514,936,535,67,381,169,80,25,108,14,3,13,18,59,12,233,14,0,0,226073,10075,215998,212477,164371,42608,1777,3394,72,255,3521,3339,175,7,0,0,168329,166493,129224,30786,1256,2429,90,2708,1836,1714,115,7,0,0,168329,6293,162036,160519,126197,30571,1164,2416,54,117,1517,1422,91,4,0,0,94196,85864,8332
Aurora County,SD,50,2,4,46,3,1834810993,11201377,2710,1324,43.7247191,-98.5775872,2710,2696,2577,11,40,18,0,50,14,14,2,8,2,1,1,0,0,0,0,0,0,0,0,0,0,0,0,0,0,2710,101,2609,2596,2531,9,38,18,0,0,13,13,0,0,0,0,1985,1980,1930,5,8,6,0,31,5,5,0,0,0,0,1985,61,1924,1920,1902,4,8,6,0,0,4,4,0,0,0,0,1324,1102,222
Beadle County,SD,50,2,4,46,5,3260042792,15808033,17398,8304,44.4182649,-98.2794224,17398,17113,15599,147,189,632,17,529,285,278,111,73,13,6,51,8,0,0,5,3,0,2,1,4,1,7,0,0,0,17398,1337,16061,15862,14934,118,165,632,8,5,199,193,6,0,0,0,13179,13066,12104,92,105,399,13,353,113,109,4,0,0,0,13179,823,12356,12289,11713,70,100,399,6,1,67,63,4,0,0,0,8304,7276,1028
Bennett County,SD,50,2,4,46,7,3068381373,15010867,3431,1263,43.1848259,-101.6764255,3431,3293,1157,4,2109,13,3,7,138,137,8,125,0,0,0,4,0,0,0,0,0,0,0,0,0,1,0,0,0,3431,67,3364,3234,1141,3,2072,13,3,2,130,129,1,0,0,0,2242,2170,961,1,1195,6,0,7,72,72,0,0,0,0,2242,38,2204,2134,950,0,1176,6,0,2,70,70,0,0,0,0,1263,1090,173
Bon Homme County,SD,50,2,4,46,9,1459979006,46518947,7070,2931,42.9860314,-97.8856131,7070,6974,6349,68,502,10,0,45,96,90,13,57,5,0,7,5,0,0,1,0,1,0,0,1,0,6,0,0,0,7070,130,6940,6857,6285,65,494,10,0,3,83,82,1,0,0,0,5675,5617,5063,60,461,8,0,25,58,57,1,0,0,0,5675,92,5583,5529,5008,57,455,8,0,1,54,53,1,0,0,0,2931,2457,474
Brookings County,SD,50,2,4,46,11,2051804629,32967600,31965,13137,44.3766745,-96.7977971,31965,31511,29802,254,282,869,9,295,454,420,78,158,125,3,28,6,8,0,1,4,0,3,4,1,1,33,1,0,0,31965,636,31329,30928,29513,246,272,866,9,22,401,372,28,1,0,0,25927,25681,24367,200,199,697,8,210,246,234,12,0,0,0,25927,425,25502,25279,24176,195,194,694,8,12,223,213,10,0,0,0,13137,12029,1108
Brown County,SD,50,2,4,46,13,4436601519,46541281,36531,16706,45.5892542,-98.3521746,36531,35901,34057,194,1105,355,42,148,630,605,118,318,67,18,55,6,2,2,1,2,0,7,1,7,1,25,0,0,0,36531,496,36035,35502,33825,187,1078,353,42,17,533,517,16,0,0,0,28058,27791,26512,134,713,302,33,97,267,263,4,0,0,0,28058,291,27767,27530,26360,129,699,300,33,9,237,235,2,0,0,0,16706,15489,1217
Brule County,SD,50,2,4,46,15,2116641810,75721218,5255,2433,43.7298803,-99.092941,5255,5127,4646,12,445,9,1,14,128,125,5,111,4,0,4,1,0,0,0,0,0,0,0,0,0,2,1,0,0,5255,75,5180,5062,4615,12,425,9,1,0,118,116,2,0,0,0,3897,3835,3566,6,244,6,1,12,62,60,1,1,0,0,3897,38,3859,3802,3555,6,234,6,1,0,57,56,1,0,0,0,2433,2136,297
Buffalo County,SD,50,2,4,46,17,1220880153,42362363,1912,609,44.0443062,-99.2039983,1912,1895,283,4,1607,1,0,0,17,17,0,11,3,0,0,3,0,0,0,0,0,0,0,0,0,0,0,0,0,1912,35,1877,1863,283,4,1575,1,0,0,14,14,0,0,0,0,1162,1155,203,4,947,1,0,0,7,7,0,0,0,0,1162,14,1148,1142,203,4,934,1,0,0,6,6,0,0,0,0,609,532,77
Butte County,SD,50,2,4,46,19,5827210184,42730857,10110,4621,44.8964345,-103.5017616,10110,9849,9526,22,189,22,8,82,261,246,17,188,13,0,20,4,0,0,0,0,0,2,0,2,0,15,0,0,0,10110,306,9804,9579,9360,20,170,21,7,1,225,212,13,0,0,0,7583,7452,7237,12,118,21,6,58,131,126,5,0,0,0,7583,201,7382,7268,7125,10,107,20,5,1,114,110,4,0,0,0,4621,4160,461
Campbell County,SD,50,2,4,46,21,1900214239,96243759,1466,980,45.7822414,-100.0279513,1466,1455,1441,2,5,4,0,3,11,11,3,4,0,0,3,0,0,0,0,0,0,0,0,1,0,0,0,0,0,1466,20,1446,1440,1430,1,5,4,0,0,6,6,0,0,0,0,1187,1181,1174,1,3,2,0,1,6,6,0,0,0,0,1187,10,1177,1174,1169,0,3,2,0,0,3,3,0,0,0,0,980,694,286
Charles Mix County,SD,50,2,4,46,23,2842477063,136616767,9129,3849,43.2061853,-98.5951429,9129,8878,5930,9,2893,19,0,27,251,249,11,164,14,1,2,20,1,0,0,14,7,14,0,0,1,2,0,0,0,9129,152,8977,8755,5899,8,2830,18,0,0,222,220,2,0,0,0,6424,6317,4664,8,1612,13,0,20,107,106,1,0,0,0,6424,76,6348,6253,4647,7,1587,12,0,0,95,94,1,0,0,0,3849,3249,600
Clark County,SD,50,2,4,46,25,2480181644,25627350,3691,1710,44.8552107,-97.7249124,3691,3660,3620,7,2,2,0,29,31,27,7,11,2,0,7,0,0,0,0,0,0,0,0,0,0,4,0,0,0,3691,63,3628,3606,3596,6,2,2,0,0,22,21,1,0,0,0,2815,2802,2775,3,2,2,0,20,13,12,1,0,0,0,2815,41,2774,2763,2757,2,2,2,0,0,11,11,0,0,0,0,1710,1445,265
Clay County,SD,50,2,4,46,27,1067554320,13079349,13864,5639,42.9129968,-96.9797951,13864,13550,12637,185,429,232,4,63,314,300,72,141,40,2,27,8,2,0,3,0,0,2,2,1,0,13,1,0,0,13864,277,13587,13321,12484,179,408,230,3,17,266,254,11,1,0,0,11440,11274,10608,152,268,197,4,45,166,160,5,1,0,0,11440,179,11261,11121,10507,147,259,195,3,10,140,135,4,1,0,0,5639,5110,529
Codington County,SD,50,2,4,46,29,1783194146,74251733,27227,12397,44.9663237,-97.1988429,27227,26877,25951,93,541,122,0,170,350,340,56,166,70,4,24,5,1,1,2,3,0,7,0,1,0,10,0,0,0,27227,433,26794,26485,25762,88,512,121,0,2,309,301,8,0,0,0,20478,20341,19754,58,348,89,0,92,137,134,3,0,0,0,20478,216,20262,20138,19653,55,341,88,0,1,124,122,2,0,0,0,12397,11432,965
Corson County,SD,50,2,4,46,31,6396472290,155287260,4050,1540,45.6983396,-101.1760168,4050,3945,1204,3,2713,11,2,12,105,105,1,67,12,0,0,9,0,0,1,1,2,12,0,0,0,0,0,0,0,4050,106,3944,3853,1202,3,2635,11,1,1,91,91,0,0,0,0,2660,2608,973,3,1617,8,1,6,52,52,0,0,0,0,2660,39,2621,2575,971,3,1591,8,1,1,46,46,0,0,0,0,1540,1260,280
Custer County,SD,50,2,4,46,33,4032615511,5482570,8216,4628,43.6849428,-103.46225,8216,8053,7737,15,240,29,2,30,163,156,9,122,7,1,14,1,0,0,0,0,1,1,0,0,0,6,1,0,0,8216,182,8034,7897,7624,15,228,27,2,1,137,131,6,0,0,0,6586,6486,6307,6,127,25,2,19,100,98,2,0,0,0,6586,89,6497,6403,6250,6,121,23,2,1,94,92,2,0,0,0,4628,3636,992
Davison County,SD,50,2,4,46,35,1128083214,3533764,19504,8852,43.6804393,-98.1558683,19504,19199,18421,82,490,93,13,100,305,281,58,130,37,4,34,7,0,3,1,2,2,1,2,0,0,24,0,0,0,19504,294,19210,18948,18296,71,472,91,10,8,262,240,22,0,0,0,14919,14791,14283,63,304,69,10,62,128,121,7,0,0,0,14919,155,14764,14657,14220,58,297,69,9,4,107,101,6,0,0,0,8852,8296,556
Day County,SD,50,2,4,46,37,2662166065,163751226,5710,3630,45.3622825,-97.5937339,5710,5612,5030,8,542,12,0,20,98,94,14,58,5,0,9,4,0,0,0,3,1,0,0,0,0,4,0,0,0,5710,62,5648,5560,5004,8,535,12,0,1,88,84,4,0,0,0,4463,4421,4056,4,333,12,0,16,42,42,0,0,0,0,4463,37,4426,4384,4037,4,330,12,0,1,42,42,0,0,0,0,3630,2504,1126
Deuel County,SD,50,2,4,46,39,1612749834,36071554,4364,2204,44.7562899,-96.6902393,4364,4324,4253,13,12,4,0,42,40,40,6,15,2,4,12,0,0,0,0,0,1,0,0,0,0,0,0,0,0,4364,86,4278,4250,4220,12,12,4,0,2,28,28,0,0,0,0,3336,3318,3270,7,6,4,0,31,18,18,0,0,0,0,3336,51,3285,3271,3252,7,6,4,0,2,14,14,0,0,0,0,2204,1819,385
Dewey County,SD,50,2,4,46,41,5963433068,369822155,5301,2002,45.1500047,-100.8522182,5301,5111,1115,5,3970,8,0,13,190,188,1,148,1,0,0,9,1,0,0,7,1,20,0,0,0,2,0,0,0,5301,98,5203,5034,1108,5,3914,7,0,0,169,169,0,0,0,0,3498,3399,952,5,2428,7,0,7,99,99,0,0,0,0,3498,34,3464,3367,946,5,2410,6,0,0,97,97,0,0,0,0,2002,1730,272
Douglas County,SD,50,2,4,46,43,1118361831,4832944,3002,1439,43.3915064,-98.3584331,3002,2976,2899,11,55,3,0,8,26,26,5,15,0,0,4,0,0,0,0,2,0,0,0,0,0,0,0,0,0,3002,23,2979,2959,2891,11,54,3,0,0,20,20,0,0,0,0,2315,2301,2256,3,36,2,0,4,14,14,0,0,0,0,2315,16,2299,2289,2249,3,35,2,0,0,10,10,0,0,0,0,1439,1210,229
Edmunds County,SD,50,2,4,46,45,2916212724,65038303,4071,1966,45.4116802,-99.205362,4071,4030,3981,5,18,5,0,21,41,38,7,18,8,3,2,0,0,0,0,0,0,0,0,0,0,3,0,0,0,4071,58,4013,3976,3949,5,17,5,0,0,37,37,0,0,0,0,3094,3084,3054,1,15,4,0,10,10,9,1,0,0,0,3094,31,3063,3054,3034,1,15,4,0,0,9,9,0,0,0,0,1966,1607,359
Fall River County,SD,50,2,4,46,47,4506359351,23911034,7094,4191,43.2215038,-103.5121024,7094,6891,6287,49,502,26,3,24,203,198,14,149,11,0,15,4,0,0,0,3,0,2,0,0,0,5,0,0,0,7094,159,6935,6750,6199,46,474,26,3,2,185,180,5,0,0,0,5760,5633,5208,40,341,21,3,20,127,125,2,0,0,0,5760,103,5657,5539,5154,37,323,21,3,1,118,116,2,0,0,0,4191,3272,919
Faulk County,SD,50,2,4,46,49,2542720920,62704066,2364,1136,45.0654764,-99.1535637,2364,2348,2339,3,3,2,0,1,16,15,1,7,3,1,2,1,0,0,0,0,0,0,0,0,0,1,0,0,0,2364,18,2346,2331,2323,3,3,2,0,0,15,14,1,0,0,0,1809,1802,1797,0,2,2,0,1,7,7,0,0,0,0,1809,8,1801,1794,1790,0,2,2,0,0,7,7,0,0,0,0,1136,869,267
Grant County,SD,50,2,4,46,51,1764967869,15746365,7356,3526,45.1726366,-96.7722606,7356,7294,7146,10,36,21,0,81,62,62,11,17,18,0,12,0,0,0,0,0,0,0,0,1,3,0,0,0,0,7356,168,7188,7139,7072,10,36,21,0,0,49,49,0,0,0,0,5655,5623,5519,4,29,14,0,57,32,32,0,0,0,0,5655,113,5542,5522,5475,4,29,14,0,0,20,20,0,0,0,0,3526,3089,437
Gregory County,SD,50,2,4,46,53,2628726426,99900067,4271,2503,43.1790937,-99.2021581,4271,4176,3828,7,320,11,0,10,95,92,13,68,4,0,2,0,0,0,0,1,0,4,0,0,0,3,0,0,0,4271,38,4233,4148,3818,6,312,11,0,1,85,82,3,0,0,0,3307,3263,3053,3,193,7,0,7,44,42,2,0,0,0,3307,25,3282,3241,3045,2,186,7,0,1,41,39,2,0,0,0,2503,1936,567
Haakon County,SD,50,2,4,46,55,4689260217,42451846,1937,1013,44.2843122,-101.5917895,1937,1887,1834,3,37,8,1,4,50,50,12,31,3,0,1,3,0,0,0,0,0,0,0,0,0,0,0,0,0,1937,17,1920,1871,1823,2,37,8,1,0,49,49,0,0,0,0,1506,1485,1456,3,15,6,1,4,21,21,0,0,0,0,1506,12,1494,1473,1449,2,15,6,1,0,21,21,0,0,0,0,1013,850,163
Hamlin County,SD,50,2,4,46,57,1313721910,79873525,5903,2760,44.6806187,-97.178598,5903,5855,5706,10,20,13,0,106,48,48,4,16,5,2,16,0,0,0,0,2,0,0,0,2,1,0,0,0,0,5903,149,5754,5721,5679,10,19,13,0,0,33,33,0,0,0,0,4098,4075,3986,2,15,8,0,64,23,23,0,0,0,0,4098,87,4011,3993,3968,2,15,8,0,0,18,18,0,0,0,0,2760,2108,652
Hand County,SD,50,2,4,46,59,3720811266,9237228,3431,1815,44.5467133,-99.0045751,3431,3404,3377,3,8,9,0,7,27,26,3,8,6,1,7,0,0,0,0,0,0,0,0,0,1,1,0,0,0,3431,19,3412,3392,3368,3,8,9,0,4,20,19,1,0,0,0,2716,2699,2680,1,8,7,0,3,17,16,1,0,0,0,2716,11,2705,2694,2676,1,8,7,0,2,11,10,1,0,0,0,1815,1494,321
Hanson County,SD,50,2,4,46,61,1125383169,2232493,3331,1177,43.6806116,-97.7968454,3331,3313,3285,0,11,11,0,6,18,17,3,6,4,1,1,0,0,0,0,0,0,0,0,0,2,1,0,0,0,3331,15,3316,3301,3279,0,11,11,0,0,15,14,1,0,0,0,2250,2244,2223,0,7,11,0,3,6,6,0,0,0,0,2250,7,2243,2239,2221,0,7,11,0,0,4,4,0,0,0,0,1177,1045,132
Harding County,SD,50,2,4,46,63,6918829169,16956332,1255,731,45.5966116,-103.4738669,1255,1234,1204,1,19,1,0,9,21,21,4,13,0,0,4,0,0,0,0,0,0,0,0,0,0,0,0,0,0,1255,20,1235,1218,1197,1,18,1,0,1,17,17,0,0,0,0,963,949,933,1,9,1,0,5,14,14,0,0,0,0,963,10,953,942,930,1,9,1,0,1,11,11,0,0,0,0,731,539,192
Hughes County,SD,50,2,4,46,65,1920631032,153258012,17022,7623,44.3922578,-99.9858456,17022,16630,14593,84,1779,91,1,82,392,371,38,247,32,0,18,17,0,0,2,3,2,10,0,1,1,21,0,0,0,17022,306,16716,16385,14471,84,1728,89,0,13,331,314,17,0,0,0,12985,12800,11438,58,1176,69,1,58,185,177,8,0,0,0,12985,189,12796,12640,11350,58,1157,67,0,8,156,150,6,0,0,0,7623,7066,557
Hutchinson County,SD,50,2,4,46,67,2105412805,3928767,7343,3351,43.3367101,-97.7493828,7343,7276,7151,28,49,12,0,36,67,67,19,31,4,0,12,1,0,0,0,0,0,0,0,0,0,0,0,0,0,7343,120,7223,7173,7090,28,40,12,0,3,50,50,0,0,0,0,5601,5584,5522,9,24,9,0,20,17,17,0,0,0,0,5601,65,5536,5523,5486,9,19,9,0,0,13,13,0,0,0,0,3351,2930,421
Hyde County,SD,50,2,4,46,69,2228747897,14541548,1420,708,44.5373012,-99.4921478,1420,1393,1265,1,120,3,1,3,27,27,0,18,3,0,2,1,0,0,0,1,2,0,0,0,0,0,0,0,0,1420,15,1405,1381,1263,1,113,3,1,0,24,24,0,0,0,0,1102,1090,1022,1,61,3,1,2,12,12,0,0,0,0,1102,6,1096,1085,1021,1,59,3,1,0,11,11,0,0,0,0,708,600,108
Jackson County,SD,50,2,4,46,71,4827514117,19097720,3031,1193,43.677294,-101.6264545,3031,2885,1295,6,1575,1,1,7,146,145,1,137,1,0,0,6,0,0,0,0,0,0,0,0,0,1,0,0,0,3031,38,2993,2852,1292,5,1547,1,1,6,141,141,0,0,0,0,2034,1950,1039,4,901,0,1,5,84,83,1,0,0,0,2034,20,2014,1934,1038,3,888,0,1,4,80,80,0,0,0,0,1193,996,197
Jerauld County,SD,50,2,4,46,73,1362937167,16668604,2071,1070,44.0634157,-98.6231878,2071,2056,2009,1,5,4,3,34,15,15,1,12,2,0,0,0,0,0,0,0,0,0,0,0,0,0,0,0,0,2071,84,1987,1973,1960,1,5,4,3,0,14,14,0,0,0,0,1636,1627,1591,1,4,3,3,25,9,9,0,0,0,0,1636,56,1580,1572,1561,1,4,3,3,0,8,8,0,0,0,0,1070,870,200
Jones County,SD,50,2,4,46,75,2511453417,3147179,1006,589,43.9519896,-100.6861386,1006,987,962,1,20,0,4,0,19,19,1,16,1,0,0,1,0,0,0,0,0,0,0,0,0,0,0,0,0,1006,13,993,974,949,1,20,0,4,0,19,19,0,0,0,0,781,771,756,1,12,0,2,0,10,10,0,0,0,0,781,6,775,765,750,1,12,0,2,0,10,10,0,0,0,0,589,458,131
Kingsbury County,SD,50,2,4,46,77,2155481343,81655076,5148,2720,44.3629687,-97.499313,5148,5106,5048,7,24,14,0,13,42,42,3,28,4,0,0,0,0,0,0,1,0,1,5,0,0,0,0,0,0,5148,72,5076,5035,4987,7,24,14,0,3,41,41,0,0,0,0,4022,4003,3963,3,16,11,0,10,19,19,0,0,0,0,4022,44,3978,3960,3930,3,16,11,0,0,18,18,0,0,0,0,2720,2222,498
Lake County,SD,50,2,4,46,79,1458881294,30781776,11200,5559,44.0284497,-97.1232229,11200,11075,10771,59,75,79,3,88,125,117,19,67,20,5,4,1,0,0,0,0,1,0,0,0,0,6,2,0,0,11200,175,11025,10916,10708,55,70,79,3,1,109,103,6,0,0,0,8775,8708,8496,42,50,60,3,57,67,64,3,0,0,0,8775,104,8671,8610,8460,38,49,60,3,0,61,58,3,0,0,0,5559,4483,1076
Lawrence County,SD,50,2,4,46,81,2072081513,713642,24097,12756,44.353669,-103.7965284,24097,23610,22747,91,490,158,6,118,487,465,55,293,62,8,30,6,1,0,1,4,2,0,1,1,1,21,0,1,0,24097,612,23485,23066,22349,87,457,157,6,10,419,405,14,0,0,0,19377,19105,18489,65,339,119,6,87,272,263,8,0,1,0,19377,402,18975,18739,18227,62,320,118,6,6,236,228,8,0,0,0,12756,10536,2220
Lincoln County,SD,50,2,4,46,83,1495144520,1217724,44828,17875,43.2794204,-96.7222862,44828,44201,43068,320,228,462,7,116,627,583,206,178,113,4,49,8,1,7,0,2,2,1,3,9,0,44,0,0,0,44828,553,44275,43722,42700,315,217,462,7,21,553,519,34,0,0,0,31529,31328,30596,197,139,310,7,79,201,183,18,0,0,0,31529,286,31243,31065,30408,194,134,310,7,12,178,165,13,0,0,0,17875,16649,1226
Lyman County,SD,50,2,4,46,85,4252595025,167669922,3755,1704,43.8948122,-99.8419253,3755,3646,2191,3,1436,10,1,5,109,100,0,73,2,0,5,10,0,0,0,1,3,6,0,0,0,9,0,0,0,3755,42,3713,3616,2181,3,1420,10,1,1,97,88,9,0,0,0,2649,2600,1746,3,838,8,1,4,49,46,3,0,0,0,2649,21,2628,2584,1740,3,832,8,1,0,44,41,3,0,0,0,1704,1392,312
McCook County,SD,50,2,4,46,87,1487182118,6898514,5618,2491,43.6789244,-97.3620356,5618,5580,5507,8,23,8,3,31,38,37,5,16,5,6,3,0,0,0,0,0,1,0,0,1,0,1,0,0,0,5618,99,5519,5490,5451,8,22,8,1,0,29,28,1,0,0,0,4164,4148,4102,4,14,5,2,21,16,16,0,0,0,0,4164,65,4099,4087,4063,4,14,5,1,0,12,12,0,0,0,0,2491,2168,323
McPherson County,SD,50,2,4,46,89,2943893701,38569614,2459,1418,45.7842491,-99.2114212,2459,2428,2414,1,1,4,3,5,31,31,3,13,2,0,13,0,0,0,0,0,0,0,0,0,0,0,0,0,0,2459,25,2434,2414,2405,1,1,4,3,0,20,20,0,0,0,0,1923,1907,1897,1,1,4,2,2,16,16,0,0,0,0,1923,14,1909,1898,1890,1,1,4,2,0,11,11,0,0,0,0,1418,1025,393
Marshall County,SD,50,2,4,46,91,2170582034,124728714,4656,2534,45.7370535,-97.5808837,4656,4605,3974,7,353,9,0,262,51,50,4,34,3,0,7,0,0,0,1,0,1,0,0,0,0,1,0,0,0,4656,317,4339,4295,3938,5,343,9,0,0,44,43,1,0,0,0,3620,3594,3129,4,215,6,0,240,26,26,0,0,0,0,3620,275,3345,3323,3103,2,212,6,0,0,22,22,0,0,0,0,2534,1815,719
Meade County,SD,50,2,4,46,93,8989806533,30728963,25434,11000,44.6067915,-102.7158636,25434,24701,23405,319,597,165,19,196,733,693,124,381,107,13,34,12,9,1,2,2,2,3,1,1,1,40,0,0,0,25434,773,24661,24018,22951,307,563,162,18,17,643,611,32,0,0,0,19019,18663,17797,230,368,128,15,125,356,344,12,0,0,0,19019,473,18546,18230,17512,219,352,125,14,8,316,307,9,0,0,0,11000,9903,1097
Mellette County,SD,50,2,4,46,95,3385906793,9219683,2048,838,43.5849297,-100.7605981,2048,1934,814,2,1108,5,0,5,114,114,1,111,0,0,0,2,0,0,0,0,0,0,0,0,0,0,0,0,0,2048,30,2018,1904,805,2,1092,5,0,0,114,114,0,0,0,0,1387,1338,675,2,653,3,0,5,49,49,0,0,0,0,1387,17,1370,1321,669,2,647,3,0,0,49,49,0,0,0,0,838,693,145
Miner County,SD,50,2,4,46,97,1477098731,4196127,2389,1308,44.0173267,-97.6097898,2389,2369,2337,3,4,9,0,16,20,20,11,6,3,0,0,0,0,0,0,0,0,0,0,0,0,0,0,0,0,2389,31,2358,2338,2320,3,4,9,0,2,20,20,0,0,0,0,1813,1805,1784,3,4,4,0,10,8,8,0,0,0,0,1813,15,1798,1790,1777,3,4,4,0,2,8,8,0,0,0,0,1308,1032,276
Minnehaha County,SD,50,2,4,46,99,2090501559,17395122,169468,71557,43.6674723,-96.7957261,169468,165580,149220,6407,4197,2509,133,3114,3888,3666,1233,1152,521,51,337,119,41,6,54,28,9,37,28,40,10,207,9,6,0,169468,6982,162486,159172,146159,6326,3933,2489,76,189,3314,3146,165,3,0,0,126905,125487,115195,3820,2731,1712,89,1940,1418,1358,54,2,4,0,126905,4079,122826,121633,113416,3767,2614,1700,53,83,1193,1149,43,1,0,0,71557,67028,4529
Moody County,SD,50,2,4,46,101,1345204308,3679400,6486,2824,44.0124293,-96.6760536,6486,6312,5256,33,909,70,0,44,174,174,17,114,18,3,15,3,0,0,0,2,2,0,0,0,0,0,0,0,0,6486,111,6375,6219,5227,33,889,70,0,0,156,156,0,0,0,0,4791,4718,4047,15,574,46,0,36,73,73,0,0,0,0,4791,65,4726,4660,4029,15,570,46,0,0,66,66,0,0,0,0,2824,2554,270
Pennington County,SD,50,2,4,46,103,7191239757,19966766,100948,44949,44.0023492,-102.8238015,100948,97093,84350,1050,9748,1052,80,813,3855,3570,467,2034,387,37,228,218,32,5,7,49,20,51,17,16,2,270,15,0,0,100948,4044,96904,93681,82438,1013,9042,1041,76,71,3223,3007,204,12,0,0,76111,74301,66090,790,5936,843,56,586,1810,1724,84,2,0,0,76111,2230,73881,72323,64996,772,5620,833,54,48,1558,1495,62,1,0,0,44949,41251,3698
Perkins County,SD,50,2,4,46,105,7434504648,50539670,2982,1739,45.4833865,-102.4679947,2982,2948,2890,2,38,4,0,14,34,34,5,20,5,0,2,1,0,0,0,0,0,1,0,0,0,0,0,0,0,2982,20,2962,2930,2883,2,35,4,0,6,32,32,0,0,0,0,2343,2326,2282,1,29,3,0,11,17,17,0,0,0,0,2343,18,2325,2309,2276,1,26,3,0,3,16,16,0,0,0,0,1739,1291,448
Potter County,SD,50,2,4,46,107,2230341155,97192749,2329,1500,45.0642763,-99.9496314,2329,2308,2272,3,20,8,1,4,21,21,3,13,3,0,0,2,0,0,0,0,0,0,0,0,0,0,0,0,0,2329,17,2312,2291,2260,3,20,7,1,0,21,21,0,0,0,0,1873,1866,1839,2,13,8,1,3,7,7,0,0,0,0,1873,10,1863,1856,1833,2,13,7,1,0,7,7,0,0,0,0,1500,1062,438
Roberts County,SD,50,2,4,46,109,2851684211,89947260,10149,4905,45.6233973,-96.9475513,10149,9840,6265,11,3506,21,0,37,309,299,11,226,11,2,2,29,2,0,1,4,1,9,0,0,1,10,0,0,0,10149,126,10023,9732,6238,11,3458,21,0,4,291,281,10,0,0,0,7269,7131,4967,7,2112,18,0,27,138,134,4,0,0,0,7269,58,7211,7077,4954,7,2094,18,0,4,134,130,4,0,0,0,4905,3823,1082
Sanborn County,SD,50,2,4,46,111,1474533498,2992621,2355,1172,44.0210318,-98.0921054,2355,2330,2307,0,6,4,0,13,25,22,4,14,3,0,1,0,0,0,0,0,0,0,0,0,0,3,0,0,0,2355,28,2327,2306,2296,0,6,4,0,0,21,20,1,0,0,0,1842,1833,1813,0,5,4,0,11,9,9,0,0,0,0,1842,19,1823,1815,1806,0,5,4,0,0,8,8,0,0,0,0,1172,975,197
Shannon County,SD,50,2,4,46,113,5423170067,7126231,13586,3593,43.3419371,-102.55948,13586,13469,397,4,13036,14,2,16,117,116,0,74,4,1,1,11,0,0,0,14,5,5,0,0,1,1,0,0,0,13586,298,13288,13185,381,4,12784,14,2,0,103,102,1,0,0,0,8244,8173,358,4,7782,11,2,16,71,70,1,0,0,0,8244,161,8083,8018,345,4,7656,11,2,0,65,64,1,0,0,0,3593,3144,449
Spink County,SD,50,2,4,46,115,3895148120,15062276,6415,3139,44.9310341,-98.3396437,6415,6359,6230,17,78,7,1,26,56,53,8,29,4,1,9,0,0,0,0,1,0,1,0,0,0,3,0,0,0,6415,71,6344,6298,6194,17,77,7,1,2,46,43,3,0,0,0,4818,4794,4720,8,43,5,1,17,24,22,2,0,0,0,4818,42,4776,4757,4700,8,42,5,1,1,19,17,2,0,0,0,3139,2608,531
Stanley County,SD,50,2,4,46,117,3741062251,188383699,2966,1387,44.4155468,-100.7491628,2966,2884,2670,9,196,4,0,5,82,80,6,64,7,0,3,0,0,0,0,0,0,0,0,0,0,2,0,0,0,2966,21,2945,2865,2656,9,196,4,0,0,80,78,2,0,0,0,2245,2209,2084,5,112,3,0,5,36,34,2,0,0,0,2245,14,2231,2195,2075,5,112,3,0,0,36,34,2,0,0,0,1387,1228,159
Sully County,SD,50,2,4,46,119,2607645054,164383562,1373,845,44.722325,-100.1313985,1373,1343,1326,1,16,0,0,0,30,30,6,18,0,0,6,0,0,0,0,0,0,0,0,0,0,0,0,0,0,1373,12,1361,1340,1323,1,16,0,0,0,21,21,0,0,0,0,1063,1050,1038,1,11,0,0,0,13,13,0,0,0,0,1063,4,1059,1049,1037,1,11,0,0,0,10,10,0,0,0,0,845,610,235
Todd County,SD,50,2,4,46,121,3596342315,5854569,9612,3142,43.2081724,-100.7172035,9612,9443,921,16,8468,18,0,20,169,163,2,125,0,0,1,18,0,0,0,4,1,12,0,0,0,6,0,0,0,9612,227,9385,9245,913,16,8297,18,0,1,140,134,6,0,0,0,5755,5650,781,13,4832,11,0,13,105,101,4,0,0,0,5755,102,5653,5561,776,13,4760,11,0,1,92,88,4,0,0,0,3142,2780,362
Tripp County,SD,50,2,4,46,123,4176215610,13272789,5644,3072,43.3497292,-99.8762186,5644,5508,4689,6,788,12,0,13,136,130,8,110,0,1,7,0,0,0,1,1,0,2,0,0,0,6,0,0,0,5644,60,5584,5465,4676,6,769,12,0,2,119,117,2,0,0,0,4321,4252,3758,4,473,9,0,8,69,64,5,0,0,0,4321,28,4293,4233,3751,4,467,9,0,2,60,59,1,0,0,0,3072,2419,653
Turner County,SD,50,2,4,46,125,1598169823,1650289,8347,3939,43.3086698,-97.1501851,8347,8268,8136,20,66,17,3,26,79,77,13,36,6,4,15,2,0,0,0,0,0,0,1,0,0,2,0,0,0,8347,112,8235,8172,8078,20,52,17,3,2,63,61,2,0,0,0,6363,6332,6267,5,29,11,3,17,31,31,0,0,0,0,6363,62,6301,6275,6230,5,26,11,3,0,26,26,0,0,0,0,3939,3452,487
Union County,SD,50,2,4,46,127,1192797818,17060467,14399,6280,42.8311064,-96.6508287,14399,14167,13758,95,80,129,11,94,232,228,54,72,47,1,47,2,0,0,2,0,1,0,0,2,0,4,0,0,0,14399,305,14094,13917,13608,89,76,127,11,6,177,173,4,0,0,0,10632,10532,10288,46,45,83,5,65,100,98,2,0,0,0,10632,173,10459,10382,10204,45,43,82,5,3,77,75,2,0,0,0,6280,5756,524
Walworth County,SD,50,2,4,46,129,1835343493,93214930,5438,3003,45.4276046,-100.0278563,5438,5298,4494,6,775,13,0,10,140,140,11,111,4,3,1,4,0,0,0,4,0,1,0,1,0,0,0,0,0,5438,39,5399,5261,4472,6,769,13,0,1,138,138,0,0,0,0,4234,4166,3677,2,470,9,0,8,68,68,0,0,0,0,4234,23,4211,4143,3664,2,467,9,0,1,68,68,0,0,0,0,3003,2392,611
Yankton County,SD,50,2,4,46,135,1349807412,28629262,22438,9652,43.0066072,-97.3883388,22438,22116,20829,340,572,117,6,252,322,294,58,143,26,2,41,8,6,0,3,1,2,1,2,1,0,27,1,0,0,22438,614,21824,21554,20563,327,537,115,5,7,270,246,23,1,0,0,17464,17324,16305,305,429,90,6,189,140,127,13,0,0,0,17464,409,17055,16934,16127,294,415,88,5,5,121,110,11,0,0,0,9652,8770,882
Ziebach County,SD,50,2,4,46,137,5079670231,24212483,2801,987,44.9816662,-101.6692245,2801,2718,610,6,2097,2,0,3,83,83,0,60,0,0,5,12,0,0,0,4,0,1,0,0,1,0,0,0,0,2801,87,2714,2638,607,6,2023,2,0,0,76,76,0,0,0,0,1706,1671,473,6,1187,2,0,3,35,35,0,0,0,0,1706,29,1677,1645,473,6,1164,2,0,0,32,32,0,0,0,0,987,836,151
Anderson County,TN,50,3,6,47,1,873245292,19771988,75129,34717,36.1167307,-84.1954177,75129,73671,69065,2847,239,803,18,699,1458,1377,559,471,176,18,86,26,18,2,8,4,1,0,5,2,1,74,6,1,0,75129,1768,73361,72041,68134,2817,211,796,15,68,1320,1249,66,5,0,0,58665,58004,54648,2058,193,622,17,466,661,620,38,2,1,0,58665,1126,57539,56935,54065,2038,178,615,14,25,604,570,33,1,0,0,34717,31253,3464
Bedford County,TN,50,3,6,47,3,1226710123,2983154,45058,18360,35.5136604,-86.4582939,45058,44126,36848,3564,167,350,47,3150,932,897,369,149,61,7,261,9,6,2,16,2,1,9,3,1,1,34,0,1,0,45058,5083,39975,39340,35389,3437,96,339,30,49,635,606,28,0,1,0,32989,32639,27711,2641,113,242,28,1904,350,338,11,0,1,0,32989,2927,30062,29845,26914,2585,71,235,22,18,217,208,8,0,1,0,18360,16530,1830
Benton County,TN,50,3,6,47,5,1020822586,109009079,16489,8975,36.069253,-88.0712118,16489,16264,15737,321,71,62,0,73,225,218,55,87,19,2,32,2,8,0,2,1,0,1,5,4,0,7,0,0,0,16489,291,16198,16025,15563,321,68,62,0,11,173,166,7,0,0,0,13108,12990,12600,242,53,49,0,46,118,116,2,0,0,0,13108,172,12936,12837,12492,242,51,49,0,3,99,97,2,0,0,0,8975,7063,1912
Bledsoe County,TN,50,3,6,47,7,1052635810,838365,12876,5718,35.5936682,-85.205979,12876,12719,12048,470,55,17,3,126,157,152,40,73,12,3,16,1,5,0,1,0,0,0,0,1,0,5,0,0,0,12876,255,12621,12482,11936,469,52,17,3,5,139,134,5,0,0,0,10108,10018,9466,409,43,8,3,89,90,86,4,0,0,0,10108,172,9936,9851,9388,408,41,8,3,3,85,81,4,0,0,0,5718,4697,1021
Blount County,TN,50,3,6,47,9,1447041818,20307831,123010,55266,35.6881849,-83.9229731,123010,121084,114993,3380,429,875,32,1375,1926,1824,602,675,239,21,180,27,8,2,32,6,1,7,7,14,3,83,16,3,0,123010,3441,119569,117916,113240,3314,365,863,25,109,1653,1570,69,11,3,0,95634,94663,90318,2482,317,629,24,893,971,919,44,6,2,0,95634,2156,93478,92640,89230,2446,290,618,19,37,838,794,38,4,2,0,55266,49265,6001
Bradley County,TN,50,3,6,47,11,851489045,6959355,98963,41395,35.1539144,-84.8594137,98963,97197,89386,4219,330,837,57,2368,1766,1672,577,508,155,28,260,28,14,7,48,1,5,10,2,25,4,79,10,5,0,98963,4664,94299,92930,87589,4116,247,821,45,112,1369,1297,64,5,3,0,76227,75389,69706,3120,273,666,30,1594,838,781,49,5,3,0,76227,2991,73236,72571,68565,3054,203,655,25,69,665,618,40,4,3,0,41395,37947,3448
Campbell County,TN,50,3,6,47,13,1243689525,46503453,40716,19966,36.4015922,-84.1592495,40716,40283,39778,125,106,103,20,151,433,411,68,260,33,7,26,1,4,0,0,2,0,3,1,5,1,21,1,0,0,40716,472,40244,39846,39510,117,101,103,10,5,398,380,17,1,0,0,31767,31467,31114,93,83,71,10,96,300,285,14,1,0,0,31767,284,31483,31201,30950,90,82,71,6,2,282,269,12,1,0,0,19966,16354,3612
Cannon County,TN,50,3,6,47,15,687991703,156872,13801,6037,35.808394,-86.0624044,13801,13619,13325,168,27,19,9,71,182,177,44,99,12,0,20,0,0,0,0,1,0,0,1,0,0,4,1,0,0,13801,210,13591,13421,13190,167,26,19,9,10,170,165,4,1,0,0,10700,10600,10368,144,20,14,6,48,100,95,4,1,0,0,10700,127,10573,10479,10290,143,19,14,6,7,94,89,4,1,0,0,6037,5472,565
Carroll County,TN,50,3,6,47,17,1552055889,2144122,28522,13184,35.9678963,-88.4516591,28522,28058,24755,2879,113,56,12,243,464,452,245,114,19,4,43,7,3,3,9,3,0,1,0,1,0,9,3,0,0,28522,595,27927,27514,24455,2851,108,51,8,41,413,402,8,3,0,0,22269,22104,19560,2250,86,47,10,151,165,161,4,0,0,0,22269,359,21910,21759,19384,2229,83,45,8,10,151,147,4,0,0,0,13184,11507,1677
Carter County,TN,50,3,6,47,19,883711484,16656931,57424,27746,36.2847441,-82.1265932,57424,56754,55335,760,116,181,8,354,670,629,222,252,63,13,54,3,3,5,4,2,0,1,4,2,1,37,4,0,0,57424,890,56534,55939,54849,743,110,180,8,49,595,558,35,2,0,0,45892,45535,44472,606,90,145,7,215,357,335,19,3,0,0,45892,523,45369,45043,44188,593,87,144,7,24,326,306,18,2,0,0,27746,24197,3549
Cheatham County,TN,50,3,6,47,21,783308267,11964151,39105,15663,36.25518,-87.1008163,39105,38616,37374,564,128,140,15,395,489,454,137,182,73,13,37,3,0,0,1,1,0,2,0,4,1,31,4,0,0,39105,910,38195,37764,36914,552,115,139,13,31,431,401,26,4,0,0,29353,29100,28187,441,107,97,10,258,253,236,16,1,0,0,29353,581,28772,28550,27904,431,96,96,8,15,222,207,14,1,0,0,15663,14520,1143
Chester County,TN,50,3,6,47,23,740052043,575590,17131,6980,35.4166392,-88.6055046,17131,16860,15021,1569,72,60,2,136,271,259,127,74,19,0,15,14,1,0,7,0,1,0,0,1,0,12,0,0,0,17131,343,16788,16538,14837,1561,65,53,2,20,250,240,10,0,0,0,13141,13026,11747,1101,55,42,2,79,115,106,9,0,0,0,13141,212,12929,12826,11637,1095,48,38,2,6,103,95,8,0,0,0,6980,6208,772
Claiborne County,TN,50,3,6,47,25,1125555951,18116086,32213,14859,36.5015565,-83.6607235,32213,31840,31224,282,94,166,5,69,373,359,74,198,28,8,29,0,5,0,0,2,1,2,9,3,0,14,0,0,0,32213,265,31948,31609,31051,280,91,165,5,17,339,325,14,0,0,0,25438,25211,24754,251,76,81,5,44,227,220,7,0,0,0,25438,175,25263,25051,24632,249,74,80,5,11,212,205,7,0,0,0,14859,12853,2006
Clay County,TN,50,3,6,47,27,612626617,59071040,7861,4282,36.5457651,-85.5457178,7861,7769,7589,104,21,7,1,47,92,86,26,38,5,2,7,2,0,0,0,0,0,0,0,0,6,6,0,0,0,7861,126,7735,7651,7524,100,16,7,1,3,84,78,6,0,0,0,6220,6167,6030,81,17,5,1,33,53,48,5,0,0,0,6220,88,6132,6084,5985,79,14,5,1,0,48,43,5,0,0,0,4282,3358,924
Cocke County,TN,50,3,6,47,29,1125518964,22196995,35662,17459,35.9161984,-83.1192234,35662,35059,33911,669,136,110,24,209,603,574,211,262,22,12,44,6,1,0,6,2,0,3,3,2,0,29,0,0,0,35662,628,35034,34505,33598,659,113,105,19,11,529,516,13,0,0,0,28011,27699,26892,489,94,78,18,128,312,305,7,0,0,0,28011,370,27641,27360,26704,485,83,74,13,1,281,276,5,0,0,0,17459,14788,2671
Coffee County,TN,50,3,6,47,31,1110993322,14496456,52796,23434,35.4887586,-86.0782188,52796,51837,48561,1845,166,452,22,791,959,914,407,244,95,16,108,4,5,2,14,1,1,8,0,6,3,42,2,1,0,52796,2007,50789,49993,47539,1820,145,449,17,23,796,758,36,1,1,0,39936,39547,37274,1326,132,331,18,466,389,365,22,1,1,0,39936,1132,38804,38466,36684,1309,120,328,15,10,338,319,17,1,1,0,23434,20926,2508
Crockett County,TN,50,3,6,47,33,687731312,529234,14586,6425,35.8113116,-89.1353494,14586,14371,11478,1843,19,25,4,1002,215,207,98,42,11,4,34,13,0,1,4,0,0,0,0,0,0,8,0,0,0,14586,1274,13312,13147,11253,1837,12,25,4,16,165,158,7,0,0,0,11015,10933,8904,1418,14,18,3,576,82,76,6,0,0,0,11015,736,10279,10214,8767,1414,10,18,3,2,65,59,6,0,0,0,6425,5709,716
Cumberland County,TN,50,3,6,47,35,1763847584,9825917,56053,28151,35.9523984,-84.9947614,56053,55492,54266,161,173,238,37,617,561,527,64,280,63,7,80,2,1,0,8,0,9,7,2,0,4,28,5,1,0,56053,1307,54746,54285,53712,146,145,237,24,21,461,440,17,4,0,0,45374,45020,44192,108,140,173,26,381,354,336,15,2,1,0,45374,791,44583,44274,43847,103,124,172,17,11,309,297,11,1,0,0,28151,23791,4360
Davidson County,TN,50,3,6,47,37,1305438546,56749226,626681,283978,36.1691287,-86.7847898,626681,611038,385039,173730,2091,19027,394,30757,15643,14542,4658,2060,2947,208,2352,624,413,109,543,76,4,100,81,284,83,1013,75,12,1,626681,61117,565564,553764,359883,172075,1450,18878,293,1185,11800,10983,774,36,6,1,490290,481858,319913,125682,1668,14584,302,19709,8432,7811,571,41,8,1,490290,39670,450620,444352,303131,124599,1235,14483,230,674,6268,5780,463,18,6,1,283978,259499,24479
Decatur County,TN,50,3,6,47,39,864654041,28588845,11757,6873,35.6034221,-88.1073838,11757,11612,11139,338,26,25,6,78,145,139,34,49,8,7,30,2,0,0,0,0,0,0,0,3,6,5,0,1,0,11757,308,11449,11339,10947,337,23,25,6,1,110,104,5,0,1,0,9232,9145,8791,260,20,21,6,47,87,83,3,0,1,0,9232,179,9053,8986,8680,260,19,21,6,0,67,63,3,0,1,0,6873,4927,1946
DeKalb County,TN,50,3,6,47,41,788253896,63816416,18723,9405,35.9822204,-85.8335963,18723,18485,17352,250,35,49,2,797,238,229,49,92,8,8,48,11,0,0,2,0,1,8,0,2,0,8,1,0,0,18723,1239,17484,17314,16980,233,35,48,2,16,170,166,3,1,0,0,14432,14305,13515,192,33,32,2,531,127,122,5,0,0,0,14432,808,13624,13527,13274,181,33,31,2,6,97,95,2,0,0,0,9405,7420,1985
Dickson County,TN,50,3,6,47,43,1268824458,3688818,49666,20820,36.1455325,-87.3641546,49666,48765,45611,2056,172,226,16,684,901,851,394,252,61,12,90,7,0,1,11,0,0,5,1,16,1,48,2,0,0,49666,1573,48093,47332,44880,2035,161,201,15,40,761,727,32,2,0,0,37229,36868,34626,1521,134,155,13,419,361,338,21,2,0,0,37229,949,36280,35984,34174,1509,127,146,13,15,296,283,11,2,0,0,20820,19107,1713
Dyer County,TN,50,3,6,47,45,1326920403,36780572,38335,16703,36.0541962,-89.3983056,38335,37648,31432,5477,82,189,13,455,687,664,324,162,33,5,97,24,4,0,9,1,0,1,0,4,0,22,1,0,0,38335,1002,37333,36764,31044,5433,72,188,8,19,569,551,17,1,0,0,28783,28515,24356,3670,66,141,9,273,268,256,11,1,0,0,28783,573,28210,27986,24131,3647,58,140,7,3,224,213,10,1,0,0,16703,15183,1520
Fayette County,TN,50,3,6,47,47,1825386659,3762451,38413,15669,35.1969933,-89.4138027,38413,38071,26578,10784,106,186,3,414,342,325,102,94,61,4,31,13,8,0,4,0,0,0,5,2,1,11,1,5,0,38413,858,37555,37253,26193,10742,106,186,3,23,302,287,10,0,5,0,29535,29357,20974,7939,84,133,3,224,178,167,7,1,3,0,29535,500,29035,28875,20734,7912,84,133,3,9,160,151,6,0,3,0,15669,14505,1164
Fentress County,TN,50,3,6,47,49,1291399079,829338,17959,8961,36.3760785,-84.9327026,17959,17800,17623,31,44,38,4,60,159,153,21,96,14,2,16,1,0,0,2,0,0,0,0,1,0,4,0,2,0,17959,189,17770,17630,17522,26,42,34,4,2,140,134,4,0,2,0,13805,13698,13589,17,29,24,3,36,107,101,4,0,2,0,13805,108,13697,13595,13527,13,27,23,3,2,102,96,4,0,2,0,8961,7250,1711
Franklin County,TN,50,3,6,47,51,1436257485,54890094,41052,18697,35.1559259,-86.0992032,41052,40340,37260,2109,144,299,23,505,712,683,220,280,61,14,80,5,8,4,4,0,0,2,1,3,1,27,1,1,0,41052,1029,40023,39406,36839,2086,137,299,19,26,617,594,22,1,0,0,32093,31723,29378,1669,116,239,17,304,370,357,11,1,1,0,32093,632,31461,31143,29114,1655,111,239,14,10,318,308,9,1,0,0,18697,16011,2686
Gibson County,TN,50,3,6,47,53,1561094821,2353199,49683,21999,35.9916941,-88.9337756,49683,49016,38988,9340,107,106,6,469,667,633,324,152,29,2,81,21,10,1,9,1,0,0,0,3,0,30,3,1,0,49683,1012,48671,48108,38571,9307,98,106,4,22,563,535,25,3,0,0,37284,37033,29976,6638,76,69,4,270,251,235,12,3,1,0,37284,579,36705,36495,29731,6616,72,69,2,5,210,196,11,3,0,0,21999,19690,2309
Giles County,TN,50,3,6,47,55,1582292854,642569,29485,13844,35.2027228,-87.035319,29485,28895,25480,3012,102,113,11,177,590,571,270,183,43,4,37,6,3,0,12,4,0,0,6,2,1,18,1,0,0,29485,471,29014,28473,25221,3006,95,111,7,33,541,526,14,1,0,0,22976,22735,20097,2352,87,84,7,108,241,230,10,1,0,0,22976,305,22671,22453,19925,2347,83,82,5,11,218,207,10,1,0,0,13844,11875,1969
Grainger County,TN,50,3,6,47,57,726751601,56614954,22657,10894,36.2774634,-83.5094926,22657,22432,21978,107,46,24,3,274,225,222,60,124,16,2,17,1,0,0,0,0,0,0,0,0,2,3,0,0,0,22657,530,22127,21924,21753,101,36,24,3,7,203,201,2,0,0,0,17609,17477,17164,86,37,22,2,166,132,129,3,0,0,0,17609,308,17301,17177,17036,82,32,22,2,3,124,122,2,0,0,0,10894,9029,1865
Greene County,TN,50,3,6,47,59,1611399661,5056718,68831,32025,36.1789979,-82.847746,68831,68008,65358,1373,166,251,21,839,823,766,250,305,44,11,110,14,4,2,5,0,0,1,7,7,6,55,1,1,0,68831,1690,67141,66438,64637,1355,150,249,11,36,703,653,49,1,0,0,54248,53825,51894,1085,136,175,12,523,423,389,32,1,1,0,54248,1005,53243,52872,51476,1074,125,173,8,16,371,341,29,1,0,0,32025,28018,4007
Grundy County,TN,50,3,6,47,61,933778866,1522451,13703,6397,35.387273,-85.7221882,13703,13551,13394,37,65,24,1,30,152,148,9,115,8,1,14,0,0,0,1,0,0,0,0,0,0,3,1,0,0,13703,113,13590,13449,13321,36,63,24,1,4,141,137,3,1,0,0,10535,10420,10298,31,52,21,1,17,115,112,2,1,0,0,10535,67,10468,10356,10252,30,51,21,1,1,112,109,2,1,0,0,6397,5405,992
Hamblen County,TN,50,3,6,47,63,417450989,37877929,62544,26963,36.2183967,-83.2660711,62544,61299,54163,2527,209,466,71,3863,1245,1160,524,221,88,18,243,24,10,1,6,1,3,8,5,4,4,78,3,4,0,62544,6711,55833,54908,51846,2394,100,448,67,53,925,858,60,3,4,0,47804,47213,42407,1907,142,337,47,2373,591,547,40,1,3,0,47804,4017,43787,43367,41048,1838,78,324,45,34,420,382,34,1,3,0,26963,24560,2403
Hamilton County,TN,50,3,6,47,65,1404890184,86631783,336463,151107,35.159186,-85.2022955,336463,330786,248716,67900,1165,5912,296,6797,5677,5311,1799,1337,769,77,561,208,92,42,120,7,1,156,22,96,24,344,17,5,0,336463,14993,321470,316855,242154,67483,817,5855,150,396,4615,4316,282,12,5,0,263852,260953,201402,49492,888,4490,204,4477,2899,2696,186,12,5,0,263852,9866,253986,251596,196974,49212,668,4445,109,188,2390,2226,150,9,5,0,151107,136682,14425
Hancock County,TN,50,3,6,47,67,575858117,2984311,6819,3624,36.5214195,-83.2274526,6819,6741,6682,24,19,7,0,9,78,69,20,36,5,0,2,5,0,0,0,1,0,0,0,0,0,5,3,1,0,6819,13,6806,6728,6673,24,19,7,0,5,78,69,5,3,1,0,5323,5266,5219,16,19,6,0,6,57,49,4,3,1,0,5323,10,5313,5256,5211,16,19,6,0,4,57,49,4,3,1,0,3624,2825,799
Hardeman County,TN,50,3,6,47,69,1729510170,6768412,27253,10851,35.2181307,-88.9890374,27253,26988,15379,11281,61,147,0,120,265,240,109,67,15,1,16,15,11,2,1,0,0,0,0,3,0,24,0,1,0,27253,376,26877,26644,15197,11228,56,145,0,18,233,208,24,0,1,0,21476,21343,12535,8583,48,105,0,72,133,120,12,0,1,0,21476,240,21236,21115,12414,8549,44,103,0,5,121,108,12,0,1,0,10851,9301,1550
Hardin County,TN,50,3,6,47,71,1495246952,49148746,26026,13946,35.2018926,-88.1856958,26026,25634,24384,896,79,102,7,166,392,383,163,155,18,2,37,4,0,0,0,2,1,0,1,0,0,9,0,0,0,26026,497,25529,25183,24110,888,69,102,7,7,346,337,9,0,0,0,20381,20187,19236,691,71,71,5,113,194,188,6,0,0,0,20381,321,20060,19891,19063,689,61,71,5,2,169,163,6,0,0,0,13946,10643,3303
Hawkins County,TN,50,3,6,47,73,1261259454,32691660,56833,26870,36.452206,-82.9313857,56833,56205,54817,740,119,278,11,240,628,596,171,272,56,11,60,6,2,1,0,2,0,10,0,5,0,32,0,0,0,56833,669,56164,55594,54453,735,100,277,8,21,570,540,30,0,0,0,44143,43781,42787,569,87,198,6,134,362,341,21,0,0,0,44143,381,43762,43426,42569,566,76,197,6,12,336,315,21,0,0,0,26870,23343,3527
Haywood County,TN,50,3,6,47,75,1380753077,2457129,18787,8315,35.5866898,-89.2825359,18787,18612,8617,9465,31,21,0,478,175,164,79,24,0,0,20,23,4,1,11,0,0,1,0,1,0,10,1,0,0,18787,723,18064,17917,8419,9431,25,21,0,21,147,139,7,1,0,0,13977,13903,6758,6819,23,15,0,288,74,70,3,1,0,0,13977,445,13532,13470,6632,6795,18,15,0,10,62,58,3,1,0,0,8315,7459,856
Henderson County,TN,50,3,6,47,77,1346982937,15049181,27769,12776,35.6539945,-88.3876741,27769,27284,24764,2187,48,76,3,206,485,471,306,98,8,4,32,11,2,0,10,0,0,0,0,0,0,14,0,0,0,27769,532,27237,26791,24482,2169,40,76,3,21,446,436,10,0,0,0,21012,20856,18987,1641,37,53,2,136,156,151,5,0,0,0,21012,320,20692,20549,18827,1629,32,53,2,6,143,138,5,0,0,0,12776,11224,1552
Henry County,TN,50,3,6,47,79,1455823082,81118140,32330,17054,36.3253983,-88.3003844,32330,31814,28827,2599,100,95,6,187,516,500,277,126,30,2,41,2,5,2,7,1,0,1,1,5,0,15,1,0,0,32330,553,31777,31312,28522,2578,93,95,5,19,465,452,13,0,0,0,25302,25077,22852,1939,85,77,4,120,225,213,11,1,0,0,25302,347,24955,24751,22649,1930,81,77,3,11,204,194,10,0,0,0,17054,13604,3450
Hickman County,TN,50,3,6,47,81,1586365395,332916,24690,10311,35.8023956,-87.4671144,24690,24334,22920,1120,125,49,2,118,356,344,95,153,26,8,51,4,1,0,1,1,0,1,0,3,0,12,0,0,0,24690,455,24235,23942,22657,1102,118,47,2,16,293,282,11,0,0,0,19128,18935,17702,1027,100,35,2,69,193,184,9,0,0,0,19128,272,18856,18689,17530,1023,94,34,2,6,167,158,9,0,0,0,10311,8976,1335
Houston County,TN,50,3,6,47,83,518739541,17322109,8426,4188,36.2857772,-87.7056048,8426,8295,8015,193,24,25,3,35,131,130,40,64,7,5,9,5,0,0,0,0,0,0,0,0,0,0,0,1,0,8426,129,8297,8170,7931,190,20,25,3,1,127,126,0,0,1,0,6434,6368,6139,164,19,21,2,23,66,65,0,0,1,0,6434,70,6364,6300,6097,163,17,21,2,0,64,63,0,0,1,0,4188,3349,839
Humphreys County,TN,50,3,6,47,85,1375232049,66620771,18538,8865,36.0404396,-87.7906251,18538,18316,17629,463,82,35,6,101,222,208,72,85,14,4,22,1,1,1,1,4,0,2,0,0,1,11,3,0,0,18538,278,18260,18071,17498,455,65,34,6,13,189,180,8,1,0,0,14245,14138,13638,341,63,30,6,60,107,101,4,2,0,0,14245,164,14081,13985,13557,335,53,29,6,5,96,91,4,1,0,0,8865,7454,1411
Jackson County,TN,50,3,6,47,87,798545703,29019623,11638,5843,36.354242,-85.6741819,11638,11516,11387,30,53,11,1,34,122,119,23,73,10,3,9,0,0,0,0,0,0,0,0,0,1,2,0,1,0,11638,164,11474,11364,11267,29,52,10,1,5,110,107,2,0,1,0,9267,9192,9096,19,47,10,1,19,75,72,2,0,1,0,9267,101,9166,9096,9020,18,46,9,1,2,70,67,2,0,1,0,5843,4789,1054
Jefferson County,TN,50,3,6,47,89,709858548,104186904,51407,23499,36.0484787,-83.4409664,51407,50713,48571,1048,170,213,13,698,694,649,217,241,60,7,94,3,1,1,9,1,0,3,5,3,4,33,9,3,0,51407,1619,49788,49199,47738,1031,152,212,11,55,589,551,26,9,3,0,40048,39691,38111,827,125,155,13,460,357,334,16,4,3,0,40048,979,39069,38746,37614,816,114,154,11,37,323,301,15,4,3,0,23499,19864,3635
Johnson County,TN,50,3,6,47,91,773046157,11001626,18244,8956,36.4532035,-81.8612367,18244,18069,17544,378,34,35,4,74,175,162,34,85,21,3,13,1,0,1,2,0,0,0,0,0,2,7,6,0,0,18244,269,17975,17818,17373,373,32,35,3,2,157,144,7,6,0,0,14882,14770,14289,360,31,26,3,61,112,106,5,1,0,0,14882,182,14700,14597,14181,357,29,26,3,1,103,97,5,1,0,0,8956,7195,1761
Knox County,TN,50,3,6,47,93,1316271254,45715161,432226,194949,35.9927265,-83.9377209,432226,423976,369794,38045,1251,8095,359,6432,8250,7705,3086,1794,1346,93,693,222,82,32,131,25,6,26,63,92,14,507,28,10,0,432226,15012,417214,410082,362580,37648,1018,7998,277,561,7132,6690,413,21,8,0,337736,333738,294504,27598,948,6246,239,4203,3998,3678,293,17,10,0,337736,9778,327958,324465,289680,27359,806,6185,185,250,3493,3226,247,12,8,0,194949,177249,17700
Lake County,TN,50,3,6,47,95,429379130,72802129,7832,2598,36.3339054,-89.4855365,7832,7731,5490,2171,22,11,1,36,101,100,62,21,3,0,6,4,2,0,1,0,0,0,1,0,0,1,0,0,0,7832,136,7696,7607,5409,2162,20,11,1,4,89,89,0,0,0,0,6523,6479,4581,1839,20,10,1,28,44,43,1,0,0,0,6523,95,6428,6390,4527,1834,18,10,1,0,38,38,0,0,0,0,2598,2270,328
Lauderdale County,TN,50,3,6,47,97,1222453808,92173871,27815,11256,35.7629507,-89.6277318,27815,27452,17236,9720,176,59,4,257,363,339,164,63,21,3,28,20,8,7,14,0,3,2,1,5,0,22,1,1,0,27815,564,27251,26938,17035,9676,155,55,0,17,313,292,19,1,1,0,21068,20911,13479,7077,142,45,4,164,157,144,11,1,1,0,21068,372,20696,20559,13353,7034,126,41,0,5,137,125,10,1,1,0,11256,9795,1461
Lawrence County,TN,50,3,6,47,99,1598355330,2229584,41869,18177,35.2204764,-87.396546,41869,41189,40050,642,152,121,2,222,680,647,193,275,66,6,78,0,3,1,8,7,1,5,0,0,4,29,1,3,0,41869,689,41180,40603,39690,637,142,120,2,12,577,558,16,0,3,0,31340,30992,30166,479,123,93,2,129,348,333,11,1,3,0,31340,383,30957,30644,29949,477,118,92,2,6,313,301,9,0,3,0,18177,16275,1902
Lewis County,TN,50,3,6,47,101,730608109,1031587,12161,5470,35.5232441,-87.4969827,12161,11975,11656,199,35,44,5,36,186,182,57,59,22,3,36,1,0,0,0,0,0,3,0,1,0,4,0,0,0,12161,221,11940,11790,11507,198,34,43,5,3,150,147,3,0,0,0,9263,9180,8964,136,26,33,3,18,83,79,4,0,0,0,9263,125,9138,9067,8869,136,25,32,3,2,71,68,3,0,0,0,5470,4781,689
Lincoln County,TN,50,3,6,47,103,1477169515,990366,33361,15241,35.1425322,-86.5933882,33361,32770,29841,2269,151,122,20,367,591,563,194,263,33,12,32,6,7,0,10,2,0,3,1,0,0,24,4,0,0,33361,885,32476,31954,29402,2256,145,115,13,23,522,504,18,0,0,0,25575,25258,23126,1669,117,99,17,230,317,300,13,4,0,0,25575,535,25040,24757,22875,1657,113,93,10,9,283,273,10,0,0,0,15241,13382,1859
Loudon County,TN,50,3,6,47,105,593665426,47019542,48556,21725,35.73745,-84.316204,48556,48033,45339,533,136,287,48,1690,523,500,165,165,73,12,63,4,0,0,10,0,0,1,0,4,3,20,3,0,0,48556,3395,45161,44737,43776,517,111,284,22,27,424,408,16,0,0,0,38688,38419,36638,416,103,203,28,1031,269,256,13,0,0,0,38688,2043,36645,36423,35694,407,92,203,14,13,222,212,10,0,0,0,21725,19826,1899
McMinn County,TN,50,3,6,47,107,1114018337,5331264,52266,23341,35.4244708,-84.6199625,52266,51225,47954,2066,178,388,11,628,1041,1021,367,418,75,3,107,9,11,1,14,1,0,4,2,7,2,20,0,0,0,52266,1482,50784,49887,47273,2021,158,385,8,42,897,884,13,0,0,0,40471,39941,37558,1525,137,312,7,402,530,519,11,0,0,0,40471,916,39555,39092,37136,1500,127,310,4,15,463,456,7,0,0,0,23341,20865,2476
McNairy County,TN,50,3,6,47,109,1457801922,1947871,26075,11933,35.1756263,-88.5646713,26075,25736,23925,1550,60,49,2,150,339,319,117,140,9,3,34,11,2,0,0,1,0,1,0,1,0,20,0,0,0,26075,396,25679,25370,23716,1541,47,49,1,16,309,289,20,0,0,0,19957,19782,18484,1121,54,33,1,89,175,161,14,0,0,0,19957,236,19721,19556,18360,1115,41,33,1,6,165,151,14,0,0,0,11933,10326,1607
Macon County,TN,50,3,6,47,111,795498380,246691,22248,9861,36.5378383,-86.0012306,22248,22017,21364,93,78,44,3,435,231,219,41,108,15,4,39,2,0,0,1,2,0,0,0,7,0,12,0,0,0,22248,919,21329,21152,20961,79,61,44,3,4,177,169,8,0,0,0,16681,16537,16096,54,63,30,2,292,144,138,6,0,0,0,16681,562,16119,15998,15868,48,50,30,2,0,121,116,5,0,0,0,9861,8561,1300
Madison County,TN,50,3,6,47,113,1442926509,3908964,98294,41877,35.6060563,-88.8334238,98294,96846,58226,35636,184,918,31,1851,1448,1368,608,205,162,13,171,67,29,8,60,9,0,5,3,24,4,70,10,0,0,98294,3306,94988,93775,57060,35530,146,895,28,116,1213,1148,58,7,0,0,74660,74044,46780,25297,154,650,21,1142,616,576,35,5,0,0,74660,2016,72644,72121,46062,25230,125,639,18,47,523,488,31,4,0,0,41877,38073,3804
Marion County,TN,50,3,6,47,115,1290227262,36501967,28237,12954,35.1334215,-85.618399,28237,27897,26501,1012,114,111,1,158,340,323,109,146,22,8,22,7,0,0,3,0,0,1,0,5,0,14,3,0,0,28237,361,27876,27564,26328,1007,111,111,1,6,312,298,11,3,0,0,22080,21904,20852,773,94,78,1,106,176,169,7,0,0,0,22080,229,21851,21684,20743,770,91,78,1,1,167,160,7,0,0,0,12954,11403,1551
Marshall County,TN,50,3,6,47,117,972437127,1801806,30617,13119,35.4683866,-86.7658862,30617,30104,27094,2003,108,133,19,747,513,475,219,115,45,2,80,3,0,0,6,0,0,0,2,3,0,36,1,1,0,30617,1386,29231,28823,26565,1985,100,130,15,28,408,376,31,1,0,0,23067,22834,20709,1515,75,100,9,426,233,212,19,1,1,0,23067,798,22269,22088,20402,1506,71,97,6,6,181,162,18,1,0,0,13119,11850,1269
Maury County,TN,50,3,6,47,119,1588021250,6319194,80956,35254,35.6156963,-87.0777632,80956,79374,66677,10154,265,489,29,1760,1582,1481,692,305,135,21,236,27,5,2,16,4,0,5,8,20,5,89,7,5,0,80956,3909,77047,75792,64919,10076,232,482,21,62,1255,1171,73,7,4,0,61299,60681,51641,7356,203,359,27,1095,618,570,43,2,3,0,61299,2356,58943,58467,50578,7312,182,355,19,21,476,436,36,2,2,0,35254,31663,3591
Meigs County,TN,50,3,6,47,121,505362806,56013385,11753,5628,35.5033973,-84.8238876,11753,11606,11341,116,64,18,0,67,147,140,26,90,2,2,16,0,0,0,0,1,0,2,1,0,0,7,0,0,0,11753,176,11577,11455,11261,116,58,18,0,2,122,118,4,0,0,0,9227,9132,8945,86,46,16,0,39,95,92,3,0,0,0,9227,102,9125,9043,8895,86,45,16,0,1,82,80,2,0,0,0,5628,4686,942
Monroe County,TN,50,3,6,47,123,1646104693,44013070,44519,20787,35.4476659,-84.2497859,44519,43774,41661,926,220,152,13,802,745,725,198,365,61,11,72,9,1,0,4,0,2,0,0,2,0,20,0,0,0,44519,1448,43071,42417,41146,900,199,151,10,11,654,636,18,0,0,0,34341,33914,32464,694,164,107,11,474,427,412,15,0,0,0,34341,826,33515,33124,32166,679,154,106,9,10,391,376,15,0,0,0,20787,17711,3076
Montgomery County,TN,50,3,6,47,125,1396461566,12050596,172331,70098,36.5003535,-87.3808865,172331,164716,122336,32982,988,3570,676,4164,7615,6909,2564,1043,1366,154,665,299,268,83,215,34,15,23,67,95,18,632,56,18,0,172331,13752,158579,152697,115553,32003,782,3480,634,245,5882,5412,429,35,6,0,124117,120998,91252,22862,734,2898,462,2790,3119,2863,233,18,5,0,124117,8264,115853,113338,87033,22306,598,2843,442,116,2515,2326,174,12,3,0,70098,63673,6425
Moore County,TN,50,3,6,47,127,334684959,3093426,6362,2915,35.2888885,-86.358684,6362,6289,6068,145,17,26,1,32,73,73,23,32,3,4,6,2,0,0,0,0,0,0,0,3,0,0,0,0,0,6362,70,6292,6227,6037,145,16,24,1,4,65,65,0,0,0,0,4951,4913,4733,122,17,24,1,16,38,38,0,0,0,0,4951,41,4910,4877,4715,122,16,22,1,1,33,33,0,0,0,0,2915,2492,423
Morgan County,TN,50,3,6,47,129,1352440400,809723,21987,8920,36.138697,-84.6392616,21987,21723,20761,806,69,41,6,40,264,261,46,168,25,2,9,5,0,0,0,0,0,2,2,0,2,2,0,0,1,21987,188,21799,21551,20638,803,65,38,6,1,248,248,0,0,0,0,17364,17205,16301,791,52,30,5,26,159,157,1,0,0,1,17364,133,17231,17083,16209,790,51,28,5,0,148,148,0,0,0,0,8920,7692,1228
Obion County,TN,50,3,6,47,131,1410839429,27916074,31807,14659,36.3581749,-89.1501746,31807,31442,27329,3367,56,77,12,601,365,351,184,85,18,0,43,9,2,0,10,0,0,0,0,0,0,14,0,0,0,31807,999,30808,30490,26988,3353,49,75,8,17,318,305,13,0,0,0,24538,24389,21464,2454,47,54,11,359,149,141,8,0,0,0,24538,583,23955,23826,21277,2443,44,52,7,3,129,122,7,0,0,0,14659,13077,1582
Overton County,TN,50,3,6,47,133,1122714642,3500016,22083,10295,36.3448504,-85.2830756,22083,21834,21571,87,68,44,1,63,249,241,68,128,21,2,17,1,0,1,0,1,0,0,1,1,0,8,0,0,0,22083,202,21881,21656,21452,86,65,43,1,9,225,218,7,0,0,0,16954,16816,16626,68,49,34,1,38,138,134,4,0,0,0,16954,133,16821,16692,16539,68,47,34,1,3,129,126,3,0,0,0,10295,8820,1475
Perry County,TN,50,3,6,47,135,1074148474,21084076,7915,4599,35.659785,-87.8770272,7915,7795,7584,119,48,14,0,30,120,115,39,62,6,0,6,0,0,0,2,0,0,0,0,0,0,5,0,0,0,7915,131,7784,7677,7502,116,43,14,0,2,107,104,3,0,0,0,6129,6065,5919,89,29,13,0,15,64,62,2,0,0,0,6129,70,6059,6000,5871,88,27,13,0,1,59,58,1,0,0,0,4599,3160,1439
Pickett County,TN,50,3,6,47,137,422113383,29822854,5077,3462,36.5593638,-85.075741,5077,5046,4993,5,11,4,0,33,31,31,5,21,0,0,5,0,0,0,0,0,0,0,0,0,0,0,0,0,0,5077,67,5010,4984,4964,5,11,4,0,0,26,26,0,0,0,0,4103,4084,4046,5,10,4,0,19,19,19,0,0,0,0,4103,41,4062,4043,4024,5,10,4,0,0,19,19,0,0,0,0,3462,2177,1285
Polk County,TN,50,3,6,47,139,1125806416,19834205,16825,7991,35.1094371,-84.5411124,16825,16610,16397,50,64,24,4,71,215,208,26,152,12,1,12,0,1,1,0,2,0,1,0,0,0,4,0,3,0,16825,233,16592,16396,16262,50,57,23,1,3,196,192,1,0,3,0,13100,12946,12792,30,56,18,2,48,154,149,2,0,3,0,13100,140,12960,12815,12714,30,50,17,1,3,145,141,1,0,3,0,7991,6653,1338
Putnam County,TN,50,3,6,47,141,1038852585,3784351,72321,31882,36.1408072,-85.4969279,72321,71206,66536,1455,317,846,46,2006,1115,1055,363,309,143,20,163,8,12,3,3,1,0,8,2,16,4,56,3,1,0,72321,3858,68463,67577,65052,1421,211,839,18,36,886,846,37,2,1,0,56754,56211,52910,1128,225,671,34,1243,543,514,25,3,1,0,56754,2314,54440,53995,52021,1112,162,668,14,18,445,423,19,2,1,0,31882,28930,2952
Rhea County,TN,50,3,6,47,143,816822960,54463425,31809,14365,35.600587,-84.9495522,31809,31307,29695,616,141,130,15,710,502,477,157,177,30,7,86,7,3,0,3,3,0,2,0,2,0,22,3,0,0,31809,1187,30622,30205,29303,609,126,128,14,25,417,396,18,3,0,0,24353,24107,22987,473,115,100,13,419,246,233,10,3,0,0,24353,671,23682,23474,22779,466,107,98,12,12,208,195,10,3,0,0,14365,12276,2089
Roane County,TN,50,3,6,47,145,934229744,88755772,54181,25716,35.8474721,-84.5238612,54181,53292,51157,1440,180,278,18,219,889,850,275,363,83,10,81,18,8,2,0,4,0,3,1,1,1,33,6,0,0,54181,710,53471,52662,50752,1430,167,274,15,24,809,776,29,4,0,0,42896,42458,40833,1113,148,216,15,133,438,418,20,0,0,0,42896,435,42461,42052,40569,1105,138,212,13,15,409,391,18,0,0,0,25716,22376,3340
Robertson County,TN,50,3,6,47,147,1233577495,451694,66283,26086,36.5275304,-86.8693774,66283,65326,57919,4934,234,331,32,1876,957,923,320,269,100,14,151,19,10,0,13,0,0,5,2,17,3,33,0,1,0,66283,3903,62380,61615,56159,4877,190,323,17,49,765,738,26,0,1,0,49241,48820,43583,3576,174,242,26,1219,421,409,11,0,1,0,49241,2445,46796,46458,42493,3548,149,234,15,19,338,327,10,0,1,0,26086,24197,1889
Rutherford County,TN,50,3,6,47,149,1604145428,12143221,262604,102968,35.8433688,-86.4172127,262604,256310,205417,32886,954,7984,142,8927,6294,5926,2378,946,1002,59,755,175,157,26,156,31,0,30,40,129,42,334,29,5,0,262604,17500,245104,240041,198483,32534,671,7901,116,336,5063,4762,276,21,4,0,193890,191241,156044,23113,682,5695,106,5601,2649,2449,180,17,3,0,193890,10725,183165,181080,151781,22909,511,5642,88,149,2085,1913,157,12,3,0,102968,96232,6736
Scott County,TN,50,3,6,47,151,1378642788,2414259,22228,9910,36.4372392,-84.4983861,22228,22031,21853,21,57,43,1,56,197,192,22,125,26,1,16,0,0,0,1,0,0,0,0,1,0,5,0,0,0,22228,120,22108,21925,21795,19,55,42,1,13,183,179,4,0,0,0,16598,16475,16356,14,40,30,1,34,123,119,4,0,0,0,16598,74,16524,16406,16316,13,40,30,1,6,118,114,4,0,0,0,9910,8671,1239
Sequatchie County,TN,50,3,6,47,153,688567749,481448,14112,6368,35.3723348,-85.4103438,14112,13937,13543,21,53,40,5,275,175,164,29,86,8,2,31,4,1,0,0,1,0,0,0,2,0,10,1,0,0,14112,462,13650,13516,13402,19,47,40,4,4,134,128,5,1,0,0,10788,10683,10399,17,44,27,1,195,105,99,5,1,0,0,10788,287,10501,10406,10320,15,39,27,1,4,95,90,4,1,0,0,6368,5519,849
Sevier County,TN,50,3,6,47,155,1534567408,13514945,89889,55918,35.7912836,-83.5219545,89889,88680,84217,711,342,774,20,2616,1209,1158,248,443,188,20,180,4,7,3,16,2,1,9,2,29,6,51,0,0,0,89889,4787,85102,84164,82374,640,295,769,15,71,938,906,32,0,0,0,69997,69296,66090,464,284,596,18,1844,701,664,37,0,0,0,69997,3204,66793,66228,64916,416,256,591,14,35,565,541,24,0,0,0,55918,35343,20575
Shelby County,TN,50,3,6,47,157,1976612450,56576401,927644,398274,35.1837942,-89.895397,927644,914342,376270,483381,2279,21391,441,30580,13302,12141,3858,1504,2058,142,1566,1063,574,142,572,70,7,93,76,336,80,1007,130,23,1,927644,52092,875552,864957,359106,481431,1804,21245,274,1097,10595,9641,842,101,10,1,682902,675897,299618,339146,1664,15730,331,19408,7005,6350,573,67,14,1,682902,33217,649685,644075,288373,337955,1357,15643,218,529,5610,5044,509,49,7,1,398274,350971,47303
Smith County,TN,50,3,6,47,159,814004493,28706391,19166,8529,36.2556502,-85.9420775,19166,18908,18179,410,87,37,3,192,258,246,84,121,13,3,24,0,0,0,0,1,0,0,0,0,0,12,0,0,0,19166,417,18749,18527,18002,405,81,32,3,4,222,212,10,0,0,0,14523,14389,13864,308,65,30,3,119,134,127,7,0,0,0,14523,250,14273,14153,13752,306,64,27,3,1,120,113,7,0,0,0,8529,7410,1119
Stewart County,TN,50,3,6,47,161,1189659929,87232255,13324,6778,36.5117556,-87.8515483,13324,13089,12605,188,75,137,3,81,235,228,45,106,37,5,30,1,1,0,0,1,0,0,2,0,0,7,0,0,0,13324,250,13074,12873,12469,187,75,135,3,4,201,194,7,0,0,0,10278,10136,9765,119,71,126,3,52,142,138,4,0,0,0,10278,142,10136,10006,9686,118,71,125,3,3,130,126,4,0,0,0,6778,5386,1392
Sullivan County,TN,50,3,6,47,163,1070605281,42330294,156823,73760,36.5102123,-82.2993965,156823,154829,149208,3329,416,884,34,958,1994,1910,766,673,217,26,120,26,9,3,13,7,3,15,9,20,3,75,5,4,0,156823,2321,154502,152703,148033,3272,379,881,28,110,1799,1723,71,3,2,0,124530,123573,119433,2499,346,668,27,600,957,911,41,3,2,0,124530,1452,123078,122213,118684,2471,325,665,23,45,865,823,38,2,2,0,73760,66298,7462
Sumner County,TN,50,3,6,47,165,1371267673,35658276,160645,65968,36.4700152,-86.4585173,160645,158018,142844,10311,462,1638,114,2649,2627,2505,902,624,432,44,299,61,15,5,52,4,0,10,23,24,10,113,5,4,0,160645,6308,154337,152189,139693,10213,406,1616,93,168,2148,2050,92,4,2,0,120015,118848,108375,7206,358,1162,72,1675,1167,1120,44,1,2,0,120015,3860,116155,115189,106434,7149,322,1149,58,77,966,925,38,1,2,0,65968,60975,4993
Tipton County,TN,50,3,6,47,167,1187161824,38714600,61081,23199,35.5002966,-89.7637081,61081,60077,47501,11449,248,367,52,460,1004,952,326,305,140,22,60,36,18,7,17,6,0,3,8,3,1,50,0,2,0,61081,1269,59812,58904,46831,11393,217,356,48,59,908,862,45,0,1,0,44450,43980,35232,7931,182,275,33,327,470,447,22,0,1,0,44450,837,43613,43183,34809,7895,158,269,30,22,430,410,19,0,1,0,23199,21617,1582
Trousdale County,TN,50,3,6,47,169,295758787,6345335,7870,3368,36.3930297,-86.1566909,7870,7731,6852,754,33,18,1,73,139,138,67,42,4,1,21,0,0,0,2,0,0,0,0,1,0,1,0,0,0,7870,198,7672,7554,6761,748,23,18,1,3,118,117,1,0,0,0,5935,5879,5207,589,26,13,1,43,56,55,1,0,0,0,5935,106,5829,5779,5158,587,20,13,1,0,50,49,1,0,0,0,3368,2976,392
Unicoi County,TN,50,3,6,47,171,482165202,850686,18313,8830,36.1002148,-82.4182453,18313,18111,17553,36,45,30,3,444,202,199,41,102,17,2,35,0,0,0,0,0,0,2,0,0,0,3,0,0,0,18313,694,17619,17461,17348,35,41,30,2,5,158,158,0,0,0,0,14622,14488,14165,21,36,24,1,241,134,133,1,0,0,0,14622,393,14229,14112,14033,20,33,24,0,2,117,117,0,0,0,0,8830,7726,1104
Union County,TN,50,3,6,47,173,578990181,61092965,19109,8958,36.2841401,-83.8360878,19109,18863,18678,22,60,19,12,72,246,237,26,169,10,6,19,1,1,0,0,1,0,1,0,3,0,8,1,0,0,19109,249,18860,18631,18539,21,44,19,3,5,229,221,7,1,0,0,14546,14388,14255,16,46,15,6,50,158,152,5,1,0,0,14546,147,14399,14246,14174,15,35,15,2,5,153,147,5,1,0,0,8958,7391,1567
Van Buren County,TN,50,3,6,47,175,708142475,2893424,5548,2663,35.6992446,-85.4584114,5548,5497,5441,23,15,8,0,10,51,51,4,44,0,1,2,0,0,0,0,0,0,0,0,0,0,0,0,0,0,5548,50,5498,5450,5408,22,13,7,0,0,48,48,0,0,0,0,4391,4354,4314,18,12,3,0,7,37,37,0,0,0,0,4391,34,4357,4322,4291,18,10,3,0,0,35,35,0,0,0,0,2663,2246,417
Warren County,TN,50,3,6,47,177,1120635730,3508343,39839,17821,35.6782817,-85.7773633,39839,39185,35650,1142,109,190,13,2081,654,625,204,187,39,3,165,4,1,0,5,0,0,2,0,5,10,24,4,1,0,39839,3224,36615,36153,34739,1085,95,190,12,32,462,445,15,2,0,0,30140,29867,27513,882,88,137,11,1236,273,252,17,3,1,0,30140,1856,28284,28070,26977,849,85,137,10,12,214,201,11,2,0,0,17821,15850,1971
Washington County,TN,50,3,6,47,179,845539916,8632655,122979,57254,36.2956649,-82.4950374,122979,120848,112619,4814,377,1466,38,1534,2131,1991,847,475,284,28,223,39,14,2,35,4,2,5,4,20,9,128,12,0,0,122979,3633,119346,117554,110902,4727,323,1461,25,116,1792,1680,101,11,0,0,98152,97140,91006,3683,298,1148,28,977,1012,950,55,7,0,0,98152,2356,95796,94940,89842,3629,259,1144,20,46,856,806,44,6,0,0,57254,51322,5932
Wayne County,TN,50,3,6,47,181,1901310603,4023299,17021,7287,35.2426873,-87.8197026,17021,16859,15712,978,54,30,5,80,162,156,29,80,10,4,19,10,1,0,1,2,0,0,0,0,0,6,0,0,0,17021,277,16744,16604,15535,975,51,30,2,11,140,136,4,0,0,0,13687,13581,12524,941,41,20,4,51,106,102,4,0,0,0,13687,194,13493,13397,12395,938,38,20,1,5,96,92,4,0,0,0,7287,6136,1151
Weakley County,TN,50,3,6,47,183,1503135455,3679548,35021,15495,36.3035229,-88.7207846,35021,34537,31124,2736,101,368,8,200,484,460,203,130,53,5,34,11,1,3,4,1,0,1,5,8,1,19,4,0,1,35021,700,34321,33891,30696,2717,89,365,6,18,430,416,10,4,0,0,27991,27744,25073,2168,73,295,8,127,247,233,13,1,0,0,27991,444,27547,27329,24806,2154,64,292,6,7,218,208,9,1,0,0,15495,13898,1597
White County,TN,50,3,6,47,185,975578971,7128063,25841,11511,35.9270621,-85.4557657,25841,25477,24739,459,82,69,20,108,364,348,120,147,19,8,34,6,2,0,5,1,0,3,1,2,0,16,0,0,0,25841,425,25416,25110,24496,450,66,69,20,9,306,293,13,0,0,0,20036,19859,19312,344,61,57,10,75,177,170,7,0,0,0,20036,268,19768,19621,19158,340,53,57,10,3,147,142,5,0,0,0,11511,10272,1239
Williamson County,TN,50,3,6,47,187,1508925443,3028823,183182,68498,35.894972,-86.896958,183182,180448,163728,7941,396,5517,82,2784,2734,2594,620,517,843,58,321,49,38,1,31,14,3,19,20,56,4,125,11,4,0,183182,8166,175016,172726,158769,7828,343,5497,75,214,2290,2175,100,11,4,0,129553,128341,117068,5591,285,3595,59,1743,1212,1146,59,3,4,0,129553,4996,124557,123538,114027,5528,250,3586,58,89,1019,963,49,3,4,0,68498,64886,3612
Wilson County,TN,50,3,6,47,189,1478433235,32037460,113993,45568,36.1484757,-86.2902097,113993,112142,101379,7297,395,1276,44,1751,1851,1730,614,473,283,36,182,53,16,2,17,11,0,9,9,19,6,113,8,0,0,113993,3691,110302,108723,99717,7234,353,1259,34,126,1579,1481,92,6,0,0,85432,84598,77079,5279,299,883,26,1032,834,784,45,5,0,0,85432,2202,83230,82507,76047,5241,271,872,19,57,723,683,37,3,0,0,45568,42563,3005
Anderson County,TX,50,3,7,48,1,2752126295,39884082,58458,20116,31.841266,-95.6617444,58458,57465,38632,12310,259,291,21,5952,993,954,270,244,40,6,247,23,10,1,42,3,0,8,8,26,26,29,10,0,0,58458,9287,49171,48542,35792,12222,192,283,16,37,629,608,19,2,0,0,46983,46538,30861,10466,193,216,16,4786,445,428,15,2,0,0,46983,6713,40270,39977,29157,10423,156,211,11,19,293,280,11,2,0,0,20116,17218,2898
Andrews County,TX,50,3,7,48,3,3886829704,957046,14786,5814,32.3122581,-102.6402058,14786,14494,11749,222,142,91,1,2289,292,283,46,63,16,2,136,0,0,0,11,4,0,2,1,2,0,9,0,0,0,14786,7195,7591,7480,7083,199,95,85,1,17,111,108,3,0,0,0,10474,10323,8512,145,101,71,1,1493,151,145,6,0,0,0,10474,4542,5932,5875,5593,133,72,67,1,9,57,55,2,0,0,0,5814,5259,555
Angelina County,TX,50,3,7,48,5,2066235308,173343492,86771,35589,31.2519514,-94.6110558,86771,85247,62537,13035,411,785,13,8466,1524,1460,360,256,103,17,520,26,9,1,95,7,0,19,4,38,5,53,6,5,0,86771,17145,69626,68831,54889,12840,255,744,9,94,795,755,33,2,5,0,63565,62845,47474,9290,296,575,12,5198,720,692,23,2,3,0,63565,10264,53301,52928,42919,9193,203,554,8,51,373,353,15,2,3,0,35589,31090,4499
Aransas County,TX,50,3,7,48,7,652868851,714621093,23158,15355,28.1042254,-96.977983,23158,22635,20231,303,171,455,8,1467,523,488,66,170,42,5,169,2,0,0,9,2,0,10,1,10,2,33,1,1,0,23158,5690,17468,17195,16350,258,118,443,5,21,273,264,8,0,1,0,18635,18323,16628,218,141,356,5,975,312,296,14,1,1,0,18635,3747,14888,14698,14030,200,100,350,4,14,190,182,7,0,1,0,15355,9795,5560
Archer County,TX,50,3,7,48,9,2339043608,57777594,9054,4107,33.6163054,-98.6872669,9054,8920,8504,40,60,18,3,295,134,125,20,56,11,0,31,1,0,0,1,4,0,1,0,0,0,7,0,2,0,9054,675,8379,8288,8182,34,47,18,3,4,91,86,3,0,2,0,6869,6798,6524,19,46,17,2,190,71,68,1,0,2,0,6869,423,6446,6390,6314,16,37,17,2,4,56,54,0,0,2,0,4107,3538,569
Armstrong County,TX,50,3,7,48,11,2354581881,12219756,1901,904,34.964179,-101.3566363,1901,1880,1774,11,15,0,0,80,21,21,3,12,1,0,3,0,1,0,0,0,0,1,0,0,0,0,0,0,0,1901,124,1777,1760,1725,11,13,0,0,11,17,17,0,0,0,0,1478,1466,1396,5,12,0,0,53,12,12,0,0,0,0,1478,72,1406,1395,1371,5,10,0,0,9,11,11,0,0,0,0,904,751,153
Atascosa County,TX,50,3,7,48,13,3158604888,4995763,44911,17631,28.8942963,-98.5281872,44911,43895,38130,359,341,156,30,4879,1016,986,66,220,48,12,549,4,8,1,28,3,0,15,0,27,5,22,2,6,0,44911,27785,17126,16881,16295,256,143,130,14,43,245,235,7,2,1,0,32049,31385,27493,222,267,122,19,3262,664,648,11,2,3,0,32049,18510,13539,13359,12930,170,120,105,8,26,180,173,4,2,1,0,17631,15246,2385
Austin County,TX,50,3,7,48,15,1674448899,25577195,28417,12926,29.8919013,-96.2701697,28417,27793,22379,2668,138,118,1,2489,624,589,126,103,23,5,244,21,5,0,41,0,1,10,2,6,2,31,4,0,0,28417,6641,21776,21505,18657,2622,79,110,1,36,271,251,17,3,0,0,21288,20967,17243,1916,99,89,1,1619,321,301,17,3,0,0,21288,4116,17172,17024,14967,1891,57,85,1,23,148,136,10,2,0,0,12926,10837,2089
Bailey County,TX,50,3,7,48,17,2141394831,1771770,7165,2784,34.0675209,-102.8303446,7165,7023,5392,86,103,30,6,1406,142,139,11,26,9,0,75,0,0,0,5,0,0,7,0,3,3,2,1,0,0,7165,4283,2882,2853,2745,67,16,23,0,2,29,28,1,0,0,0,4949,4866,3839,70,59,19,4,875,83,82,0,1,0,0,4949,2602,2347,2327,2241,58,11,16,0,1,20,20,0,0,0,0,2784,2468,316
Bandera County,TX,50,3,7,48,19,2048578865,17288401,20485,11561,29.7557484,-99.2606816,20485,20115,19010,98,166,57,2,782,370,360,27,145,30,2,127,4,1,0,4,5,0,10,2,2,1,10,0,0,0,20485,3415,17070,16860,16576,90,121,55,0,18,210,206,4,0,0,0,16462,16226,15425,55,131,50,2,563,236,232,4,0,0,0,16462,2360,14102,13949,13733,52,102,48,0,14,153,152,1,0,0,0,11561,8564,2997
Bastrop County,TX,50,3,7,48,21,2300298811,19154980,74171,29316,30.1031276,-97.3118587,74171,72022,54750,5772,739,489,66,10206,2149,2031,459,476,150,16,671,33,12,1,93,15,1,39,10,42,13,106,3,9,0,74171,24190,49981,48914,42446,5535,315,449,54,115,1067,1012,49,3,3,0,54719,53617,41897,4337,544,379,46,6414,1102,1041,53,1,7,0,54719,15055,39664,39112,34155,4226,269,351,42,69,552,518,30,1,3,0,29316,25840,3476
Baylor County,TX,50,3,7,48,23,2246766775,86983599,3726,2665,33.6181716,-99.197228,3726,3649,3410,75,11,4,3,146,77,76,19,21,1,0,25,0,0,0,5,0,0,5,0,0,0,1,0,0,0,3726,455,3271,3236,3147,71,10,4,3,1,35,34,1,0,0,0,2958,2917,2729,59,8,4,3,114,41,40,1,0,0,0,2958,282,2676,2655,2583,57,7,4,3,1,21,20,1,0,0,0,2665,1669,996
Bee County,TX,50,3,7,48,25,2279809490,246410,31861,10649,28.416077,-97.7425858,31861,31123,25092,2592,165,177,17,3080,738,722,72,112,43,12,403,6,9,0,29,2,0,20,3,5,6,16,0,0,0,31861,17906,13955,13772,10967,2525,70,162,10,38,183,178,5,0,0,0,24872,24468,19663,2451,128,140,13,2073,404,399,5,0,0,0,24872,12708,12164,12057,9412,2416,60,134,9,26,107,104,3,0,0,0,10649,9042,1607
Bell County,TX,50,3,7,48,27,2722118322,95364952,310235,125470,31.0421099,-97.4819209,310235,294761,190553,66700,2496,8748,2430,23834,15474,14002,4303,1542,2249,336,2393,500,705,216,899,53,12,148,283,254,109,1316,140,14,2,310235,67010,243225,233248,157289,63380,1484,8350,2245,500,9977,9070,806,94,6,1,222118,215156,144017,44822,1768,7018,1651,15880,6962,6361,544,46,10,1,222118,41675,180443,175762,122854,43155,1140,6795,1542,276,4681,4265,377,33,5,1,125470,114035,11435
Bexar County,TX,50,3,7,48,29,3211119983,42127509,1714773,662872,29.4486708,-98.5201465,1714773,1655097,1250252,128892,14475,41739,2350,217389,59676,55841,8427,6209,8699,610,22147,1047,1405,193,2807,289,63,1431,587,1512,415,3463,299,71,2,1714773,1006958,707815,685640,519123,118460,3809,39561,1806,2881,22175,20444,1583,123,25,0,1249487,1215095,928025,92844,10387,32598,1728,149513,34392,32539,1674,127,50,2,1249487,687071,562416,549898,424282,87831,3045,31319,1405,2016,12518,11630,815,55,18,0,662872,608931,53941
Blanco County,TX,50,3,7,48,31,1836951743,10814611,10497,5532,30.2656051,-98.3999768,10497,10296,9475,69,74,51,4,623,201,193,30,60,10,0,83,0,0,0,3,0,0,2,1,2,2,8,0,0,0,10497,1909,8588,8503,8336,62,47,49,4,5,85,80,5,0,0,0,8203,8091,7528,51,62,33,4,413,112,107,5,0,0,0,8203,1255,6948,6885,6759,44,40,33,4,5,63,59,4,0,0,0,5532,4309,1223
Borden County,TX,50,3,7,48,33,2324365341,22297741,641,385,32.7440621,-101.4330328,641,631,600,0,2,1,0,28,10,10,0,8,1,0,1,0,0,0,0,0,0,0,0,0,0,0,0,0,0,641,95,546,542,539,0,2,1,0,0,4,4,0,0,0,0,503,496,473,0,2,1,0,20,7,7,0,0,0,0,503,61,442,438,435,0,2,1,0,0,4,4,0,0,0,0,385,264,121
Bosque County,TX,50,3,7,48,35,2545902347,50672066,18212,9623,31.9007636,-97.6376322,18212,17894,16372,296,104,41,2,1079,318,308,82,83,17,1,108,4,0,0,4,1,0,0,0,7,1,10,0,0,0,18212,2926,15286,15101,14701,277,74,38,2,9,185,180,5,0,0,0,14041,13870,12885,203,85,34,2,661,171,164,7,0,0,0,14041,1738,12303,12202,11903,196,63,31,2,7,101,98,3,0,0,0,9623,7254,2369
Bowie County,TX,50,3,7,48,37,2292153748,98320026,92565,38493,33.4460512,-94.4223747,92565,90584,63641,22387,694,734,51,3077,1981,1848,661,536,145,18,255,90,25,12,72,5,0,17,6,3,3,128,4,1,0,92565,6062,86503,84999,61343,22230,572,721,45,88,1504,1423,76,4,1,0,70113,69193,49803,16019,539,537,39,2256,920,862,54,3,1,0,70113,4233,65880,65179,48214,15918,454,530,35,28,701,660,37,3,1,0,38493,34669,3824
Brazoria County,TX,50,3,7,48,39,3516429692,649792694,313166,118336,29.1678175,-95.434647,313166,304919,219416,37761,1770,17227,89,28656,8247,7764,1513,1231,1198,67,2622,138,152,31,359,24,1,112,44,241,31,428,46,5,4,313166,86643,226523,222110,166674,36880,1013,17013,58,472,4413,4126,245,34,4,4,226181,222251,163102,27178,1262,12123,66,18520,3930,3717,182,25,5,1,226181,55099,171082,168994,129150,26765,768,12001,47,263,2088,1957,104,22,4,1,118336,106589,11747
Brazos County,TX,50,3,7,48,41,1516296157,15002941,194851,77700,30.6567254,-96.3023887,194851,190292,142814,21414,865,10083,119,14997,4559,4361,812,660,949,64,1281,89,58,10,163,17,1,62,41,138,16,185,10,3,0,194851,45405,149446,146873,115252,20827,484,9982,82,246,2573,2440,121,10,2,0,155020,152178,117605,14872,680,8575,98,10348,2842,2725,107,7,3,0,155020,31115,123905,122261,98529,14591,404,8493,65,179,1644,1560,75,7,2,0,77700,71739,5961
Brewster County,TX,50,3,7,48,43,16015795085,22064004,9232,5383,29.8089965,-103.2524579,9232,8970,7993,104,103,66,5,699,262,252,28,74,26,1,108,2,1,0,5,2,0,1,0,2,2,8,1,1,0,9232,3918,5314,5202,5011,79,38,58,5,11,112,108,3,0,1,0,7355,7192,6475,80,81,46,5,505,163,156,5,1,1,0,7355,2842,4513,4445,4289,68,34,40,5,9,68,64,3,0,1,0,5383,4207,1176
Briscoe County,TX,50,3,7,48,45,2330990994,4068667,1637,953,34.5251725,-101.205893,1637,1597,1433,41,3,0,0,120,40,39,7,8,0,10,13,0,0,0,0,0,0,1,0,0,0,1,0,0,0,1637,411,1226,1205,1163,40,2,0,0,0,21,20,1,0,0,0,1275,1257,1139,31,3,0,0,84,18,18,0,0,0,0,1275,266,1009,1001,968,31,2,0,0,0,8,8,0,0,0,0,953,692,261
Brooks County,TX,50,3,7,48,47,2443301936,741628,7223,3239,27.0349936,-98.2152756,7223,7125,6471,37,25,21,1,570,98,97,9,2,2,1,75,0,0,0,2,1,0,1,0,3,1,1,0,0,0,7223,6590,633,624,573,19,10,18,0,4,9,9,0,0,0,0,5217,5149,4687,28,17,16,1,400,68,67,1,0,0,0,5217,4712,505,502,460,15,8,15,0,4,3,3,0,0,0,0,3239,2642,597
Brown County,TX,50,3,7,48,49,2446070964,32428770,38106,18287,31.7641026,-98.9984697,38106,37306,32962,1382,216,163,14,2569,800,775,194,241,44,8,245,8,3,0,11,1,1,7,0,8,4,25,0,0,0,38106,7453,30653,30161,28478,1303,170,160,14,36,492,478,14,0,0,0,28985,28578,25629,984,172,126,10,1657,407,393,14,0,0,0,28985,4647,24338,24067,22832,942,136,125,10,22,271,259,12,0,0,0,18287,14778,3509
Burleson County,TX,50,3,7,48,51,1706870641,46064657,17187,8832,30.4934867,-96.6220912,17187,16861,13392,2098,107,28,3,1233,326,312,73,71,13,0,121,6,0,3,11,2,0,9,3,0,0,10,4,0,0,17187,3166,14021,13843,11696,2064,48,25,3,7,178,169,5,4,0,0,13142,12977,10571,1529,70,27,3,777,165,159,4,2,0,0,13142,1986,11156,11064,9481,1515,37,24,3,4,92,86,4,2,0,0,8832,6822,2010
Burnet County,TX,50,3,7,48,53,2575116582,69940565,42750,20870,30.7896156,-98.2011948,42750,41956,37825,766,290,203,17,2855,794,775,111,270,76,5,259,10,5,1,12,2,2,11,5,5,1,18,1,0,0,42750,8652,34098,33654,32530,700,169,198,13,44,444,435,8,1,0,0,32829,32407,29631,563,204,160,15,1834,422,414,8,0,0,0,32829,5344,27485,27220,26355,529,140,157,11,28,265,261,4,0,0,0,20870,16511,4359
Caldwell County,TX,50,3,7,48,55,1412208030,4933872,38066,13759,29.8404216,-97.631097,38066,37100,28865,2585,305,357,13,4975,966,920,186,192,47,6,393,9,2,2,47,2,0,21,0,9,4,36,5,1,4,38066,17922,20144,19793,16841,2456,90,344,8,54,351,333,14,4,0,0,28008,27515,21714,1969,210,286,8,3328,493,463,22,4,1,3,28008,11743,16265,16072,13761,1920,67,277,5,42,193,180,10,3,0,0,13759,12301,1458
Calhoun County,TX,50,3,7,48,57,1312710613,1361907833,21381,11410,28.4453662,-96.5833004,21381,20940,17432,565,104,948,8,1883,441,433,58,89,29,2,207,2,1,0,26,1,0,1,8,8,1,8,0,0,0,21381,9922,11459,11311,9794,519,36,943,4,15,148,145,3,0,0,0,15710,15446,13020,427,70,687,6,1236,264,260,4,0,0,0,15710,6416,9294,9195,8065,404,29,684,3,10,99,96,3,0,0,0,11410,7766,3644
Callahan County,TX,50,3,7,48,59,2329363248,4898788,13544,6549,32.2931499,-99.372249,13544,13297,12724,141,75,57,8,292,247,228,46,92,26,6,43,6,0,0,1,0,0,2,3,0,3,19,0,0,0,13544,1025,12519,12334,12065,135,61,56,7,10,185,169,16,0,0,0,10319,10188,9777,93,49,48,6,215,131,124,7,0,0,0,10319,642,9677,9566,9378,89,40,47,5,7,111,104,7,0,0,0,6549,5447,1102
Cameron County,TX,50,3,7,48,61,2307478146,998531503,406220,141924,26.1029227,-97.4789584,406220,399973,353423,2155,1688,2689,113,39905,6247,6044,292,463,407,51,4169,22,13,0,182,22,2,216,13,126,66,190,10,3,0,406220,357747,48473,47757,43427,1192,385,2486,76,191,716,668,44,4,0,0,272021,267970,237708,1390,1079,1994,84,25715,4051,3946,96,6,3,0,272021,231515,40506,40040,36780,912,286,1877,59,126,466,442,23,1,0,0,141924,119631,22293
Camp County,TX,50,3,7,48,63,507188128,19183611,12401,5656,32.9745813,-94.979085,12401,12061,8402,2163,82,60,17,1337,340,327,113,62,10,9,110,3,5,1,6,0,0,1,1,5,1,13,0,0,0,12401,2648,9753,9549,7298,2133,38,59,17,4,204,195,9,0,0,0,9046,8895,6423,1584,54,36,10,788,151,146,5,0,0,0,9046,1480,7566,7482,5832,1573,30,35,10,2,84,82,2,0,0,0,5656,4678,978
Carson County,TX,50,3,7,48,65,2383359553,10064255,6182,2784,35.4054961,-101.3553558,6182,6077,5803,35,67,19,0,153,105,98,17,43,8,2,20,1,0,0,0,0,0,1,0,6,0,7,0,0,0,6182,525,5657,5583,5473,35,56,19,0,0,74,70,4,0,0,0,4595,4545,4339,18,55,13,0,120,50,45,5,0,0,0,4595,335,4260,4224,4146,18,47,13,0,0,36,32,4,0,0,0,2784,2452,332
Cass County,TX,50,3,7,48,67,2426723555,60499735,30464,14379,33.0836979,-94.3575786,30464,30040,24079,5315,161,91,4,390,424,405,117,140,32,2,54,21,11,6,15,2,1,3,0,1,0,13,6,0,0,30464,1053,29411,29062,23522,5299,133,89,4,15,349,332,12,5,0,0,23399,23198,18872,3901,127,68,4,226,201,189,9,3,0,0,23399,596,22803,22636,18555,3893,109,67,4,8,167,156,9,2,0,0,14379,12429,1950
Castro County,TX,50,3,7,48,69,2316572704,12585110,8062,3166,34.5336207,-102.2587856,8062,7932,5532,162,76,33,0,2129,130,125,8,19,0,0,82,0,0,0,3,3,1,8,0,1,0,5,0,0,0,8062,4828,3234,3217,3004,149,29,30,0,5,17,17,0,0,0,0,5539,5470,3983,101,45,25,0,1316,69,65,4,0,0,0,5539,3005,2534,2526,2385,95,20,24,0,2,8,8,0,0,0,0,3166,2744,422
Chambers County,TX,50,3,7,48,71,1546578832,709774725,35096,13291,29.7039331,-94.6688749,35096,34353,27582,2872,219,339,21,3320,743,702,130,148,79,2,253,2,9,7,40,3,0,14,0,13,2,36,5,0,0,35096,6635,28461,28082,24767,2817,134,326,13,25,379,363,16,0,0,0,25085,24738,20151,2114,153,243,8,2069,347,327,17,3,0,0,25085,3967,21118,20931,18479,2092,104,235,5,16,187,176,11,0,0,0,13291,11952,1339
Cherokee County,TX,50,3,7,48,73,2727030862,24032104,50845,20859,31.8438587,-95.156504,50845,49743,36450,7498,342,237,9,5207,1102,1063,327,294,58,2,285,21,11,0,41,4,0,4,1,7,8,39,0,0,0,50845,10499,40346,39681,31892,7401,125,221,6,36,665,641,24,0,0,0,37672,37194,28192,5578,247,172,6,2999,478,459,19,0,0,0,37672,6137,31535,31231,25401,5537,111,159,4,19,304,288,16,0,0,0,20859,17894,2965
Childress County,TX,50,3,7,48,75,1803680222,44835136,7041,2883,34.5293372,-100.2083364,7041,6940,5774,698,40,50,2,376,101,101,21,43,4,0,29,1,0,0,3,0,0,0,0,0,0,0,0,0,0,7041,1885,5156,5097,4327,684,28,47,2,9,59,59,0,0,0,0,5533,5479,4540,613,25,39,1,261,54,54,0,0,0,0,5533,1393,4140,4108,3439,606,17,37,1,8,32,32,0,0,0,0,2883,2326,557
Clay County,TX,50,3,7,48,77,2819774443,72604292,10752,5150,33.7859041,-98.2129182,10752,10571,10224,57,123,28,1,138,181,173,17,104,24,3,22,1,0,0,0,0,0,1,1,0,0,6,2,0,0,10752,467,10285,10143,9941,53,115,28,1,5,142,136,4,2,0,0,8310,8200,7951,38,86,26,1,98,110,106,3,1,0,0,8310,277,8033,7937,7789,37,79,26,1,5,96,92,3,1,0,0,5150,4319,831
Cochran County,TX,50,3,7,48,79,2007629814,229068,3127,1360,33.6084401,-102.830449,3127,3043,2288,125,36,5,3,586,84,84,6,8,3,0,56,0,0,0,8,0,0,2,0,1,0,0,0,0,0,3127,1654,1473,1457,1329,110,12,3,3,0,16,16,0,0,0,0,2209,2158,1657,93,30,3,1,374,51,51,0,0,0,0,2209,1027,1182,1170,1070,86,12,1,1,0,12,12,0,0,0,0,1360,1113,247
Coke County,TX,50,3,7,48,81,2360695668,42789532,3320,2667,31.877105,-100.6352358,3320,3256,3036,8,37,5,1,169,64,63,2,26,0,3,28,0,0,0,1,0,0,3,0,0,0,1,0,0,0,3320,602,2718,2683,2651,7,19,5,1,0,35,34,1,0,0,0,2621,2592,2418,7,30,5,1,131,29,28,1,0,0,0,2621,406,2215,2197,2168,6,17,5,1,0,18,17,1,0,0,0,2667,1466,1201
Coleman County,TX,50,3,7,48,83,3268424436,50472266,8895,5543,31.9142052,-99.3466224,8895,8722,7841,197,58,32,1,593,173,162,29,60,1,1,58,7,0,0,4,0,0,1,0,1,0,11,0,0,0,8895,1419,7476,7386,7123,186,40,32,1,4,90,83,7,0,0,0,6916,6826,6211,145,41,23,1,405,90,88,2,0,0,0,6916,907,6009,5954,5755,139,32,23,1,4,55,53,2,0,0,0,5543,3857,1686
Collin County,TX,50,3,7,48,85,2178761906,116235513,782341,300960,33.1938849,-96.5781528,782341,759158,560036,66387,4448,87752,448,40087,23183,21796,3828,3418,6750,274,4133,488,462,55,611,155,9,183,279,1060,91,1281,90,16,0,782341,115354,666987,650512,493492,64715,3278,87276,387,1364,16475,15556,860,49,10,0,557664,546268,410070,45306,3021,61399,328,26144,11396,10768,575,43,10,0,557664,72370,485294,477130,368136,44429,2320,61146,292,807,8164,7735,397,26,6,0,300960,283759,17201
Collingsworth County,TX,50,3,7,48,87,2378750619,2279238,3057,1616,34.9633577,-100.2721351,3057,2933,2338,134,52,4,0,405,124,123,15,25,0,0,55,3,0,0,16,0,0,2,0,7,0,1,0,0,0,3057,916,2141,2108,1937,122,41,3,0,5,33,33,0,0,0,0,2212,2160,1784,103,37,4,0,232,52,52,0,0,0,0,2212,522,1690,1671,1538,98,30,3,0,2,19,19,0,0,0,0,1616,1179,437
Colorado County,TX,50,3,7,48,89,2487097169,34737183,20874,10527,29.5959081,-96.5083889,20874,20480,15676,2740,125,77,16,1846,394,384,103,52,19,1,140,6,3,13,38,1,0,4,0,4,0,9,0,1,0,20874,5452,15422,15271,12496,2636,24,75,15,25,151,146,5,0,0,0,15906,15718,12394,1960,68,51,12,1233,188,181,6,0,1,0,15906,3455,12451,12377,10357,1918,21,50,11,20,74,71,3,0,0,0,10527,8182,2345
Comal County,TX,50,3,7,48,91,1449037063,39890210,108472,47108,29.8030193,-98.2552006,108472,106124,97044,1727,645,849,51,5808,2348,2242,289,595,340,32,781,12,12,0,63,1,1,39,23,37,17,97,2,7,0,108472,26989,81483,80311,77387,1606,355,813,45,105,1172,1124,42,2,4,0,82775,81486,75030,1290,490,678,44,3954,1289,1238,44,1,6,0,82775,17782,64993,64292,62003,1228,296,653,39,73,701,672,25,1,3,0,47108,41363,5745
Comanche County,TX,50,3,7,48,93,2428770746,25718019,13974,7223,31.9516447,-98.5496169,13974,13744,12417,53,92,35,4,1143,230,224,21,81,13,2,87,0,0,0,13,0,0,1,0,5,1,6,0,0,0,13974,3605,10369,10263,10145,25,47,34,4,8,106,105,1,0,0,0,10594,10449,9619,28,65,25,1,711,145,144,1,0,0,0,10594,2164,8430,8356,8273,16,38,25,1,3,74,74,0,0,0,0,7223,5580,1643
Concho County,TX,50,3,7,48,95,2548028356,25624151,4087,1637,31.3188647,-99.8636483,4087,4010,3553,77,16,14,5,345,77,73,24,6,1,1,36,0,1,0,2,0,0,0,0,2,0,4,0,0,0,4087,2173,1914,1901,1810,57,13,14,5,2,13,11,2,0,0,0,3510,3455,3081,68,14,12,5,275,55,53,2,0,0,0,3510,1918,1592,1582,1499,53,11,12,5,2,10,8,2,0,0,0,1637,1041,596
Cooke County,TX,50,3,7,48,97,2265615780,61333893,38437,16606,33.6391685,-97.2103723,38437,37609,32943,1054,402,290,19,2901,828,795,188,273,32,4,237,14,5,1,8,0,0,12,4,15,2,32,1,0,0,38437,5997,32440,31908,30255,1018,303,278,19,35,532,515,17,0,0,0,28606,28186,25317,689,268,220,6,1686,420,402,17,1,0,0,28606,3408,25198,24911,23790,670,214,215,6,16,287,275,12,0,0,0,16606,14513,2093
Coryell County,TX,50,3,7,48,99,2724838887,12145955,75388,25178,31.3911774,-97.7980223,75388,71581,53033,11943,639,1423,662,3881,3807,3459,1154,507,561,88,490,111,130,49,168,3,4,30,90,55,19,292,44,12,0,75388,11973,63415,60820,46776,11450,439,1332,632,191,2595,2367,196,24,8,0,54383,52844,39492,8702,461,1150,409,2630,1539,1421,100,13,5,0,54383,7465,46918,45819,35409,8442,328,1107,396,137,1099,1015,75,5,4,0,25178,22545,2633
Cottle County,TX,50,3,7,48,101,2332448314,2724070,1505,968,34.0919063,-100.2764416,1505,1474,1212,133,5,0,1,123,31,28,5,4,1,1,16,0,0,0,1,0,0,0,0,0,0,3,0,0,0,1505,316,1189,1180,1043,129,4,0,1,3,9,9,0,0,0,0,1155,1139,958,94,2,0,1,84,16,16,0,0,0,0,1155,203,952,946,848,93,1,0,1,3,6,6,0,0,0,0,968,677,291
Crane County,TX,50,3,7,48,103,2033318846,1696040,4375,1632,31.4227965,-102.4877739,4375,4275,3243,125,44,16,0,847,100,96,11,18,1,2,46,1,0,0,10,0,0,1,0,5,1,4,0,0,0,4375,2409,1966,1940,1761,122,34,13,0,10,26,25,1,0,0,0,3086,3030,2339,84,31,15,0,561,56,54,2,0,0,0,3086,1537,1549,1529,1402,82,25,12,0,8,20,19,1,0,0,0,1632,1471,161
Crockett County,TX,50,3,7,48,105,7270944161,53329,3719,1866,30.7175316,-101.4042113,3719,3655,3092,30,34,13,3,483,64,62,5,14,2,0,37,1,0,0,0,2,0,0,0,1,0,2,0,0,0,3719,2352,1367,1348,1312,13,8,11,0,4,19,19,0,0,0,0,2725,2680,2282,18,20,13,3,344,45,43,2,0,0,0,2725,1572,1153,1139,1106,12,6,11,0,4,14,14,0,0,0,0,1866,1422,444
Crosby County,TX,50,3,7,48,107,2331501397,3873555,6059,2902,33.609144,-101.2987099,6059,5936,4784,209,35,6,4,898,123,113,22,23,4,0,53,0,2,0,3,2,0,4,0,0,0,10,0,0,0,6059,3171,2888,2851,2625,199,13,4,2,8,37,35,2,0,0,0,4312,4243,3487,144,28,5,4,575,69,64,5,0,0,0,4312,2010,2302,2280,2118,140,13,3,2,4,22,22,0,0,0,0,2902,2237,665
Culberson County,TX,50,3,7,48,109,9875100057,556184,2398,1137,31.4459085,-104.5269447,2398,2331,1892,15,31,24,0,369,67,61,6,13,3,6,29,0,0,0,0,2,1,0,0,1,0,6,0,0,0,2398,1827,571,547,504,8,13,22,0,0,24,20,4,0,0,0,1731,1686,1376,12,21,20,0,257,45,41,4,0,0,0,1731,1265,466,453,415,7,12,19,0,0,13,11,2,0,0,0,1137,908,229
Dallam County,TX,50,3,7,48,111,3893423598,5182951,6703,2827,36.2863696,-102.5940204,6703,6456,5371,84,83,41,6,871,247,245,21,68,2,0,131,2,0,0,5,0,0,8,0,7,1,2,0,0,0,6703,2717,3986,3900,3726,81,34,37,5,17,86,84,2,0,0,0,4700,4573,3837,63,67,27,5,574,127,126,1,0,0,0,4700,1700,3000,2955,2831,61,29,26,4,4,45,44,1,0,0,0,2827,2448,379
Dallas County,TX,50,3,7,48,113,2256602704,96696353,2368139,943257,32.7669866,-96.7784238,2368139,2301276,1267861,528200,17133,119250,1222,367610,66863,63283,10195,6773,7454,465,26207,2366,1222,264,3305,523,23,1389,409,2169,519,3242,257,67,14,2368139,905940,1462199,1432772,784693,518732,7330,117797,874,3346,29427,27320,1935,144,26,2,1713876,1675354,964126,375525,11647,91200,878,231978,38522,36578,1737,153,47,7,1713876,569832,1144044,1127200,657889,370517,5740,90319,660,2075,16844,15603,1134,85,21,1,943257,855960,87297
Dawson County,TX,50,3,7,48,115,2331781493,4720787,13833,5220,32.7419338,-101.9473224,13833,13520,10606,905,99,49,7,1854,313,299,53,31,6,4,162,11,1,0,17,2,3,3,0,3,3,14,0,0,0,13833,7387,6446,6351,5402,860,28,46,2,13,95,86,9,0,0,0,10411,10222,7963,749,72,35,7,1396,189,184,5,0,0,0,10411,5067,5344,5286,4489,728,22,34,2,11,58,54,4,0,0,0,5220,4385,835
Deaf Smith County,TX,50,3,7,48,117,3876869424,3926829,19372,7077,34.9407663,-102.6075637,19372,18908,15075,242,176,61,2,3352,464,451,32,48,19,3,296,0,0,0,13,7,2,25,0,1,5,13,0,0,0,19372,13039,6333,6236,5939,158,52,56,2,29,97,88,9,0,0,0,13131,12833,10314,163,112,48,2,2194,298,287,11,0,0,0,13131,8079,5052,4993,4759,129,40,44,2,19,59,52,7,0,0,0,7077,6365,712
Delta County,TX,50,3,7,48,119,665173912,54666393,5231,2458,33.3859329,-95.6733504,5231,5084,4461,380,72,30,0,141,147,139,38,59,11,1,23,5,1,0,0,0,0,1,0,0,0,8,0,0,0,5231,288,4943,4826,4351,375,59,30,0,11,117,114,3,0,0,0,4046,3973,3530,273,56,24,0,90,73,68,5,0,0,0,4046,169,3877,3817,3467,270,49,24,0,7,60,57,3,0,0,0,2458,2088,370
Denton County,TX,50,3,7,48,121,2275129231,193070701,662614,256139,33.2050051,-97.119046,662614,643201,497260,55534,4551,43478,462,41916,19413,18179,3948,3429,4082,225,3913,467,299,26,513,106,5,209,201,709,47,1103,105,22,4,662614,120836,541778,528742,426887,54034,3143,43091,411,1176,13036,12223,737,68,8,0,480354,470417,368480,39729,3152,31379,351,27326,9937,9360,508,49,17,3,480354,76110,404244,397500,324071,38941,2291,31150,315,732,6744,6332,371,37,4,0,256139,240289,15850
DeWitt County,TX,50,3,7,48,123,2354235330,3919957,20097,9176,29.0823417,-97.3616556,20097,19628,15206,1876,88,44,0,2414,469,452,98,55,3,6,227,7,0,0,40,2,1,6,1,5,1,17,0,0,0,20097,6502,13595,13446,11482,1781,43,44,0,96,149,143,6,0,0,0,15604,15388,11994,1447,70,28,0,1849,216,207,9,0,0,0,15604,4539,11065,11007,9479,1418,33,28,0,49,58,54,4,0,0,0,9176,7407,1769
Dickens County,TX,50,3,7,48,125,2335454793,9057830,2444,1282,33.6146663,-100.7860953,2444,2403,2052,99,38,22,0,192,41,40,8,14,1,0,13,0,0,0,0,0,0,3,0,0,1,1,0,0,0,2444,708,1736,1721,1590,92,21,18,0,0,15,15,0,0,0,0,1952,1928,1677,92,22,19,0,118,24,23,1,0,0,0,1952,494,1458,1447,1329,88,12,18,0,0,11,11,0,0,0,0,1282,930,352
Dimmit County,TX,50,3,7,48,127,3441794213,14576915,9996,4350,28.4235871,-99.7658713,9996,9834,8860,99,34,56,0,785,162,156,18,13,2,0,107,0,0,0,4,3,0,5,0,3,1,6,0,0,0,9996,8616,1380,1366,1217,81,7,51,0,10,14,14,0,0,0,0,6995,6877,6193,65,31,37,0,551,118,112,6,0,0,0,6995,5898,1097,1086,981,54,7,36,0,8,11,11,0,0,0,0,4350,3421,929
Donley County,TX,50,3,7,48,129,2400623352,15954077,3677,2142,34.9550364,-100.8158457,3677,3611,3307,164,18,9,2,111,66,66,14,21,6,0,19,1,0,0,3,1,0,1,0,0,0,0,0,0,0,3677,309,3368,3325,3136,163,15,9,2,0,43,43,0,0,0,0,2919,2883,2660,109,15,7,2,90,36,36,0,0,0,0,2919,206,2713,2689,2558,108,14,7,2,0,24,24,0,0,0,0,2142,1517,625
Duval County,TX,50,3,7,48,131,4645094317,5478267,11782,5523,27.6811232,-98.4973933,11782,11581,10247,110,45,22,5,1152,201,199,10,15,8,2,143,0,0,0,4,0,0,7,0,6,4,2,0,0,0,11782,10424,1358,1338,1206,86,18,17,5,6,20,20,0,0,0,0,8707,8569,7570,101,34,20,1,843,138,137,1,0,0,0,8707,7608,1099,1087,965,83,16,16,1,6,12,12,0,0,0,0,5523,4090,1433
Eastland County,TX,50,3,7,48,133,2399599329,14047789,18583,10258,32.3246454,-98.8365596,18583,18289,16697,335,124,62,9,1062,294,291,55,75,14,10,106,1,2,0,9,2,0,13,0,3,1,2,1,0,0,18583,2673,15910,15759,15271,318,92,62,8,8,151,150,1,0,0,0,14421,14262,13114,279,99,53,9,708,159,157,2,0,0,0,14421,1660,12761,12661,12244,273,77,53,8,6,100,99,1,0,0,0,10258,7465,2793
Ector County,TX,50,3,7,48,135,2324999033,10597635,137130,53027,31.8653008,-102.5425068,137130,133728,104653,6141,1351,1080,119,20384,3402,3306,503,568,159,16,1705,25,9,4,109,5,0,83,19,65,36,93,2,1,0,137130,72331,64799,63703,56306,5596,623,1004,106,68,1096,1053,40,2,1,0,97322,95373,76111,4177,925,791,82,13287,1949,1894,52,2,1,0,97322,46135,51187,50559,45265,3940,474,749,74,57,628,604,21,2,1,0,53027,48688,4339
Edwards County,TX,50,3,7,48,137,5485225839,5199824,2002,1606,29.9858774,-100.3073732,2002,1980,1739,11,26,7,0,197,22,22,0,6,0,0,14,0,0,0,1,0,0,0,0,1,0,0,0,0,0,2002,1027,975,971,947,10,11,3,0,0,4,4,0,0,0,0,1585,1568,1404,6,19,4,0,135,17,17,0,0,0,0,1585,741,844,840,822,6,9,3,0,0,4,4,0,0,0,0,1606,839,767
Ellis County,TX,50,3,7,48,139,2422900216,42114894,149610,54365,32.3472789,-96.7983357,149610,146327,117662,13482,893,851,95,13344,3283,3122,536,772,283,45,1197,53,29,9,90,7,2,34,12,37,16,152,7,2,0,149610,35161,114449,112766,97987,13161,565,811,87,155,1683,1590,88,3,2,0,106295,104689,85975,9242,644,598,60,8170,1606,1546,57,1,2,0,106295,21088,85207,84373,74106,9116,441,576,54,80,834,799,32,1,2,0,54365,50503,3862
El Paso County,TX,50,3,7,48,141,2622862905,5871209,800647,270307,31.7664034,-106.2413905,800647,780943,656993,24864,6007,8284,999,83796,19704,18737,2613,1663,2500,276,8936,201,340,48,916,79,28,394,129,459,155,890,65,10,2,800647,658134,142513,137122,105246,20649,2269,7551,805,602,5391,4983,384,22,2,0,559834,548145,462884,17308,4135,6583,679,56556,11689,11226,424,30,7,2,559834,446692,113142,110087,86084,15229,1666,6152,574,382,3055,2849,191,13,2,0,270307,256557,13750
Erath County,TX,50,3,7,48,143,2805141510,17445041,37890,16987,32.2381358,-98.2223769,37890,37249,32441,451,291,257,13,3796,641,627,77,216,49,8,237,5,4,1,7,1,0,9,5,2,6,14,0,0,0,37890,7279,30611,30253,29382,431,170,240,12,18,358,351,7,0,0,0,29442,29059,25864,361,201,204,11,2418,383,371,12,0,0,0,29442,4543,24899,24654,23957,352,128,193,11,13,245,239,6,0,0,0,16987,14569,2418
Falls County,TX,50,3,7,48,145,1982590781,21648086,17866,7724,31.2519298,-96.9341275,17866,17523,10832,4524,101,46,10,2010,343,333,65,68,11,6,136,12,4,1,21,3,0,5,0,0,1,10,0,0,0,17866,3716,14150,13984,9381,4463,60,46,10,24,166,162,4,0,0,0,13989,13815,8870,3428,75,41,4,1397,174,167,7,0,0,0,13989,2532,11457,11381,7880,3396,50,41,4,10,76,72,4,0,0,0,7724,6302,1422
Fannin County,TX,50,3,7,48,147,2307256396,20841602,33915,14191,33.5911611,-96.1049882,33915,33213,29172,2312,369,125,7,1228,702,667,160,330,40,6,97,11,2,0,5,2,0,2,2,7,3,35,0,0,0,33915,3226,30689,30151,27433,2273,294,122,6,23,538,513,25,0,0,0,26412,26023,22817,1927,263,99,7,910,389,371,18,0,0,0,26412,2178,24234,23932,21700,1905,214,96,6,11,302,290,12,0,0,0,14191,12149,2042
Fayette County,TX,50,3,7,48,149,2460509670,25381852,24554,13868,29.8778861,-96.9212309,24554,24222,20491,1632,177,66,7,1849,332,318,95,58,18,5,98,4,0,1,18,0,0,12,0,7,2,10,4,0,0,24554,4585,19969,19798,18038,1599,69,61,6,25,171,167,1,3,0,0,19165,19003,16494,1148,112,45,6,1198,162,153,5,4,0,0,19165,2871,16294,16203,14948,1136,55,42,5,17,91,87,1,3,0,0,13868,10078,3790
Fisher County,TX,50,3,7,48,151,2328245716,7284133,3974,2212,32.7404728,-100.4031198,3974,3894,3444,136,20,8,0,286,80,79,11,27,1,1,30,4,0,0,3,0,0,0,0,1,1,1,0,0,0,3974,999,2975,2947,2797,124,12,7,0,7,28,27,1,0,0,0,3076,3027,2694,101,20,3,0,209,49,48,1,0,0,0,3076,686,2390,2369,2256,96,12,3,0,2,21,20,1,0,0,0,2212,1668,544
Floyd County,TX,50,3,7,48,153,2569637321,983740,6446,3004,34.0737305,-101.3032742,6446,6370,4916,232,47,11,1,1163,76,74,15,6,2,0,45,0,1,0,1,1,0,1,0,2,0,2,0,0,0,6446,3410,3036,3017,2777,211,16,11,1,1,19,19,0,0,0,0,4584,4545,3616,160,36,7,1,725,39,39,0,0,0,0,4584,2078,2506,2498,2322,151,16,7,1,1,8,8,0,0,0,0,3004,2402,602
Foard County,TX,50,3,7,48,155,1824378528,8514811,1336,789,33.980404,-99.7774272,1336,1326,1211,53,3,5,0,54,10,10,1,3,0,0,6,0,0,0,0,0,0,0,0,0,0,0,0,0,0,1336,187,1149,1145,1087,53,1,4,0,0,4,4,0,0,0,0,1058,1051,981,30,3,3,0,34,7,7,0,0,0,0,1058,128,930,926,893,30,1,2,0,0,4,4,0,0,0,0,789,573,216
Fort Bend County,TX,50,3,7,48,157,2231225129,61796736,585375,197030,29.5266017,-95.7710149,585375,568354,296310,125818,2302,99370,226,44328,17021,15919,2371,1246,3897,102,4167,428,516,100,782,293,6,204,185,1512,110,977,116,8,1,585375,138967,446408,436383,211680,123267,1159,98762,174,1341,10025,9356,581,80,7,1,411540,402777,214348,86356,1507,71614,150,28802,8763,8225,481,50,6,1,411540,89316,322224,317021,159069,84977,792,71297,120,766,5203,4869,291,36,6,1,197030,187384,9646
Franklin County,TX,50,3,7,48,159,736568975,26876088,10605,5770,33.1758457,-95.2190662,10605,10415,9178,417,72,50,2,696,190,183,49,62,12,2,49,4,4,0,0,0,0,0,1,0,0,7,0,0,0,10605,1333,9272,9135,8601,411,65,49,0,9,137,130,7,0,0,0,8003,7905,7119,289,55,29,2,411,98,95,3,0,0,0,8003,776,7227,7149,6782,285,50,28,0,4,78,75,3,0,0,0,5770,4159,1611
Freestone County,TX,50,3,7,48,161,2273333089,36915821,19816,9265,31.701654,-96.1442374,19816,19494,14484,3193,140,58,5,1614,322,309,60,97,13,10,95,3,1,0,16,1,2,4,0,7,0,11,2,0,0,19816,2694,17122,16960,13656,3164,77,50,5,8,162,156,6,0,0,0,15186,15018,11267,2486,91,44,5,1125,168,159,7,2,0,0,15186,1722,13464,13366,10796,2467,52,41,5,5,98,93,5,0,0,0,9265,7259,2006
Frio County,TX,50,3,7,48,163,2935750557,2193798,17217,5846,28.8693343,-99.1087876,17217,16881,13326,584,85,367,1,2518,336,328,32,50,15,0,193,0,2,0,13,1,4,11,2,5,0,8,0,0,0,17217,13401,3816,3750,2796,524,38,362,1,29,66,63,3,0,0,0,12958,12714,9960,558,61,357,1,1777,244,240,4,0,0,0,12958,9659,3299,3251,2333,511,30,353,1,23,48,45,3,0,0,0,5846,4854,992
Gaines County,TX,50,3,7,48,165,3891133239,1262945,17526,6301,32.7439424,-102.6315615,17526,17173,14726,305,102,44,0,1996,353,304,29,60,17,7,167,1,1,0,5,0,0,11,0,1,5,49,0,0,0,17526,6413,11113,10989,10628,261,46,37,0,17,124,120,4,0,0,0,11420,11222,9651,193,77,24,0,1277,198,172,26,0,0,0,11420,4049,7371,7301,7067,172,37,20,0,5,70,68,2,0,0,0,6301,5606,695
Galveston County,TX,50,3,7,48,167,979943275,1283210753,291309,132492,29.2287059,-94.8948647,291309,283418,211088,40112,1748,8690,149,21631,7891,7482,1320,1290,1172,107,2626,119,87,34,370,36,4,75,47,160,35,370,22,17,0,291309,65270,226039,222002,172652,39229,1052,8515,128,426,4037,3831,191,9,6,0,217142,213018,161705,28831,1317,6529,112,14524,4124,3919,178,16,11,0,217142,42649,174493,172335,136259,28423,842,6427,103,281,2158,2047,101,8,2,0,132492,108969,23523
Garza County,TX,50,3,7,48,169,2313926862,7219081,6461,2237,33.183792,-101.3011341,6461,6386,5348,420,36,8,3,571,75,71,14,10,1,0,36,0,1,0,4,0,0,2,0,1,2,4,0,0,0,6461,3046,3415,3391,2962,392,25,8,3,1,24,24,0,0,0,0,5185,5144,4414,333,19,8,0,370,41,41,0,0,0,0,5185,2390,2795,2783,2442,319,14,8,0,0,12,12,0,0,0,0,2237,1671,566
Gillespie County,TX,50,3,7,48,171,2740760701,8978625,24837,12778,30.3263898,-98.9421064,24837,24530,22667,89,154,89,11,1520,307,299,24,93,23,6,132,0,1,0,5,2,0,4,6,2,1,8,0,0,0,24837,4969,19868,19714,19472,47,68,88,11,28,154,151,3,0,0,0,19796,19609,18380,65,113,68,8,975,187,184,3,0,0,0,19796,3149,16647,16551,16366,35,55,67,8,20,96,93,3,0,0,0,12778,10572,2206
Glasscock County,TX,50,3,7,48,173,2331553028,2245419,1226,580,31.8685906,-101.528971,1226,1211,1044,15,4,1,2,145,15,14,1,4,0,0,9,0,0,0,0,0,0,0,0,0,0,1,0,0,0,1226,378,848,846,825,15,3,1,2,0,2,1,1,0,0,0,874,866,760,8,4,1,1,92,8,7,1,0,0,0,874,246,628,626,613,8,3,1,1,0,2,1,1,0,0,0,580,441,139
Goliad County,TX,50,3,7,48,175,2206706631,19049578,7210,3710,28.6607,-97.4304145,7210,7040,6035,343,50,15,2,595,170,170,24,26,12,0,79,4,0,0,14,0,0,7,1,3,0,0,0,0,0,7210,2462,4748,4693,4337,310,29,11,0,6,55,55,0,0,0,0,5562,5466,4749,250,40,11,2,414,96,96,0,0,0,0,5562,1684,3878,3845,3572,236,24,8,0,5,33,33,0,0,0,0,3710,2868,842
Gonzales County,TX,50,3,7,48,177,2762708316,8200952,19807,8794,29.4687041,-97.4777382,19807,19373,14158,1468,190,78,5,3474,434,419,74,52,9,5,226,5,0,0,35,2,0,2,0,3,6,14,0,1,0,19807,9353,10454,10325,8836,1353,41,73,5,17,129,124,4,0,1,0,14439,14218,10705,1078,110,56,5,2264,221,215,5,0,1,0,14439,6019,8420,8356,7229,1032,27,54,5,9,64,61,2,0,1,0,8794,7120,1674
Gray County,TX,50,3,7,48,179,2398261524,8700871,22535,10158,35.4025424,-100.8123736,22535,21990,18363,1097,200,91,1,2238,545,531,98,192,40,1,173,6,0,0,12,1,0,5,0,3,0,13,1,0,0,22535,5365,17170,16866,15564,1055,152,83,1,11,304,298,5,1,0,0,16964,16690,14198,908,165,69,1,1349,274,264,10,0,0,0,16964,3311,13653,13486,12391,892,133,66,1,3,167,164,3,0,0,0,10158,8443,1715
Grayson County,TX,50,3,7,48,181,2415950507,120105690,120877,53727,33.6245082,-96.6756986,120877,117635,101371,7081,1835,1046,41,6261,3242,3112,743,1198,290,35,602,85,11,2,54,11,3,23,5,35,15,123,6,1,0,120877,13688,107189,104793,95103,6938,1603,1034,38,77,2396,2315,75,5,1,0,91745,90099,78999,5037,1313,830,30,3890,1646,1589,55,1,1,0,91745,8206,83539,82282,75253,4969,1165,822,28,45,1257,1219,36,1,1,0,53727,46905,6822
Gregg County,TX,50,3,7,48,183,707850624,6372935,121730,49514,32.4863971,-94.8162759,121730,118988,81928,24390,728,1343,56,10543,2742,2606,784,478,230,32,684,113,37,11,117,9,0,52,8,40,11,120,13,3,0,121730,20018,101712,100040,74005,24068,497,1316,35,119,1672,1607,61,3,1,0,90709,89445,64066,17308,528,1018,46,6479,1264,1205,51,5,3,0,90709,11928,78781,77989,59359,17147,394,996,31,62,792,760,28,3,1,0,49514,45798,3716
Grimes County,TX,50,3,7,48,185,2039510046,36633143,26604,10917,30.5432314,-95.988082,26604,26028,19409,4390,139,63,7,2020,576,540,112,163,21,6,198,4,1,3,18,0,0,8,0,1,5,35,0,1,0,26604,5652,20952,20647,16133,4348,82,61,7,16,305,287,17,0,1,0,20545,20244,15334,3418,113,45,7,1327,301,285,15,0,1,0,20545,3662,16883,16713,13182,3402,69,43,7,10,170,157,12,0,1,0,10917,8902,2015
Guadalupe County,TX,50,3,7,48,187,1842257555,9104439,131533,50015,29.5832081,-97.9490268,131533,127526,105017,8512,897,1861,186,11053,4007,3736,743,562,657,56,1140,82,109,16,141,12,3,63,57,76,19,247,22,2,0,131533,46889,84644,82556,72086,7963,436,1748,146,177,2088,1953,121,12,2,0,95129,93114,77427,6105,639,1443,142,7358,2015,1923,85,5,2,0,95129,30370,64759,63703,55926,5849,330,1377,114,107,1056,1006,44,4,2,0,50015,45762,4253
Hale County,TX,50,3,7,48,189,2602115719,246684,36273,13541,34.0684364,-101.8228878,36273,35205,25670,1925,350,142,21,7097,1068,1044,122,103,41,4,621,24,6,0,65,4,2,28,4,11,9,24,0,0,0,36273,20269,16004,15737,13647,1803,103,133,19,32,267,253,14,0,0,0,25839,25236,18965,1477,227,113,15,4439,603,592,11,0,0,0,25839,12855,12984,12839,11203,1413,78,109,13,23,145,137,8,0,0,0,13541,11846,1695
Hall County,TX,50,3,7,48,191,2288233552,53366406,3353,1943,34.4531894,-100.5763434,3353,3301,2579,242,26,3,2,449,52,48,8,7,2,0,24,0,0,0,2,0,0,1,1,3,0,3,1,0,0,3353,1087,2266,2250,1998,235,13,2,0,2,16,16,0,0,0,0,2486,2455,1980,165,16,2,1,291,31,29,1,1,0,0,2486,660,1826,1812,1635,163,10,2,0,2,14,14,0,0,0,0,1943,1372,571
Hamilton County,TX,50,3,7,48,193,2165007849,1238631,8517,4566,31.7069819,-98.1117941,8517,8428,7913,46,68,34,1,366,89,85,12,23,13,1,33,0,0,0,0,1,0,0,0,2,0,3,1,0,0,8517,863,7654,7599,7495,38,31,31,1,3,55,54,1,0,0,0,6701,6655,6317,29,45,27,1,236,46,46,0,0,0,0,6701,527,6174,6140,6065,25,22,25,1,2,34,34,0,0,0,0,4566,3442,1124
Hansford County,TX,50,3,7,48,195,2382296710,1548341,5613,2338,36.2728469,-101.3569304,5613,5486,4593,36,52,16,0,789,127,125,12,25,1,1,83,0,0,0,3,0,0,0,0,0,0,2,0,0,0,5613,2430,3183,3152,3088,31,11,16,0,6,31,31,0,0,0,0,3910,3836,3280,24,33,10,0,489,74,74,0,0,0,0,3910,1472,2438,2420,2376,21,10,10,0,3,18,18,0,0,0,0,2338,2006,332
Hardeman County,TX,50,3,7,48,197,1800337037,4549262,4139,2417,34.2899036,-99.7456973,4139,4033,3538,246,26,12,0,211,106,103,21,41,4,0,33,1,0,1,0,0,0,1,0,1,0,3,0,0,0,4139,889,3250,3183,2938,217,15,12,0,1,67,65,2,0,0,0,3120,3068,2732,170,17,10,0,139,52,52,0,0,0,0,3120,513,2607,2570,2388,161,11,10,0,0,37,37,0,0,0,0,2417,1722,695
Hardin County,TX,50,3,7,48,199,2306558884,18091499,54635,22597,30.3296124,-94.3931493,54635,53917,49505,3193,217,276,6,720,718,691,141,255,78,13,167,10,0,1,9,1,0,4,3,7,2,24,0,3,0,54635,2384,52251,51745,48088,3181,182,269,6,19,506,486,17,0,3,0,40525,40156,37074,2248,183,204,5,442,369,356,13,0,0,0,40525,1455,39070,38809,36192,2239,159,201,5,13,261,253,8,0,0,0,22597,20462,2135
Harris County,TX,50,3,7,48,201,4411986582,191671993,4092459,1598698,29.857273,-95.3930371,4092459,3961127,2318256,775492,27763,253032,3018,583566,131332,124726,15792,9752,16164,821,59080,2583,2284,599,6612,921,103,3636,783,4397,1199,5937,511,127,31,4092459,1671540,2420919,2372081,1349646,754258,8150,249853,2260,7914,48838,45379,3109,284,60,6,2944624,2866681,1716206,553213,18660,196818,2137,379647,77943,74113,3415,298,92,25,2944624,1082570,1862054,1834492,1085630,541108,6252,194956,1636,4910,27562,25502,1838,173,43,6,1598698,1435155,163543
Harrison County,TX,50,3,7,48,203,2330861809,40928811,65631,27704,32.5479928,-94.3744253,65631,64512,45020,14398,447,339,31,4277,1119,1076,335,265,56,8,287,35,14,8,28,2,2,18,2,8,8,35,8,0,0,65631,7254,58377,57643,42654,14303,277,331,26,52,734,699,27,8,0,0,48650,48128,34306,10744,300,247,23,2508,522,505,14,3,0,0,48650,4095,44555,44195,33007,10687,212,242,18,29,360,346,11,3,0,0,27704,24523,3181
Hartley County,TX,50,3,7,48,205,3786647934,3024145,6062,1946,35.8402444,-102.6100473,6062,5994,5272,418,22,29,3,250,68,68,6,24,0,0,32,0,1,0,4,0,0,0,0,1,0,0,0,0,0,6062,1448,4614,4585,4111,416,18,29,3,8,29,29,0,0,0,0,4693,4655,4052,409,15,21,3,155,38,38,0,0,0,0,4693,1050,3643,3623,3176,408,12,21,3,3,20,20,0,0,0,0,1946,1771,175
Haskell County,TX,50,3,7,48,207,2339099141,18471286,5899,3443,33.1759649,-99.7307727,5899,5745,4876,220,39,31,0,579,154,149,29,32,2,6,65,0,1,0,6,1,0,1,6,0,0,2,3,0,0,5899,1414,4485,4410,4148,203,25,31,0,3,75,74,1,0,0,0,4671,4602,3972,168,27,29,0,406,69,68,1,0,0,0,4671,969,3702,3666,3453,165,16,29,0,3,36,36,0,0,0,0,3443,2297,1146
Hays County,TX,50,3,7,48,209,1755954943,5037790,157107,59417,30.0612247,-98.0292673,157107,152662,126712,5536,1224,1821,137,17232,4445,4193,668,846,698,61,1429,43,55,3,138,9,3,104,27,85,24,223,28,1,0,157107,55401,101706,99563,92062,4970,502,1699,104,226,2143,1997,126,20,0,0,118346,115848,97743,4134,903,1440,100,11528,2498,2373,111,14,0,0,118346,36724,81622,80318,74480,3833,398,1372,76,159,1304,1228,66,10,0,0,59417,55245,4172
Hemphill County,TX,50,3,7,48,211,2347270276,15205614,3807,1629,35.8162369,-100.2848066,3807,3738,3310,9,15,18,3,383,69,68,4,17,2,1,40,0,0,0,0,0,0,0,0,4,0,1,0,0,0,3807,1086,2721,2693,2656,4,12,18,3,0,28,27,1,0,0,0,2691,2647,2404,5,7,17,3,211,44,44,0,0,0,0,2691,619,2072,2053,2024,3,6,17,3,0,19,19,0,0,0,0,1629,1382,247
Henderson County,TX,50,3,7,48,213,2262997188,193170040,78532,39595,32.2116334,-95.8534183,78532,77106,67395,4887,433,328,32,4031,1426,1372,339,579,72,17,279,12,1,2,32,4,0,18,6,8,3,49,4,1,0,78532,8490,70042,69077,63494,4813,349,318,27,76,965,924,36,4,1,0,60690,59937,53303,3588,342,252,30,2422,753,726,25,1,1,0,60690,5064,55626,55084,50944,3554,281,243,25,37,542,520,20,1,1,0,39595,31020,8575
Hidalgo County,TX,50,3,7,48,215,4068521768,31191087,774769,248287,26.3963839,-98.18099,774769,764507,681649,4569,2589,7478,94,68128,10262,9979,606,700,638,76,6928,36,32,9,273,44,3,268,30,278,58,247,18,7,11,774769,702206,72563,71373,60553,2777,524,7122,49,348,1190,1134,47,7,2,0,506285,499775,445892,2965,1668,5355,62,43833,6510,6325,162,13,6,4,506285,446516,59769,59016,51146,2082,388,5148,37,215,753,716,30,5,2,0,248287,216471,31816
Hill County,TX,50,3,7,48,217,2483445279,69557248,35089,16118,31.9822401,-97.1298856,35089,34378,29307,2224,175,118,20,2534,711,669,209,161,28,5,213,8,2,0,21,1,1,13,0,3,4,38,4,0,0,35089,6427,28662,28259,25836,2161,118,105,20,19,403,389,14,0,0,0,26569,26212,22730,1587,130,101,16,1648,357,337,16,4,0,0,26569,3917,22652,22436,20666,1561,88,91,16,14,216,210,6,0,0,0,16118,13238,2880
Hockley County,TX,50,3,7,48,219,2352723875,446121,22935,9293,33.605932,-102.3433978,22935,22372,18000,837,207,63,4,3261,563,553,75,76,22,5,326,10,0,0,14,4,0,12,0,6,3,10,0,0,0,22935,9993,12942,12781,11795,801,83,60,3,39,161,156,5,0,0,0,16708,16397,13446,612,141,51,4,2143,311,305,6,0,0,0,16708,6443,10265,10175,9434,599,60,49,3,30,90,87,3,0,0,0,9293,8242,1051
Hood County,TX,50,3,7,48,221,1089456081,41924572,51182,24951,32.430149,-97.8316766,51182,50434,47378,252,359,303,39,2103,748,728,101,297,71,17,193,7,2,0,3,2,0,24,1,9,1,20,0,0,0,51182,5234,45948,45463,44588,225,288,296,32,34,485,474,11,0,0,0,40280,39836,37788,177,275,241,29,1326,444,433,11,0,0,0,40280,3267,37013,36710,36044,159,227,235,26,19,303,297,6,0,0,0,24951,20795,4156
Hopkins County,TX,50,3,7,48,223,1986971988,66297428,35161,15029,33.1489586,-95.5651936,35161,34456,28646,2483,211,175,26,2915,705,675,224,172,59,23,153,12,3,0,11,0,0,11,0,5,2,25,5,0,0,35161,5368,29793,29315,26501,2448,162,172,14,18,478,465,12,1,0,0,26167,25865,21947,1816,152,133,17,1800,302,284,14,4,0,0,26167,3166,23001,22806,20732,1798,124,131,8,13,195,188,7,0,0,0,15029,13308,1721
Houston County,TX,50,3,7,48,225,3188040155,14673927,23732,11532,31.3230362,-95.4215995,23732,23393,15896,6179,95,95,1,1127,339,320,99,92,11,4,84,6,4,1,6,0,0,10,1,2,0,14,1,4,0,23732,2364,21368,21136,14811,6129,75,95,1,25,232,217,11,0,4,0,18806,18639,12863,4791,71,67,1,846,167,156,8,1,2,0,18806,1634,17172,17069,12177,4759,58,67,1,7,103,94,7,0,2,0,11532,8656,2876
Howard County,TX,50,3,7,48,227,2333038341,8841951,35012,13124,32.3035834,-101.4385304,35012,34291,25928,2181,317,267,15,5583,721,677,155,136,43,7,231,7,1,0,44,3,0,21,9,15,5,42,2,0,0,35012,13255,21757,21445,18801,2079,220,256,13,76,312,294,18,0,0,0,27155,26791,20260,1748,240,236,13,4294,364,350,14,0,0,0,27155,9233,17922,17747,15558,1715,180,227,11,56,175,166,9,0,0,0,13124,11333,1791
Hudspeth County,TX,50,3,7,48,229,11838791961,2191046,3476,1527,31.4508678,-105.3775489,3476,3401,2738,48,38,16,0,561,75,70,10,16,4,2,36,0,0,0,0,0,0,0,0,2,0,5,0,0,0,3476,2768,708,683,628,30,11,13,0,1,25,25,0,0,0,0,2429,2381,1904,33,23,12,0,409,48,46,2,0,0,0,2429,1839,590,578,540,20,8,10,0,0,12,12,0,0,0,0,1527,1174,353
Hunt County,TX,50,3,7,48,231,2176414426,108014750,86129,36704,33.1234378,-96.0838072,86129,84100,70248,7133,804,916,147,4852,2029,1949,413,726,143,18,449,52,22,1,44,12,4,28,11,18,8,76,1,3,0,86129,11751,74378,73054,64393,6976,600,897,130,58,1324,1275,47,0,2,0,64710,63636,54111,5188,567,756,97,2917,1074,1033,37,1,3,0,64710,6967,57743,57009,50582,5118,453,743,88,25,734,707,25,0,2,0,36704,32076,4628
Hutchinson County,TX,50,3,7,48,233,2298404081,19511584,22150,10629,35.837047,-101.3627461,22150,21544,18944,558,364,91,5,1582,606,580,109,234,35,3,168,3,0,0,6,1,0,9,0,8,4,25,1,0,0,22150,4386,17764,17411,16482,512,300,91,3,23,353,339,14,0,0,0,16322,16015,14278,392,278,72,4,991,307,297,10,0,0,0,16322,2613,13709,13511,12805,382,236,72,3,13,198,191,7,0,0,0,10629,8812,1817
Irion County,TX,50,3,7,48,235,2723534675,176316,1599,856,31.3034241,-100.9813037,1599,1565,1464,11,7,3,0,80,34,25,1,8,1,0,15,0,0,0,0,0,0,0,0,0,0,8,1,0,0,1599,407,1192,1174,1153,11,7,3,0,0,18,9,8,1,0,0,1231,1210,1131,6,5,3,0,65,21,16,4,1,0,0,1231,283,948,935,921,6,5,3,0,0,13,8,4,1,0,0,856,653,203
Jack County,TX,50,3,7,48,237,2358603193,24512768,9044,4095,33.2322769,-98.1719017,9044,8949,7913,340,62,31,3,600,95,91,14,31,1,2,33,6,0,0,1,0,0,2,0,0,1,2,0,2,0,9044,1283,7761,7706,7289,340,38,30,3,6,55,52,1,0,2,0,7052,6997,6146,315,50,27,1,458,55,52,1,0,2,0,7052,860,6192,6161,5777,315,36,26,1,6,31,29,0,0,2,0,4095,3136,959
Jackson County,TX,50,3,7,48,239,2148225451,71061093,14075,6590,28.9598019,-96.58908,14075,13779,11446,988,57,50,1,1237,296,280,52,67,7,1,121,1,0,2,19,4,0,0,0,2,4,15,1,0,0,14075,4079,9996,9891,8855,942,35,50,1,8,105,99,5,1,0,0,10496,10334,8751,667,44,39,1,832,162,153,8,1,0,0,10496,2609,7887,7823,7099,653,27,39,1,4,64,59,4,1,0,0,6590,5284,1306
Jasper County,TX,50,3,7,48,241,2431597700,79907584,35710,16798,30.7529323,-94.0222943,35710,35174,27738,5959,197,200,14,1066,536,500,200,128,28,6,90,13,9,9,11,0,0,1,3,0,2,34,0,2,0,35710,2017,33693,33271,26939,5931,168,200,12,21,422,391,31,0,0,0,26815,26599,21422,4189,130,151,9,698,216,199,16,0,1,0,26815,1248,25567,25394,20942,4176,114,151,7,4,173,158,15,0,0,0,16798,13770,3028
Jeff Davis County,TX,50,3,7,48,243,5865171164,206209,2342,1613,30.6170874,-104.1878595,2342,2294,2113,23,15,7,1,135,48,45,13,16,3,0,9,0,0,0,4,0,0,0,0,0,0,3,0,0,0,2342,790,1552,1517,1490,10,8,7,1,1,35,32,3,0,0,0,1878,1846,1718,11,13,6,0,98,32,30,2,0,0,0,1878,579,1299,1275,1256,4,8,6,0,1,24,22,2,0,0,0,1613,1034,579
Jefferson County,TX,50,3,7,48,245,2269593704,612154349,252273,104424,29.8539997,-94.1493306,252273,247312,131574,85291,1381,8630,83,20353,4961,4677,1168,622,418,44,1390,202,136,41,324,40,2,94,56,121,19,271,9,2,2,252273,42899,209374,206594,112503,84500,747,8525,64,255,2780,2597,176,5,2,0,191875,189161,105659,62218,1025,6429,61,13769,2714,2555,151,5,2,1,191875,28474,163401,161903,92947,61763,612,6362,50,169,1498,1390,103,3,2,0,104424,93441,10983
Jim Hogg County,TX,50,3,7,48,247,2942584159,92564,5300,2441,27.0412118,-98.700127,5300,5219,4658,22,20,15,0,504,81,75,6,7,4,4,51,0,0,0,1,0,0,1,0,1,0,6,0,0,0,5300,4907,393,380,334,18,14,14,0,0,13,11,2,0,0,0,3762,3702,3324,13,8,13,0,344,60,54,6,0,0,0,3762,3444,318,309,283,11,3,12,0,0,9,7,2,0,0,0,2441,1902,539
Jim Wells County,TX,50,3,7,48,249,2240251330,8739521,40838,16147,27.7335158,-98.0908142,40838,40179,35620,237,270,151,9,3892,659,624,50,73,32,4,400,1,0,0,3,2,0,35,0,23,1,29,1,5,0,40838,32254,8584,8481,8062,156,97,134,4,28,103,96,2,1,4,0,29080,28655,25465,147,195,115,9,2724,425,402,20,1,2,0,29080,22339,6741,6670,6357,110,74,106,4,19,71,67,2,1,1,0,16147,13961,2186
Johnson County,TX,50,3,7,48,251,1876943426,25308620,150934,56719,32.3795112,-97.3648234,150934,147723,131622,3979,1078,982,493,9569,3211,3099,592,905,319,45,965,13,19,7,68,11,5,29,36,51,34,103,6,3,0,150934,27319,123615,121673,115545,3797,741,951,475,164,1942,1890,50,2,0,0,109785,108211,97474,2862,753,769,282,6071,1574,1522,48,2,2,0,109785,16666,93119,92088,87655,2762,555,750,267,99,1031,1001,29,1,0,0,56719,52193,4526
Jones County,TX,50,3,7,48,253,2404944484,22229321,20202,7422,32.7437089,-99.8744297,20202,19852,14375,2344,117,79,1,2936,350,340,80,67,17,10,138,0,0,0,15,0,0,5,0,8,0,10,0,0,0,20202,5009,15193,15007,12549,2292,62,76,1,27,186,182,4,0,0,0,16468,16321,11468,2174,84,57,1,2537,147,143,4,0,0,0,16468,3833,12635,12548,10270,2145,51,57,1,24,87,85,2,0,0,0,7422,6034,1388
Karnes County,TX,50,3,7,48,255,1936160430,15519492,14824,5650,28.9076175,-97.8607669,14824,14624,10408,1377,71,32,2,2734,200,196,32,12,7,0,119,1,0,0,9,0,0,5,4,7,0,4,0,0,0,14824,7376,7448,7389,5956,1351,37,25,2,18,59,59,0,0,0,0,11862,11754,8028,1313,41,26,2,2344,108,106,2,0,0,0,11862,5523,6339,6308,4952,1293,22,23,2,16,31,31,0,0,0,0,5650,4463,1187
Kaufman County,TX,50,3,7,48,257,2022000741,69829915,103350,38322,32.598944,-96.2883777,103350,100993,81776,10730,742,903,33,6809,2357,2266,578,559,179,31,677,53,13,5,66,2,0,36,18,43,6,83,5,3,0,103350,17548,85802,84420,72328,10571,551,869,32,69,1382,1318,57,4,3,0,73596,72510,59681,7562,517,644,26,4080,1086,1039,40,4,3,0,73596,10148,63448,62786,54218,7484,399,626,25,34,662,626,29,4,3,0,38322,34964,3358
Kendall County,TX,50,3,7,48,259,1715745632,1496809,33410,14055,29.9445241,-98.7110939,33410,32766,30299,167,186,209,17,1888,644,613,54,196,107,5,215,4,1,0,7,2,0,12,2,4,4,24,5,2,0,33410,6829,26581,26254,25746,138,129,202,13,26,327,309,13,3,2,0,25311,24940,23264,112,135,152,15,1262,371,349,17,3,2,0,25311,4427,20884,20680,20304,92,106,148,13,17,204,193,7,2,2,0,14055,12617,1438
Kenedy County,TX,50,3,7,48,261,3777053964,1262537526,416,233,26.8902316,-97.5912328,416,404,364,5,6,1,0,28,12,12,1,0,0,0,9,0,0,0,2,0,0,0,0,0,0,0,0,0,0,416,319,97,96,86,1,6,1,0,2,1,1,0,0,0,0,314,309,283,4,2,1,0,19,5,5,0,0,0,0,314,241,73,73,68,1,2,1,0,1,0,0,0,0,0,0,233,147,86
Kent County,TX,50,3,7,48,263,2337481857,1065244,808,552,33.1847797,-100.7697199,808,797,753,8,7,0,0,29,11,8,0,5,1,0,1,1,0,0,0,0,0,0,0,0,0,3,0,0,0,808,120,688,680,669,6,5,0,0,0,8,7,1,0,0,0,623,617,585,6,5,0,0,21,6,6,0,0,0,0,623,70,553,548,540,4,4,0,0,0,5,5,0,0,0,0,552,350,202
Kerr County,TX,50,3,7,48,265,2857580696,10250172,49625,23831,30.0539275,-99.351968,49625,48566,43505,884,355,373,30,3419,1059,1009,138,382,100,15,283,10,5,0,13,0,0,34,6,22,1,47,2,1,0,49625,11895,37730,37215,35851,739,207,361,19,38,515,490,22,2,1,0,39611,38985,35502,636,284,290,23,2250,626,600,23,2,1,0,39611,7719,31892,31570,30478,577,186,285,16,28,322,306,13,2,1,0,23831,20550,3281
Kimble County,TX,50,3,7,48,267,3240040898,493622,4607,3371,30.4794715,-99.7463955,4607,4568,4216,18,38,19,3,274,39,39,3,10,2,1,22,0,0,0,0,0,0,0,0,0,1,0,0,0,0,4607,1077,3530,3511,3450,16,17,19,3,6,19,19,0,0,0,0,3668,3640,3383,14,27,17,3,196,28,28,0,0,0,0,3668,704,2964,2949,2895,12,17,17,3,5,15,15,0,0,0,0,3371,2016,1355
King County,TX,50,3,7,48,269,2359146771,6398129,286,186,33.6141593,-100.2505476,286,282,268,0,3,0,0,11,4,4,0,4,0,0,0,0,0,0,0,0,0,0,0,0,0,0,0,0,0,286,39,247,243,242,0,1,0,0,0,4,4,0,0,0,0,218,215,202,0,3,0,0,10,3,3,0,0,0,0,218,27,191,188,187,0,1,0,0,0,3,3,0,0,0,0,186,113,73
Kinney County,TX,50,3,7,48,271,3522525947,13125082,3598,1940,29.3470865,-100.4177003,3598,3524,3187,53,26,10,0,248,74,73,12,21,1,0,31,0,0,0,4,0,0,2,0,1,1,0,1,0,0,3598,2004,1594,1570,1496,39,19,10,0,6,24,24,0,0,0,0,2874,2818,2561,43,23,9,0,182,56,55,0,1,0,0,2874,1489,1385,1369,1308,33,16,9,0,3,16,16,0,0,0,0,1940,1350,590
Kleberg County,TX,50,3,7,48,273,2282577985,541040924,32061,12787,27.4387348,-97.6606203,32061,31297,25618,1201,196,751,37,3494,764,721,98,93,77,4,353,11,3,2,43,3,0,15,3,12,4,43,0,0,0,32061,22495,9566,9369,7479,1070,51,715,26,28,197,188,9,0,0,0,24011,23544,19310,926,156,644,25,2483,467,447,20,0,0,0,24011,16021,7990,7859,6288,863,46,620,21,21,131,123,8,0,0,0,12787,11097,1690
Knox County,TX,50,3,7,48,275,2203097010,12577629,3719,2044,33.6166569,-99.7471116,3719,3609,2842,214,21,7,1,524,110,103,24,13,3,1,56,0,0,0,3,0,0,1,0,0,2,7,0,0,0,3719,1101,2618,2582,2347,209,14,7,1,4,36,34,2,0,0,0,2777,2728,2216,143,13,7,1,348,49,47,2,0,0,0,2777,696,2081,2067,1908,141,8,7,1,2,14,14,0,0,0,0,2044,1506,538
Lamar County,TX,50,3,7,48,277,2349611989,67113408,49793,22481,33.6672628,-95.5703477,49793,48455,39489,6703,700,311,10,1242,1338,1273,316,614,54,18,136,72,3,10,21,2,0,9,6,12,0,52,12,1,0,49793,3223,46570,45447,37891,6628,592,304,5,27,1123,1071,40,11,1,0,37698,37016,30783,4751,517,233,7,725,682,650,24,7,1,0,37698,1792,35906,35307,29886,4713,453,229,4,22,599,571,20,7,1,0,22481,19829,2652
Lamb County,TX,50,3,7,48,279,2631897591,3973761,13977,6128,34.0688615,-102.3480182,13977,13651,10403,598,129,20,4,2497,326,312,45,53,6,4,159,1,0,0,22,6,0,15,0,1,0,14,0,0,0,13977,7231,6746,6651,6020,555,39,17,4,16,95,86,9,0,0,0,9885,9718,7625,393,84,19,4,1593,167,163,4,0,0,0,9885,4563,5322,5277,4841,376,34,16,4,6,45,45,0,0,0,0,6128,5081,1047
Lampasas County,TX,50,3,7,48,281,1846247052,2833441,19677,8718,31.1967308,-98.2408885,19677,19057,16792,632,177,201,39,1216,620,580,97,192,116,8,117,9,9,0,13,2,0,0,11,5,1,37,3,0,0,19677,3443,16234,15794,14836,581,127,184,35,31,440,410,30,0,0,0,14801,14481,12848,477,126,159,28,843,320,303,16,1,0,0,14801,2189,12612,12368,11630,450,95,150,26,17,244,230,14,0,0,0,8718,7539,1179
La Salle County,TX,50,3,7,48,283,3850510690,19539281,6886,2746,28.3510976,-99.0967743,6886,6806,6176,34,40,7,0,549,80,80,5,10,6,2,44,0,2,0,4,5,0,0,0,1,1,0,0,0,0,6886,5920,966,948,894,18,25,6,0,5,18,18,0,0,0,0,5392,5331,4870,20,37,6,0,398,61,61,0,0,0,0,5392,4574,818,806,758,14,24,5,0,5,12,12,0,0,0,0,2746,1931,815
Lavaca County,TX,50,3,7,48,285,2511532178,1885412,19263,10344,29.3825778,-96.9236334,19263,18936,16563,1301,60,56,17,939,327,313,75,49,17,2,132,5,0,0,28,1,0,3,0,1,0,14,0,0,0,19263,3077,16186,16050,14674,1255,30,56,17,18,136,133,3,0,0,0,14815,14651,13023,910,42,38,11,627,164,157,7,0,0,0,14815,1899,12916,12844,11866,893,26,38,11,10,72,71,1,0,0,0,10344,7808,2536
Lee County,TX,50,3,7,48,287,1629142826,13168645,16612,7499,30.3211046,-96.976365,16612,16289,13101,1807,104,55,18,1204,323,306,95,62,17,1,74,12,2,4,12,1,0,19,0,3,4,17,0,0,0,16612,3724,12888,12690,10798,1772,44,52,17,7,198,186,12,0,0,0,12267,12134,9935,1339,74,39,13,734,133,126,7,0,0,0,12267,2164,10103,10022,8599,1331,37,38,12,5,81,75,6,0,0,0,7499,6151,1348
Leon County,TX,50,3,7,48,289,2779447286,19343049,16801,9509,31.3004925,-95.9956219,16801,16560,14258,1202,71,81,2,946,241,236,46,73,21,2,69,10,1,0,6,0,0,2,0,5,1,5,0,0,0,16801,2260,14541,14394,13078,1181,57,75,2,1,147,144,3,0,0,0,13052,12916,11258,960,56,59,2,581,136,134,2,0,0,0,13052,1374,11678,11584,10531,948,48,55,2,0,94,93,1,0,0,0,9509,6896,2613
Liberty County,TX,50,3,7,48,291,3000284900,46411807,75643,28759,30.1621885,-94.8226815,75643,74158,58363,8202,430,348,26,6789,1485,1417,338,356,72,24,477,26,18,5,23,4,0,23,11,16,24,59,9,0,0,75643,13602,62041,61164,52321,8074,289,337,23,120,877,833,37,7,0,0,56276,55489,44141,6398,336,278,22,4314,787,746,38,3,0,0,56276,8608,47668,47206,40265,6323,241,269,21,87,462,436,24,2,0,0,28759,25073,3686
Limestone County,TX,50,3,7,48,293,2344684360,72198941,23384,10536,31.5475427,-96.593623,23384,22924,16139,4103,121,90,7,2464,460,438,149,98,15,3,120,10,2,1,22,0,0,8,0,9,1,20,1,1,0,23384,4465,18919,18649,14433,4041,68,84,1,22,270,258,10,1,1,0,17867,17666,12951,3017,87,72,6,1533,201,190,9,1,1,0,17867,2751,15116,14994,11869,2986,58,68,1,12,122,112,8,1,1,0,10536,8499,2037
Lipscomb County,TX,50,3,7,48,295,2414332816,298741,3302,1512,36.2801998,-100.2726827,3302,3228,2845,25,37,10,0,311,74,67,1,38,8,0,14,0,0,0,0,0,0,4,0,0,2,7,0,0,0,3302,1007,2295,2254,2213,7,22,10,0,2,41,35,6,0,0,0,2391,2347,2106,18,24,6,0,193,44,41,3,0,0,0,2391,610,1781,1755,1731,2,14,6,0,2,26,24,2,0,0,0,1512,1263,249
Live Oak County,TX,50,3,7,48,297,2692800935,101483813,11531,6065,28.3515349,-98.1269608,11531,11353,10107,502,92,57,3,592,178,176,17,35,5,10,86,3,5,0,6,1,0,5,0,2,1,2,0,0,0,11531,4060,7471,7388,6805,453,62,56,3,9,83,83,0,0,0,0,9177,9047,7988,477,77,49,3,453,130,128,2,0,0,0,9177,2929,6248,6183,5637,433,55,48,3,7,65,65,0,0,0,0,6065,4257,1808
Llano County,TX,50,3,7,48,299,2419137915,82419109,19301,14280,30.7075845,-98.6846901,19301,19028,18319,112,118,77,5,397,273,265,38,117,32,4,60,0,0,0,6,2,0,3,0,2,1,7,0,1,0,19301,1542,17759,17584,17303,102,87,76,5,11,175,171,3,0,1,0,16224,16078,15570,75,90,59,4,280,146,141,4,0,1,0,16224,996,15228,15116,14901,71,72,59,4,9,112,109,2,0,1,0,14280,9008,5272
Loving County,TX,50,3,7,48,301,1732507837,20151864,82,50,31.8449361,-103.5612293,82,76,65,0,4,0,0,7,6,6,0,0,0,0,6,0,0,0,0,0,0,0,0,0,0,0,0,0,0,82,18,64,64,60,0,4,0,0,0,0,0,0,0,0,0,73,69,58,0,4,0,0,7,4,4,0,0,0,0,73,14,59,59,55,0,4,0,0,0,0,0,0,0,0,0,50,39,11
Lubbock County,TX,50,3,7,48,303,2319591231,13211521,278831,115064,33.6114688,-101.8199438,278831,271964,215519,20952,2040,5753,188,27512,6867,6589,1213,1062,746,59,2490,95,78,7,335,27,6,157,129,137,48,251,21,6,0,278831,88924,189907,186893,159815,19957,1026,5650,161,284,3014,2890,105,14,5,0,210969,207066,167834,14520,1462,4652,145,18453,3903,3765,121,14,3,0,210969,58142,152827,151023,131186,14112,818,4583,126,198,1804,1734,60,8,2,0,115064,105781,9283
Lynn County,TX,50,3,7,48,305,2309924936,4169699,5915,2676,33.1784124,-101.8184933,5915,5777,4748,127,72,8,0,822,138,137,16,35,2,0,69,0,0,0,2,1,0,5,0,6,1,1,0,0,0,5915,2743,3172,3138,2984,113,28,8,0,5,34,33,1,0,0,0,4270,4195,3528,91,47,6,0,523,75,74,1,0,0,0,4270,1791,2479,2465,2357,84,17,6,0,1,14,13,1,0,0,0,2676,2246,430
McCulloch County,TX,50,3,7,48,307,2759886938,20285000,8283,4302,31.2054766,-99.3598557,8283,8133,6947,160,55,29,1,941,150,148,18,29,5,0,84,0,3,0,6,0,0,3,0,0,0,2,0,0,0,8283,2476,5807,5762,5568,133,23,28,1,9,45,44,1,0,0,0,6244,6155,5354,108,41,19,1,632,89,87,2,0,0,0,6244,1641,4603,4573,4432,95,21,18,1,6,30,29,1,0,0,0,4302,3338,964
McLennan County,TX,50,3,7,48,309,2686079968,59905775,234906,95124,31.549493,-97.2014721,234906,229101,164037,34767,1473,3220,107,25497,5805,5535,1373,812,655,63,1797,118,68,17,353,22,2,107,16,98,34,248,13,8,1,234906,55471,179435,176338,138295,33892,704,3128,84,235,3097,2940,137,12,8,0,175161,172276,127944,24502,1037,2633,83,16077,2885,2757,113,9,5,1,175161,34631,140530,138963,111511,24110,561,2570,71,140,1567,1476,78,8,5,0,95124,86892,8232
McMullen County,TX,50,3,7,48,311,2951100162,44960041,707,485,28.3849219,-98.5788529,707,689,643,8,0,3,0,35,18,18,0,10,4,0,4,0,0,0,0,0,0,0,0,0,0,0,0,0,0,707,261,446,443,432,8,0,3,0,0,3,3,0,0,0,0,588,579,543,6,0,3,0,27,9,9,0,0,0,0,588,197,391,388,379,6,0,3,0,0,3,3,0,0,0,0,485,310,175
Madison County,TX,50,3,7,48,313,1207102873,16493751,13664,5096,30.9668782,-95.9303719,13664,13425,9149,2719,68,79,3,1407,239,236,70,58,18,3,63,5,0,0,17,1,0,0,0,0,1,3,0,0,0,13664,2688,10976,10831,8030,2687,32,77,1,4,145,142,3,0,0,0,10664,10550,7232,2178,57,53,3,1027,114,113,1,0,0,0,10664,1915,8749,8680,6439,2160,27,52,1,1,69,68,1,0,0,0,5096,4187,909
Marion County,TX,50,3,7,48,315,986475529,102154831,10546,6218,32.7977571,-94.3576733,10546,10320,7752,2325,85,50,3,105,226,213,53,97,8,2,21,10,10,2,6,1,2,1,0,0,0,12,1,0,0,10546,328,10218,10016,7564,2319,72,50,3,8,202,191,10,1,0,0,8537,8397,6442,1781,71,36,3,64,140,128,11,1,0,0,8537,200,8337,8212,6326,1779,62,36,3,6,125,115,9,1,0,0,6218,4595,1623
Martin County,TX,50,3,7,48,317,2369694111,1931847,4799,1852,32.3098298,-101.9618363,4799,4714,4067,78,30,12,3,524,85,84,16,17,6,1,35,0,0,0,6,0,0,1,0,2,0,1,0,0,0,4799,2086,2713,2681,2578,67,15,11,3,7,32,32,0,0,0,0,3343,3293,2888,46,20,10,1,328,50,50,0,0,0,0,3343,1341,2002,1983,1918,41,11,10,1,2,19,19,0,0,0,0,1852,1649,203
Mason County,TX,50,3,7,48,319,2405588947,8834406,4012,2733,30.7032322,-99.2376082,4012,3973,3731,18,18,7,0,199,39,35,6,13,1,0,11,0,0,0,0,0,0,1,1,0,2,4,0,0,0,4012,864,3148,3128,3092,14,11,7,0,4,20,19,1,0,0,0,3161,3135,2963,11,13,5,0,143,26,22,4,0,0,0,3161,592,2569,2555,2530,10,7,5,0,3,14,13,1,0,0,0,2733,1754,979
Matagorda County,TX,50,3,7,48,321,2849700666,1326679773,36702,18801,28.7833407,-95.9977554,36702,35852,26137,4200,258,719,8,4530,850,809,140,108,66,6,360,13,10,0,38,1,0,28,3,22,14,34,6,1,0,36702,14074,22628,22297,17400,4060,104,693,7,33,331,310,15,5,1,0,27031,26584,19800,3057,189,497,8,3033,447,422,19,5,1,0,27031,9028,18003,17810,14207,3000,85,489,7,22,193,177,10,5,1,0,18801,13894,4907
Maverick County,TX,50,3,7,48,323,3313264152,32425873,54258,17462,28.7452172,-100.3113679,54258,53713,49617,135,642,177,4,3138,545,536,35,42,36,8,347,8,2,1,15,0,0,23,0,17,2,8,1,0,0,54258,51914,2344,2290,1552,75,506,140,2,15,54,54,0,0,0,0,35935,35569,32890,88,368,128,3,2092,366,359,6,1,0,0,35935,34277,1658,1632,1161,55,289,113,2,12,26,26,0,0,0,0,17462,15563,1899
Medina County,TX,50,3,7,48,325,3432656186,23769485,46006,17991,29.3536614,-99.1110846,46006,44994,39369,1012,331,296,36,3950,1012,947,108,202,93,10,411,10,7,2,40,0,2,18,2,32,10,56,4,3,2,46006,22871,23135,22791,21408,913,146,272,24,28,344,317,22,1,2,2,34141,33565,29436,887,230,252,27,2733,576,541,29,3,3,0,34141,15644,18497,18291,17084,822,109,242,20,14,206,190,13,1,2,0,17991,15530,2461
Menard County,TX,50,3,7,48,327,2336245942,613559,2242,1702,30.8837069,-99.8549364,2242,2205,1847,13,18,3,0,324,37,36,1,4,1,0,29,0,0,0,1,0,0,0,0,0,0,1,0,0,0,2242,790,1452,1446,1425,11,6,3,0,1,6,6,0,0,0,0,1803,1779,1511,11,12,3,0,242,24,23,1,0,0,0,1803,560,1243,1237,1218,10,5,3,0,1,6,6,0,0,0,0,1702,994,708
Midland County,TX,50,3,7,48,329,2331764835,4533910,136872,54351,31.8708957,-102.0243264,136872,133602,105302,9087,1013,1715,54,16431,3270,3168,593,552,231,25,1360,33,25,4,181,7,3,68,12,59,15,95,6,1,0,136872,51600,85272,83941,72822,8675,552,1639,42,211,1331,1281,49,1,0,0,99343,97553,78517,6355,728,1271,37,10645,1790,1733,54,2,1,0,99343,32746,66597,65833,57809,6199,430,1233,28,134,764,731,33,0,0,0,54351,50845,3506
Milam County,TX,50,3,7,48,331,2633837445,12538897,24757,11305,30.791242,-96.9843946,24757,24316,19347,2473,171,96,1,2228,441,436,102,101,15,2,167,8,0,2,22,0,0,9,3,4,1,5,0,0,0,24757,5780,18977,18777,16216,2380,76,95,0,10,200,197,3,0,0,0,18205,18016,14724,1685,124,75,1,1407,189,186,3,0,0,0,18205,3417,14788,14700,12907,1648,63,74,0,8,88,87,1,0,0,0,11305,9408,1897
Mills County,TX,50,3,7,48,333,1937987484,3902577,4936,2846,31.4948885,-98.5946231,4936,4861,4440,26,19,11,1,364,75,74,10,22,4,1,37,0,0,0,0,0,0,0,0,0,0,1,0,0,0,4936,818,4118,4076,4024,26,15,10,1,0,42,42,0,0,0,0,3739,3702,3420,4,16,10,1,251,37,36,1,0,0,0,3739,521,3218,3193,3165,4,14,9,1,0,25,25,0,0,0,0,2846,1975,871
Mitchell County,TX,50,3,7,48,335,2359711652,12489897,9403,4064,32.3037809,-100.9245797,9403,9253,6433,1060,70,28,0,1662,150,144,16,34,3,1,76,2,0,0,5,0,0,6,0,0,1,6,0,0,0,9403,3481,5922,5877,4753,1043,44,27,0,10,45,45,0,0,0,0,7583,7499,5015,964,58,23,0,1439,84,80,4,0,0,0,7583,2626,4957,4931,3901,960,38,22,0,10,26,26,0,0,0,0,4064,2809,1255
Montague County,TX,50,3,7,48,337,2411034772,19087292,19719,10131,33.6762888,-97.7247469,19719,19395,18384,53,175,62,4,717,324,322,46,143,24,4,87,6,1,0,3,0,0,7,0,1,0,2,0,0,0,19719,1930,17789,17587,17347,38,137,59,3,3,202,201,1,0,0,0,15192,15015,14376,23,124,48,3,441,177,176,1,0,0,0,15192,1129,14063,13946,13776,16,102,47,3,2,117,116,1,0,0,0,10131,7989,2142
Montgomery County,TX,50,3,7,48,339,2698080682,91022528,455746,177647,30.3023644,-95.5035226,455746,445053,380593,19401,3348,9546,311,31854,10693,10145,1610,2122,1731,171,3396,95,99,19,212,46,14,221,91,251,67,494,40,14,0,455746,94698,361048,355178,324611,18537,1807,9347,241,635,5870,5532,299,28,11,0,329767,324278,281423,13412,2300,6918,232,19993,5489,5216,243,19,11,0,329767,58225,271542,268584,246940,12914,1366,6799,185,380,2958,2783,151,15,9,0,177647,162530,15117
Moore County,TX,50,3,7,48,341,2330188778,25718171,21904,7881,35.8356759,-101.8905018,21904,21440,15886,336,280,1337,18,3583,464,454,27,107,25,9,184,10,2,0,9,4,0,2,23,45,7,10,0,0,0,21904,11542,10362,10166,8370,287,107,1323,18,61,196,195,1,0,0,0,14905,14634,11156,247,186,792,12,2241,271,269,2,0,0,0,14905,7014,7891,7761,6615,218,87,783,12,46,130,129,1,0,0,0,7881,7197,684
Morris County,TX,50,3,7,48,343,652637107,17394113,12934,6024,33.116466,-94.7312653,12934,12680,9014,2976,93,45,7,545,254,249,109,50,16,1,39,9,8,3,2,1,0,0,0,10,1,5,0,0,0,12934,1003,11931,11723,8636,2952,82,43,3,7,208,205,3,0,0,0,9921,9812,7169,2220,75,33,4,311,109,105,4,0,0,0,9921,563,9358,9269,6951,2212,68,33,3,2,89,87,2,0,0,0,6024,5226,798
Motley County,TX,50,3,7,48,345,2562954830,642801,1210,779,34.0583832,-100.793696,1210,1197,1115,24,10,0,0,48,13,13,0,2,0,0,10,0,0,0,0,0,0,0,0,1,0,0,0,0,0,1210,163,1047,1045,1013,24,8,0,0,0,2,2,0,0,0,0,946,939,877,20,7,0,0,35,7,7,0,0,0,0,946,94,852,851,825,20,6,0,0,0,1,1,0,0,0,0,779,542,237
Nacogdoches County,TX,50,3,7,48,347,2451520148,89745988,64524,27406,31.6205598,-94.6202497,64524,63234,44249,11731,365,797,25,6067,1290,1232,353,291,113,8,338,31,18,10,35,4,1,12,3,12,3,53,4,1,0,64524,11356,53168,52346,39699,11573,230,775,15,54,822,778,40,4,0,0,49463,48712,35292,8873,266,616,22,3643,751,712,36,3,0,0,49463,6927,42536,42052,32447,8778,183,598,14,32,484,451,30,3,0,0,27406,23861,3545
Navarro County,TX,50,3,7,48,349,2614922711,197639165,47735,20234,32.0484498,-96.4769075,47735,46666,33142,6606,305,253,382,5978,1069,1028,220,160,56,18,393,26,11,3,73,6,7,28,5,16,6,34,7,0,0,47735,11345,36390,35891,28587,6490,155,239,380,40,499,477,17,5,0,0,34812,34295,25368,4745,229,189,240,3524,517,490,24,3,0,0,34812,6647,28165,27928,22662,4698,131,181,239,17,237,220,14,3,0,0,20234,17380,2854
Newton County,TX,50,3,7,48,351,2418212417,15672105,14445,7142,30.7867182,-93.73925,14445,14235,11105,2901,80,62,1,86,210,199,73,80,12,5,22,3,0,0,2,1,1,0,0,0,0,8,3,0,0,14445,403,14042,13856,10825,2891,77,62,1,0,186,175,8,3,0,0,11092,10986,8638,2189,58,48,1,52,106,103,3,0,0,0,11092,241,10851,10755,8466,2185,55,48,1,0,96,93,3,0,0,0,7142,5476,1666
Nolan County,TX,50,3,7,48,353,2362061553,5052677,15216,7152,32.312338,-100.4181079,15216,14872,12728,715,95,67,0,1267,344,335,88,65,8,2,123,2,2,0,25,0,0,9,0,8,3,8,0,0,1,15216,5103,10113,9967,9191,666,44,58,0,8,146,142,3,0,0,1,11281,11117,9659,467,68,50,0,873,164,159,4,0,0,1,11281,3316,7965,7896,7355,455,37,46,0,3,69,65,3,0,0,1,7152,5999,1153
Nueces County,TX,50,3,7,48,355,2171658351,847226454,340223,141033,27.7394061,-97.5216428,340223,331964,277402,13637,2128,5731,269,32797,8259,7842,1031,1147,1034,95,3462,96,96,23,362,26,4,177,48,196,45,377,22,18,0,340223,206293,133930,131033,111870,12178,882,5495,209,399,2897,2698,189,6,4,0,251968,246984,207880,9786,1568,4476,198,23076,4984,4763,199,9,13,0,251968,142995,108973,107223,92547,9191,700,4338,158,289,1750,1636,107,3,4,0,141033,124587,16446
Ochiltree County,TX,50,3,7,48,357,2376642415,1331778,10223,4062,36.2787442,-100.8158636,10223,9983,8747,39,98,28,4,1067,240,237,21,53,8,1,140,0,0,0,6,1,0,5,0,2,0,3,0,0,0,10223,4982,5241,5174,5062,19,66,24,3,0,67,67,0,0,0,0,6992,6859,6087,23,69,19,3,658,133,131,2,0,0,0,6992,2920,4072,4030,3952,10,48,18,2,0,42,42,0,0,0,0,4062,3617,445
Oldham County,TX,50,3,7,48,359,3886363298,2338030,2052,841,35.4019206,-102.5976203,2052,2022,1850,62,13,17,0,80,30,30,8,15,2,1,2,0,0,0,1,1,0,0,0,0,0,0,0,0,0,2052,243,1809,1787,1699,60,11,17,0,0,22,22,0,0,0,0,1354,1344,1259,14,7,15,0,49,10,10,0,0,0,0,1354,131,1223,1213,1179,14,5,15,0,0,10,10,0,0,0,0,841,691,150
Orange County,TX,50,3,7,48,361,864197805,118779621,81837,35313,30.120918,-93.8933577,81837,80411,70478,6979,426,804,43,1681,1426,1383,265,494,175,14,352,12,3,4,6,2,1,6,10,30,9,40,3,0,0,81837,4766,77071,76065,67895,6922,340,797,38,73,1006,978,26,2,0,0,61330,60578,53766,4819,322,568,28,1075,752,725,24,3,0,0,61330,2940,58390,57828,52162,4786,261,563,25,31,562,542,18,2,0,0,35313,31031,4282
Palo Pinto County,TX,50,3,7,48,363,2465126895,87327962,28111,15214,32.7522101,-98.3179744,28111,27605,24497,621,202,134,14,2137,506,485,100,133,34,5,172,6,0,0,7,7,0,10,0,9,2,21,0,0,0,28111,4985,23126,22846,21958,597,135,132,11,13,280,271,9,0,0,0,21080,20815,18856,414,148,111,9,1277,265,254,11,0,0,0,21080,2932,18148,17992,17355,407,107,109,9,5,156,151,5,0,0,0,15214,10871,4343
Panola County,TX,50,3,7,48,365,2076521423,50644794,23796,10920,32.1639784,-94.3051563,23796,23379,18267,3867,105,73,3,1064,417,405,94,157,24,4,73,23,2,3,10,1,0,2,1,8,3,11,1,0,0,23796,1970,21826,21554,17521,3850,84,72,3,24,272,262,9,1,0,0,17926,17705,14072,2860,75,51,2,645,221,213,7,1,0,0,17926,1135,16791,16643,13659,2849,65,51,2,17,148,141,6,1,0,0,10920,9271,1649
Parker County,TX,50,3,7,48,367,2339997883,17135889,116927,46628,32.7770964,-97.8059049,116927,114796,106862,1915,909,639,40,4431,2131,2042,339,856,252,31,459,20,7,3,17,3,0,24,8,20,3,81,5,3,0,116927,12410,104517,103038,99698,1842,768,631,35,64,1479,1410,64,3,2,0,87058,85906,80208,1545,660,468,30,2995,1152,1103,41,5,3,0,87058,7683,79375,78522,75918,1510,568,461,26,39,853,816,32,3,2,0,46628,42069,4559
Parmer County,TX,50,3,7,48,369,2281204393,11344140,10269,3799,34.5321628,-102.7848533,10269,10049,7969,119,100,25,21,1815,220,209,15,22,1,5,144,1,0,0,5,0,3,2,0,7,4,11,0,0,0,10269,6164,4105,4079,3943,91,17,18,8,2,26,23,3,0,0,0,7055,6910,5557,87,60,18,12,1176,145,135,10,0,0,0,7055,3834,3221,3203,3096,72,15,12,7,1,18,15,3,0,0,0,3799,3413,386
Pecos County,TX,50,3,7,48,371,12338306457,2532276,15507,5585,30.7708943,-102.71986,15507,15180,12307,572,125,79,5,2092,327,324,26,36,13,5,189,6,1,1,17,5,0,6,1,16,2,3,0,0,0,15507,10430,5077,5007,4326,528,57,74,5,17,70,68,2,0,0,0,11685,11492,9327,534,101,62,5,1463,193,190,3,0,0,0,11685,7269,4416,4362,3730,506,48,61,5,12,54,52,2,0,0,0,5585,4894,691
Polk County,TX,50,3,7,48,373,2737858277,136147278,45413,22683,30.7845525,-94.8373376,45413,44652,35082,5211,881,188,10,3280,761,742,178,235,40,8,203,16,2,3,25,3,0,11,0,2,16,19,0,0,0,45413,5959,39454,38962,32830,5153,778,180,7,14,492,480,12,0,0,0,35836,35431,28227,4088,614,143,8,2351,405,395,10,0,0,0,35836,4084,31752,31484,26716,4062,552,137,7,10,268,263,5,0,0,0,22683,16503,6180
Potter County,TX,50,3,7,48,375,2352666798,35275220,121073,47271,35.3986751,-101.893804,121073,117388,84523,12365,1004,4822,63,14611,3685,3532,850,548,280,42,1251,78,28,14,230,29,2,77,15,77,11,143,5,5,0,121073,42692,78381,76620,59322,11823,602,4675,43,155,1761,1678,74,4,5,0,87420,85700,63774,8661,743,3321,39,9162,1720,1657,56,3,4,0,87420,26496,60924,60107,47769,8478,482,3256,30,92,817,771,39,3,4,0,47271,42933,4338
Presidio County,TX,50,3,7,48,377,9985016638,1773160,7818,3825,30.0058912,-104.2616192,7818,7666,6715,47,57,76,0,771,152,146,16,17,3,0,101,2,1,0,1,0,0,4,0,1,0,5,0,1,0,7818,6521,1297,1263,1136,27,22,75,0,3,34,32,1,0,1,0,5554,5459,4833,22,40,42,0,522,95,91,3,0,1,0,5554,4498,1056,1039,963,14,17,42,0,3,17,15,1,0,1,0,3825,2906,919
Rains County,TX,50,3,7,48,379,594278071,76082424,10914,5269,32.8705795,-95.79544,10914,10744,9953,256,113,55,1,366,170,161,29,70,18,3,33,4,2,0,0,1,0,0,1,0,0,9,0,0,0,10914,839,10075,9953,9553,249,95,55,1,0,122,117,5,0,0,0,8551,8454,7913,201,73,40,1,226,97,95,2,0,0,0,8551,490,8061,7984,7684,195,64,40,1,0,77,76,1,0,0,0,5269,4377,892
Randall County,TX,50,3,7,48,381,2360887059,28191926,120725,51587,34.962529,-101.8955472,120725,118030,107305,2867,822,1684,41,5311,2695,2564,546,681,319,24,722,16,17,5,110,6,2,37,7,45,27,124,7,0,0,120725,19775,100950,99395,94361,2701,586,1625,29,93,1555,1489,61,5,0,0,90622,89296,81880,1938,610,1248,34,3586,1326,1283,41,2,0,0,90622,12310,78312,77496,73865,1870,456,1221,26,58,816,791,23,2,0,0,51587,47975,3612
Reagan County,TX,50,3,7,48,383,3044015959,1792716,3367,1372,31.3728949,-101.5139014,3367,3305,2596,70,20,6,0,613,62,59,16,12,4,2,19,0,0,0,5,0,0,1,0,0,0,1,0,0,2,3367,2051,1316,1293,1219,65,7,1,0,1,23,23,0,0,0,0,2357,2321,1866,54,17,4,0,380,36,34,0,0,0,2,2357,1282,1075,1066,1007,50,7,1,0,1,9,9,0,0,0,0,1372,1156,216
Real County,TX,50,3,7,48,385,1810906179,2346315,3309,2599,29.8230304,-99.805303,3309,3244,2996,22,37,2,12,175,65,65,7,39,0,2,17,0,0,0,0,0,0,0,0,0,0,0,0,0,0,3309,814,2495,2456,2398,20,23,2,12,1,39,39,0,0,0,0,2649,2603,2427,7,28,1,12,128,46,46,0,0,0,0,2649,551,2098,2069,2032,6,17,1,12,1,29,29,0,0,0,0,2599,1374,1225
Red River County,TX,50,3,7,48,387,2684724244,52208060,12860,6826,33.6196255,-95.0484293,12860,12630,9838,2233,125,23,1,410,230,218,52,107,11,1,27,4,4,0,9,0,0,2,0,1,0,12,0,0,0,12860,849,12011,11832,9503,2211,92,23,0,3,179,169,10,0,0,0,10113,9995,7948,1680,86,19,1,261,118,114,4,0,0,0,10113,507,9606,9511,7753,1667,72,19,0,0,95,92,3,0,0,0,6826,5469,1357
Reeves County,TX,50,3,7,48,389,6825588429,17396749,13783,4640,31.308366,-103.712706,13783,13571,10645,690,64,119,6,2047,212,202,15,25,1,3,141,0,0,0,5,0,0,5,4,3,0,9,0,1,0,13783,10233,3550,3523,2690,672,21,118,2,20,27,27,0,0,0,0,10641,10497,8236,640,51,88,5,1477,144,139,4,0,1,0,10641,7491,3150,3136,2383,627,18,87,2,19,14,14,0,0,0,0,4640,3839,801
Refugio County,TX,50,3,7,48,391,1995440836,123798787,7383,3726,28.3124958,-97.1604793,7383,7236,5943,483,42,33,0,735,147,142,40,23,3,1,64,2,0,0,7,0,0,1,0,1,0,5,0,0,0,7383,3487,3896,3843,3337,445,25,27,0,9,53,53,0,0,0,0,5602,5528,4590,349,40,28,0,521,74,72,2,0,0,0,5602,2446,3156,3125,2742,335,23,22,0,3,31,31,0,0,0,0,3726,2841,885
Roberts County,TX,50,3,7,48,393,2393298505,346847,929,439,35.8362157,-100.8075549,929,910,871,1,3,2,0,33,19,19,3,9,0,0,7,0,0,0,0,0,0,0,0,0,0,0,0,0,0,929,74,855,846,841,0,3,2,0,0,9,9,0,0,0,0,693,685,654,1,3,2,0,25,8,8,0,0,0,0,693,47,646,639,634,0,3,2,0,0,7,7,0,0,0,0,439,359,80
Robertson County,TX,50,3,7,48,395,2216209138,25046086,16622,8484,31.025481,-96.5149408,16622,16295,11247,3586,96,103,1,1262,327,318,66,67,9,7,119,9,3,1,31,0,0,3,0,1,2,8,1,0,0,16622,2990,13632,13482,9821,3509,47,96,0,9,150,146,3,1,0,0,12409,12259,8766,2522,64,72,1,834,150,146,4,0,0,0,12409,1886,10523,10441,7850,2484,35,66,0,6,82,79,3,0,0,0,8484,6541,1943
Rockwall County,TX,50,3,7,48,397,329020647,56154384,78337,27939,32.8892161,-96.4075009,78337,76706,65514,4521,472,1897,56,4246,1631,1524,296,344,336,23,363,29,23,1,27,4,1,15,16,40,6,100,6,1,0,78337,12470,65867,64801,58046,4397,345,1850,47,116,1066,1001,62,2,1,0,54830,54101,46845,2949,318,1366,38,2585,729,679,45,4,1,0,54830,7336,47494,47008,42436,2889,246,1342,35,60,486,456,27,2,1,0,27939,26448,1491
Runnels County,TX,50,3,7,48,399,2721933935,15930080,10501,5298,31.8333106,-99.967856,10501,10326,8735,192,71,21,3,1304,175,164,21,31,6,0,84,5,0,0,4,0,0,3,0,10,0,11,0,0,0,10501,3361,7140,7083,6841,165,43,19,0,15,57,55,2,0,0,0,7869,7787,6727,135,50,16,2,857,82,76,6,0,0,0,7869,2129,5740,5706,5518,125,33,15,0,15,34,33,1,0,0,0,5298,4165,1133
Rusk County,TX,50,3,7,48,401,2393217679,37244181,53330,21191,32.1094232,-94.7563823,53330,52270,38512,9435,290,214,19,3800,1060,1010,299,253,64,14,281,29,0,4,31,2,0,13,0,5,15,42,8,0,0,53330,7609,45721,45062,35237,9359,199,203,14,50,659,637,22,0,0,0,40951,40417,30197,7475,204,168,11,2362,534,512,18,4,0,0,40951,4795,36156,35828,28048,7432,147,160,9,32,328,317,11,0,0,0,21191,18476,2715
Sabine County,TX,50,3,7,48,403,1272694571,220821460,10834,7988,31.3432997,-93.8519129,10834,10664,9658,784,56,33,0,133,170,165,59,58,12,1,29,1,0,0,3,1,0,0,1,0,0,5,0,0,0,10834,344,10490,10355,9484,778,54,33,0,6,135,131,4,0,0,0,8714,8628,7878,597,46,27,0,80,86,84,2,0,0,0,8714,217,8497,8429,7762,595,44,27,0,1,68,67,1,0,0,0,7988,4738,3250
San Augustine County,TX,50,3,7,48,405,1374395555,159647152,8865,5342,31.3824492,-94.1631796,8865,8742,6375,2016,35,23,0,293,123,120,31,41,5,1,27,10,1,0,2,0,0,0,2,0,0,3,0,0,0,8865,532,8333,8244,6183,2013,16,22,0,10,89,89,0,0,0,0,6999,6931,5204,1505,22,15,0,185,68,67,1,0,0,0,6999,315,6684,6630,5095,1503,13,14,0,5,54,54,0,0,0,0,5342,3625,1717
San Jacinto County,TX,50,3,7,48,407,1474331589,151948930,26384,13187,30.5742178,-95.1628522,26384,25863,21693,2710,164,123,9,1164,521,484,133,186,41,7,81,5,3,2,10,1,0,7,3,4,1,35,0,2,0,26384,2880,23504,23127,20204,2662,120,120,9,12,377,354,21,0,2,0,20058,19777,16826,2048,126,86,7,684,281,264,15,0,2,0,20058,1693,18365,18143,15930,2018,98,85,7,5,222,210,10,0,2,0,13187,10096,3091
San Patricio County,TX,50,3,7,48,409,1796028941,37539463,64804,26521,28.0117816,-97.5171652,64804,63234,55660,1071,386,537,58,5522,1570,1522,181,260,164,16,698,8,24,6,46,7,1,50,5,45,11,45,2,1,0,64804,35248,29556,29006,27330,902,169,506,46,53,550,525,23,1,1,0,46529,45684,40388,743,290,425,39,3799,845,825,17,2,1,0,46529,23399,23130,22849,21575,664,132,403,33,42,281,268,11,1,1,0,26521,22637,3884
San Saba County,TX,50,3,7,48,411,2940404691,8072103,6131,3177,31.1551375,-98.8192922,6131,6036,5166,204,48,13,0,605,95,92,7,35,15,1,31,3,0,0,0,0,0,0,0,0,0,3,0,0,0,6131,1715,4416,4371,4135,194,28,13,0,1,45,45,0,0,0,0,4846,4784,4166,181,35,10,0,392,62,62,0,0,0,0,4846,1182,3664,3628,3418,179,20,10,0,1,36,36,0,0,0,0,3177,2257,920
Schleicher County,TX,50,3,7,48,413,3394517068,87401,3461,1489,30.8962331,-100.5272161,3461,3365,2780,38,16,4,0,527,96,93,11,14,4,0,59,0,0,0,3,2,0,0,0,0,0,3,0,0,0,3461,1536,1925,1909,1872,32,1,4,0,0,16,15,1,0,0,0,2358,2305,1915,24,15,2,0,349,53,52,1,0,0,0,2358,1018,1340,1329,1308,18,1,2,0,0,11,11,0,0,0,0,1489,1182,307
Scurry County,TX,50,3,7,48,415,2345088415,5439993,16921,6963,32.7444622,-100.9133987,16921,16540,13325,799,106,59,4,2247,381,366,82,54,17,2,176,2,1,0,11,4,0,9,0,8,0,13,1,1,0,16921,6149,10772,10646,9773,764,47,48,2,12,126,123,3,0,0,0,12687,12537,10116,681,80,47,3,1610,150,144,5,0,1,0,12687,3964,8723,8681,7919,669,38,41,2,12,42,42,0,0,0,0,6963,5838,1125
Shackelford County,TX,50,3,7,48,417,2367989977,3268197,3378,1754,32.7437882,-99.3470453,3378,3316,3145,29,19,9,1,113,62,62,23,17,5,0,12,0,0,0,4,0,0,1,0,0,0,0,0,0,0,3378,340,3038,2995,2961,14,8,9,1,2,43,43,0,0,0,0,2544,2514,2411,14,14,4,0,71,30,30,0,0,0,0,2544,211,2333,2309,2288,8,7,4,0,2,24,24,0,0,0,0,1754,1367,387
Shelby County,TX,50,3,7,48,419,2060551461,101096376,25448,11873,31.7901368,-94.1425654,25448,25090,17467,4432,89,81,0,3021,358,342,83,61,18,5,113,11,4,2,28,1,0,9,1,0,6,14,2,0,0,25448,4164,21284,21103,16535,4414,61,76,0,17,181,173,6,2,0,0,18721,18541,13470,3188,63,61,0,1759,180,172,6,2,0,0,18721,2433,16288,16195,12898,3180,46,61,0,10,93,86,5,2,0,0,11873,9648,2225
Sherman County,TX,50,3,7,48,421,2390650564,428754,3034,1252,36.2776278,-101.8947164,3034,2988,2680,14,23,7,0,264,46,46,1,20,1,0,19,0,0,0,0,0,0,2,0,3,0,0,0,0,0,3034,1227,1807,1792,1762,12,11,6,0,1,15,15,0,0,0,0,2118,2091,1895,11,13,5,0,167,27,27,0,0,0,0,2118,719,1399,1389,1368,9,7,4,0,1,10,10,0,0,0,0,1252,1081,171
Smith County,TX,50,3,7,48,423,2386555662,73211865,209714,87309,32.3770925,-95.2696296,209714,205556,147086,37629,1141,2597,79,17024,4158,3986,1159,766,399,57,1112,108,64,9,150,16,4,51,7,67,17,164,7,1,0,209714,36088,173626,171013,130246,37195,734,2550,63,225,2613,2493,115,4,1,0,155918,153882,113621,27315,839,1858,59,10190,2036,1945,85,5,1,0,155918,21488,134430,133168,103486,27091,581,1834,47,129,1262,1198,59,4,1,0,87309,79055,8254
Somervell County,TX,50,3,7,48,425,482937084,14222771,8490,3674,32.217942,-97.7692109,8490,8260,7220,57,72,53,1,857,230,226,21,80,22,2,91,2,0,0,3,0,0,2,0,2,1,4,0,0,0,8490,1626,6864,6759,6595,54,45,40,1,24,105,105,0,0,0,0,6244,6115,5476,15,53,32,0,539,129,127,2,0,0,0,6244,986,5258,5195,5110,14,34,25,0,12,63,63,0,0,0,0,3674,3078,596
Starr County,TX,50,3,7,48,427,3168018574,15302285,60968,19526,26.5463354,-98.7158034,60968,60675,58585,69,77,133,0,1811,293,280,13,25,21,6,201,0,0,0,0,0,0,11,0,3,0,13,0,0,0,60968,58337,2631,2605,2449,15,17,119,0,5,26,26,0,0,0,0,40290,40084,38663,42,49,93,0,1237,206,201,5,0,0,0,40290,38490,1800,1784,1674,9,12,85,0,4,16,16,0,0,0,0,19526,17001,2525
Stephens County,TX,50,3,7,48,429,2322492721,64133847,9630,4938,32.7315311,-98.8400811,9630,9469,8161,201,51,32,1,1023,161,157,18,23,9,4,94,4,0,0,1,0,0,3,1,0,0,4,0,0,0,9630,2011,7619,7559,7289,195,43,31,1,0,60,57,3,0,0,0,7325,7254,6346,157,38,25,1,687,71,68,3,0,0,0,7325,1251,6074,6045,5832,157,31,24,1,0,29,27,2,0,0,0,4938,3665,1273
Sterling County,TX,50,3,7,48,431,2391727824,167453,1143,615,31.8357739,-101.0549111,1143,1121,1013,14,23,0,0,71,22,22,8,8,0,0,6,0,0,0,0,0,0,0,0,0,0,0,0,0,0,1143,365,778,761,733,13,13,0,0,2,17,17,0,0,0,0,864,855,776,11,15,0,0,53,9,9,0,0,0,0,864,258,606,598,579,10,7,0,0,2,8,8,0,0,0,0,615,440,175
Stonewall County,TX,50,3,7,48,433,2373240591,10177654,1490,928,33.1795797,-100.2538069,1490,1461,1306,39,8,14,0,94,29,28,6,11,2,0,7,0,0,0,2,0,0,0,0,0,0,1,0,0,0,1490,209,1281,1262,1206,38,4,14,0,0,19,18,1,0,0,0,1151,1136,1036,28,6,7,0,59,15,14,1,0,0,0,1151,129,1022,1010,972,27,4,7,0,0,12,11,1,0,0,0,928,642,286
Sutton County,TX,50,3,7,48,435,3765651337,1277067,4128,2031,30.5178648,-100.5053952,4128,4065,3662,17,17,8,0,361,63,63,14,5,0,0,35,0,0,0,7,0,0,1,0,1,0,0,0,0,0,4128,2459,1669,1659,1639,6,2,5,0,7,10,10,0,0,0,0,2994,2957,2668,14,12,6,0,257,37,37,0,0,0,0,2994,1673,1321,1316,1300,5,2,5,0,4,5,5,0,0,0,0,2031,1550,481
Swisher County,TX,50,3,7,48,437,2305501907,27278704,7854,3221,34.5304596,-101.7328522,7854,7703,5901,566,72,10,4,1150,151,138,37,43,0,1,34,7,0,0,10,1,0,1,0,4,0,8,2,3,0,7854,3149,4705,4629,4025,552,37,5,4,6,76,76,0,0,0,0,5802,5730,4528,431,46,9,4,712,72,67,2,0,3,0,5802,2046,3756,3723,3259,427,24,5,4,4,33,33,0,0,0,0,3221,2762,459
Tarrant County,TX,50,3,7,48,439,2236735560,100223390,1809034,714803,32.77204,-97.2912913,1809034,1754757,1205530,268983,11827,84561,3184,180672,54277,51064,10416,7738,8526,727,15731,1488,1015,211,2217,287,42,621,413,1293,339,2970,215,24,4,1809034,482977,1326057,1295501,937135,262522,7037,83378,2938,2491,30556,28622,1795,123,13,3,1301973,1274281,903986,184259,8374,62283,2109,113270,27692,26127,1448,93,20,4,1301973,298169,1003804,988343,736930,180989,5367,61633,1972,1452,15461,14473,918,55,12,3,714803,657134,57669
Taylor County,TX,50,3,7,48,441,2371267567,9721168,131506,55750,32.2956844,-99.8932198,131506,127236,104409,9699,892,2073,123,10040,4270,4012,1067,687,581,45,1094,72,88,7,203,12,4,46,33,62,11,247,8,3,0,131506,29074,102432,99991,88121,9122,532,1978,105,133,2441,2298,137,6,0,0,99348,97283,81473,6667,685,1672,92,6694,2065,1968,88,6,3,0,99348,18357,80991,79741,71102,6428,431,1625,80,75,1250,1187,59,4,0,0,55750,50725,5025
Terrell County,TX,50,3,7,48,443,6107258291,105938,984,700,30.2323316,-102.0725386,984,969,828,7,9,4,0,121,15,15,2,4,1,0,5,0,0,0,0,0,0,3,0,0,0,0,0,0,0,984,467,517,512,495,6,7,4,0,0,5,5,0,0,0,0,766,754,649,6,8,2,0,89,12,12,0,0,0,0,766,343,423,420,407,5,6,2,0,0,3,3,0,0,0,0,700,430,270
Terry County,TX,50,3,7,48,445,2302083249,5443913,12651,4828,33.171229,-102.339284,12651,12327,10283,605,78,30,0,1331,324,314,35,43,8,6,179,0,2,1,10,4,7,11,0,7,1,10,0,0,0,12651,6211,6440,6368,5747,565,28,23,0,5,72,71,1,0,0,0,9372,9183,7685,469,55,25,0,949,189,183,6,0,0,0,9372,4167,5205,5163,4663,455,21,21,0,3,42,41,1,0,0,0,4828,4200,628
Throckmorton County,TX,50,3,7,48,447,2363499284,7586203,1641,1079,33.1707121,-99.2061367,1641,1628,1555,11,12,7,0,43,13,13,1,7,2,1,2,0,0,0,0,0,0,0,0,0,0,0,0,0,0,1641,152,1489,1480,1453,9,11,7,0,0,9,9,0,0,0,0,1275,1269,1218,5,12,3,0,31,6,6,0,0,0,0,1275,94,1181,1175,1156,5,11,3,0,0,6,6,0,0,0,0,1079,721,358
Titus County,TX,50,3,7,48,449,1051675541,50735856,32334,12054,33.214599,-94.9667825,32334,31580,21848,3091,354,237,16,6034,754,735,109,110,28,11,380,13,4,0,35,1,4,15,0,21,4,19,0,0,0,32334,12799,19535,19290,15904,3000,125,229,9,23,245,241,4,0,0,0,22451,22082,15921,2221,209,169,13,3549,369,356,13,0,0,0,22451,7316,15135,15021,12578,2175,84,165,9,10,114,110,4,0,0,0,12054,10813,1241
Tom Green County,TX,50,3,7,48,451,3941889598,48104792,110224,46571,31.4015829,-100.4613549,110224,107093,90069,4445,877,1118,100,10484,3131,2968,579,496,425,48,1105,44,42,3,103,7,3,51,21,28,13,156,6,0,1,110224,39315,70909,69455,63799,3997,406,1046,78,129,1454,1367,83,4,0,0,84290,82494,70207,3356,636,891,68,7336,1796,1704,88,3,0,1,84290,26516,57774,56862,52368,3169,328,854,56,87,912,851,58,3,0,0,46571,42331,4240
Travis County,TX,50,3,7,48,453,2564612388,84967219,1024266,441240,30.2395128,-97.6912697,1024266,990434,709814,87308,8555,59333,718,124706,33832,31719,4984,4677,7190,344,9674,588,556,67,1372,160,25,743,263,924,152,1920,168,23,2,1024266,342766,681500,663817,517644,82805,2611,58404,540,1813,17683,16479,1102,87,14,1,779229,759184,559807,63303,5905,46646,568,82955,20045,18872,1069,84,18,2,779229,228123,551106,540498,429849,60875,2117,46016,445,1196,10608,9899,650,46,12,1,441240,404467,36773
Trinity County,TX,50,3,7,48,455,1796435449,52733267,14585,8713,31.0874829,-95.1532906,14585,14370,12302,1378,69,42,3,576,215,209,47,80,25,1,47,2,2,0,0,5,0,0,0,0,0,6,0,0,0,14585,1117,13468,13302,11819,1377,57,36,0,13,166,160,6,0,0,0,11544,11417,9955,1029,44,32,2,355,127,122,5,0,0,0,11544,689,10855,10757,9655,1028,39,29,0,6,98,93,5,0,0,0,8713,6142,2571
Tyler County,TX,50,3,7,48,457,2394445956,28806206,21766,10579,30.7695792,-94.3794486,21766,21502,17930,2390,115,51,6,1010,264,254,83,99,10,2,40,5,1,5,7,0,0,2,0,0,0,10,0,0,0,21766,1487,20279,20061,17507,2376,104,49,6,19,218,208,10,0,0,0,17414,17269,14216,1971,84,37,5,956,145,142,3,0,0,0,17414,1249,16165,16048,13962,1959,77,35,5,10,117,114,3,0,0,0,10579,8007,2572
Upshur County,TX,50,3,7,48,459,1509825676,24998197,39309,16613,32.7358779,-94.9416491,39309,38461,33466,3416,259,150,3,1167,848,825,245,314,43,14,145,27,3,0,8,2,0,13,2,8,1,22,1,0,0,39309,2613,36696,36035,32257,3388,206,146,3,35,661,642,19,0,0,0,29587,29201,25621,2569,196,104,3,708,386,376,9,1,0,0,29587,1516,28071,27757,24919,2552,158,102,3,23,314,306,8,0,0,0,16613,14925,1688
Upton County,TX,50,3,7,48,461,3215013323,464312,3355,1548,31.3538489,-102.0420128,3355,3286,2516,63,58,0,0,649,69,66,9,12,1,2,38,0,0,0,1,0,0,2,0,1,0,3,0,0,0,3355,1644,1711,1692,1611,49,28,0,0,4,19,18,1,0,0,0,2440,2396,1857,41,37,0,0,461,44,42,2,0,0,0,2440,1107,1333,1318,1263,36,17,0,0,2,15,15,0,0,0,0,1548,1256,292
Uvalde County,TX,50,3,7,48,463,4019520455,17322264,26405,10811,29.3503398,-99.7610739,26405,25621,20631,170,146,134,6,4534,784,760,19,59,30,4,578,2,1,0,25,2,0,25,0,5,10,24,0,0,0,26405,18299,8106,7995,7666,110,62,116,6,35,111,104,7,0,0,0,18772,18284,14986,108,103,92,6,2989,488,472,16,0,0,0,18772,12127,6645,6579,6356,74,38,83,6,22,66,62,4,0,0,0,10811,9025,1786
Val Verde County,TX,50,3,7,48,465,8144863995,227711342,48879,18651,29.8849608,-101.1466458,48879,47869,41534,746,240,238,44,5067,1010,961,104,84,98,16,557,19,7,0,23,1,0,20,9,14,9,39,8,2,0,48879,39199,9680,9470,8548,563,86,207,37,29,210,191,14,4,1,0,34315,33641,29324,533,166,173,28,3417,674,642,24,6,2,0,34315,26404,7911,7769,7062,434,69,162,26,16,142,125,12,4,1,0,18651,15654,2997
Van Zandt County,TX,50,3,7,48,467,2182211358,44167094,52579,22817,32.5589476,-95.8363905,52579,51613,47784,1427,457,171,33,1741,966,936,186,416,51,5,214,20,1,1,9,4,0,19,0,10,0,30,0,0,0,52579,4847,47732,47076,45087,1403,371,168,32,15,656,647,9,0,0,0,39929,39427,36804,1034,328,128,18,1115,502,490,12,0,0,0,39929,2894,37035,36655,35208,1021,275,126,18,7,380,374,6,0,0,0,22817,20047,2770
Victoria County,TX,50,3,7,48,469,2284739169,17334151,86793,35417,28.7963699,-96.9711977,86793,84698,69013,5513,503,899,23,8747,2095,2009,406,278,129,21,896,19,12,3,117,2,0,51,12,39,24,72,11,3,0,86793,38113,48680,47938,41564,5190,199,860,16,109,742,706,30,6,0,0,63616,62565,51905,3850,341,648,18,5803,1051,1005,42,2,2,0,63616,25096,38520,38179,33580,3735,157,626,15,66,341,322,18,1,0,0,35417,32187,3230
Walker County,TX,50,3,7,48,471,2030987606,44898006,67861,24058,30.7430899,-95.5698884,67861,66466,45511,15257,302,631,28,4737,1395,1321,340,277,118,4,424,50,18,9,37,2,2,14,8,13,5,59,15,0,0,67861,11389,56472,55663,39671,15098,186,617,19,72,809,766,35,8,0,0,56543,55691,38645,12683,247,533,22,3561,852,810,36,6,0,0,56543,8580,47963,47492,34173,12578,157,523,19,42,471,442,25,4,0,0,24058,20969,3089
Waller County,TX,50,3,7,48,473,1329777937,11365575,43205,15839,30.0135781,-95.9821022,43205,42253,25254,10739,354,214,10,5682,952,898,238,125,29,3,344,36,10,1,51,0,0,39,5,8,9,47,6,1,0,43205,12536,30669,30214,19260,10537,141,213,9,54,455,420,28,6,1,0,32549,32011,19143,8852,241,164,8,3603,538,508,26,3,1,0,32549,7755,24794,24516,15455,8737,115,163,7,39,278,255,19,3,1,0,15839,14040,1799
Ward County,TX,50,3,7,48,475,2164200161,624207,10658,4694,31.5130687,-103.1051127,10658,10309,8227,522,98,32,1,1429,349,335,53,52,4,2,187,5,3,3,15,0,0,5,0,3,3,14,0,0,0,10658,5074,5584,5484,4922,474,48,31,0,9,100,99,1,0,0,0,7738,7567,6160,324,66,24,1,992,171,168,3,0,0,0,7738,3350,4388,4332,3958,311,35,23,0,5,56,56,0,0,0,0,4694,3995,699
Washington County,TX,50,3,7,48,477,1564232347,46094330,33718,15514,30.2150752,-96.4102717,33718,33186,25008,5947,99,445,8,1679,532,506,133,85,30,4,152,19,12,6,39,0,0,10,1,11,4,22,3,1,0,33718,4641,29077,28789,22394,5861,61,432,7,34,288,273,13,1,1,0,26268,25993,20092,4379,73,337,7,1105,275,254,18,2,1,0,26268,2870,23398,23240,18498,4342,48,329,6,17,158,146,10,1,1,0,15514,13037,2477
Webb County,TX,50,3,7,48,479,8706199011,36537745,250304,73496,27.7705836,-99.3266413,250304,246615,220201,1132,1006,1464,30,22782,3689,3582,172,141,194,25,2705,12,5,1,80,21,2,115,2,86,21,97,7,1,2,250304,239653,10651,10388,8345,487,95,1320,11,130,263,248,13,2,0,0,162146,159701,142861,724,618,1073,27,14398,2445,2381,56,5,1,2,162146,154184,7962,7778,6254,356,80,986,10,92,184,173,9,2,0,0,73496,67106,6390
Wharton County,TX,50,3,7,48,481,2813115336,21289070,41280,17127,29.2784805,-96.2296745,41280,40529,29793,5817,161,160,2,4596,751,728,123,86,28,12,368,8,7,3,76,0,0,9,1,5,2,20,1,1,1,41280,15445,25835,25593,19681,5668,62,154,2,26,242,234,5,1,1,1,30208,29823,22377,4227,116,126,2,2975,385,377,6,1,1,0,30208,9896,20312,20183,15827,4163,52,122,2,17,129,125,2,1,1,0,17127,15132,1995
Wheeler County,TX,50,3,7,48,483,2368603566,2481251,5410,2730,35.3925926,-100.2531067,5410,5287,4469,113,44,23,0,638,123,122,23,29,8,0,46,3,0,0,9,0,0,4,0,0,0,1,0,0,0,5410,1344,4066,4005,3847,112,20,23,0,3,61,60,1,0,0,0,4039,3976,3477,76,33,20,0,370,63,62,1,0,0,0,4039,762,3277,3244,3128,75,18,20,0,3,33,32,1,0,0,0,2730,2181,549
Wichita County,TX,50,3,7,48,485,1625932680,13830886,131500,55566,33.9911025,-98.7168508,131500,127674,101331,13811,1394,2669,101,8368,3826,3560,934,735,586,46,820,105,50,6,121,7,2,48,47,37,16,240,23,3,0,131500,21859,109641,107190,90001,13322,1087,2586,85,109,2451,2285,151,14,1,0,101091,99104,79648,10417,989,2096,80,5874,1987,1875,101,9,2,0,101091,14106,86985,85635,72445,10210,789,2055,71,65,1350,1268,73,9,0,0,55566,49016,6550
Wilbarger County,TX,50,3,7,48,487,2514474467,18257915,13535,6318,34.0849199,-99.2424397,13535,13191,10585,1086,145,98,6,1271,344,326,71,72,23,3,125,3,0,0,10,0,0,6,1,7,5,17,0,1,0,13535,3508,10027,9858,8585,1049,115,97,6,6,169,160,8,0,1,0,10068,9890,8090,767,101,81,4,847,178,171,6,0,1,0,10068,2171,7897,7806,6876,758,85,80,4,3,91,87,3,0,1,0,6318,5289,1029
Willacy County,TX,50,3,7,48,489,1529528675,501715776,22134,7040,26.4810918,-97.5842235,22134,21726,18995,473,63,140,7,2048,408,395,37,23,17,0,276,1,0,0,14,0,0,15,4,7,1,13,0,0,0,22134,19297,2837,2790,2235,389,22,134,1,9,47,47,0,0,0,0,16203,15953,13984,415,37,130,2,1385,250,245,5,0,0,0,16203,13841,2362,2342,1819,373,15,127,0,8,20,20,0,0,0,0,7040,5764,1276
Williamson County,TX,50,3,7,48,491,2896391221,41793130,422679,162773,30.6490296,-97.6050692,422679,409198,330191,26196,2629,20433,413,29336,13481,12566,2575,2050,2894,237,3181,176,236,49,424,57,6,161,134,321,65,832,69,10,4,422679,98034,324645,316664,269481,24744,1340,20084,354,661,7981,7410,518,40,10,3,301227,295098,241822,17696,1780,14359,301,19140,6129,5759,341,24,4,1,301227,60755,240472,236737,203883,17019,1010,14146,266,413,3735,3478,235,17,4,1,162773,152606,10167
Wilson County,TX,50,3,7,48,493,2081658340,12115898,42918,16766,29.1743028,-98.0858986,42918,41999,38231,701,281,163,9,2614,919,873,101,237,105,10,370,4,4,4,8,0,0,20,2,4,4,45,1,0,0,42918,16412,26506,26132,25186,644,125,143,9,25,374,361,12,1,0,0,31584,31064,28366,533,200,130,6,1829,520,490,29,1,0,0,31584,11098,20486,20265,19517,509,98,120,6,15,221,212,8,1,0,0,16766,15009,1757
Winkler County,TX,50,3,7,48,495,2178456075,414376,7110,3027,31.8314155,-103.055986,7110,6892,5238,156,71,17,0,1410,218,216,17,28,2,0,134,1,0,0,16,0,0,10,3,5,0,2,0,0,0,7110,3824,3286,3241,3024,129,29,16,0,43,45,45,0,0,0,0,5001,4884,3843,103,46,13,0,879,117,115,2,0,0,0,5001,2453,2548,2525,2378,94,19,13,0,21,23,23,0,0,0,0,3027,2578,449
Wise County,TX,50,3,7,48,497,2342442771,47038683,59127,23781,33.2190947,-97.6539968,59127,57889,52448,627,461,244,16,4093,1238,1212,124,454,111,12,461,4,1,1,9,3,0,27,1,3,1,26,0,0,0,59127,10112,49015,48320,47122,573,341,234,15,35,695,674,21,0,0,0,43724,43050,39428,486,319,173,15,2629,674,659,15,0,0,0,43724,6156,37568,37152,36236,465,245,169,14,23,416,403,13,0,0,0,23781,21015,2766
Wood County,TX,50,3,7,48,499,1671149162,130753910,41964,20861,32.7835881,-95.3821664,41964,41371,37213,1972,280,161,21,1724,593,566,144,240,33,7,101,11,5,1,3,4,1,7,2,7,0,21,3,3,0,41964,3551,38413,37953,35628,1951,198,156,12,8,460,443,11,3,3,0,33436,33106,30043,1629,216,106,13,1099,330,313,11,3,3,0,33436,2174,31262,30997,29103,1614,160,105,9,6,265,252,7,3,3,0,20861,17118,3743
Yoakum County,TX,50,3,7,48,501,2071234660,34329,7879,2978,33.1723972,-102.8237706,7879,7669,5868,70,59,31,1,1640,210,207,25,45,5,0,103,0,0,0,8,0,0,20,0,0,1,3,0,0,0,7879,4622,3257,3207,3090,55,30,26,1,5,50,49,1,0,0,0,5378,5261,4103,53,47,24,1,1033,117,116,1,0,0,0,5378,2870,2508,2481,2386,46,23,21,1,4,27,26,1,0,0,0,2978,2643,335
Young County,TX,50,3,7,48,503,2368460066,42451698,18550,8622,33.1587871,-98.6782671,18550,18192,16748,232,138,65,5,1004,358,350,60,96,23,3,129,6,0,0,6,7,2,6,8,3,1,8,0,0,0,18550,3045,15505,15326,14959,220,83,55,5,4,179,178,1,0,0,0,14091,13900,12915,175,95,52,3,660,191,189,2,0,0,0,14091,1860,12231,12127,11850,167,61,45,3,1,104,103,1,0,0,0,8622,7343,1279
Zapata County,TX,50,3,7,48,505,2585876105,154370954,14018,6203,26.9969806,-99.1826027,14018,13940,13122,19,42,32,0,725,78,77,5,8,5,0,55,0,0,0,2,0,0,0,0,2,0,1,0,0,0,14018,13084,934,922,861,11,16,28,0,6,12,12,0,0,0,0,9213,9168,8632,14,25,21,0,476,45,44,1,0,0,0,9213,8411,802,795,748,9,14,20,0,4,7,7,0,0,0,0,6203,4297,1906
Zavala County,TX,50,3,7,48,507,3360266896,11209840,11677,4283,28.8646523,-99.7598304,11677,11513,10301,89,41,4,16,1062,164,155,23,12,5,0,100,0,0,0,4,1,0,7,0,3,0,7,0,2,0,11677,10961,716,700,647,35,9,3,3,3,16,14,0,0,2,0,8017,7906,7097,39,29,4,7,730,111,105,4,0,2,0,8017,7445,572,561,528,19,8,3,0,3,11,9,0,0,2,0,4283,3573,710
Beaver County,UT,50,4,8,49,1,6707757757,5330823,6629,2908,38.357535,-113.2389481,6629,6536,5900,16,76,70,19,455,93,89,6,29,13,4,30,0,0,1,0,0,0,3,2,1,0,4,0,0,0,6629,716,5913,5859,5700,14,50,70,17,8,54,51,3,0,0,0,4385,4343,3948,10,50,52,14,269,42,40,2,0,0,0,4385,405,3980,3951,3839,8,36,52,13,3,29,28,1,0,0,0,2908,2265,643
Box Elder County,UT,50,4,8,49,3,14880907163,2547942103,49975,17326,41.476021,-113.052922,49975,48858,45861,172,412,443,84,1886,1117,1054,92,327,224,26,287,5,7,1,16,5,5,33,6,14,6,63,0,0,0,49975,4152,45823,45129,44109,139,329,430,78,44,694,658,36,0,0,0,32997,32565,30690,60,280,338,37,1160,432,416,16,0,0,0,32997,2351,30646,30352,29698,42,234,329,31,18,294,282,12,0,0,0,17326,16058,1268
Cache County,UT,50,4,8,49,5,3016851000,21264707,112656,37024,41.7342254,-111.7445805,112656,110511,100397,697,690,2122,436,6169,2145,1989,229,472,509,163,465,6,14,6,16,5,7,37,23,15,22,144,10,2,0,112656,11216,101440,100018,96283,596,531,2096,411,101,1422,1316,98,6,2,0,77017,76081,69554,449,452,1681,261,3684,936,877,53,4,2,0,77017,6411,70606,69978,67245,383,364,1668,252,66,628,586,38,2,2,0,37024,34722,2302
Carbon County,UT,50,4,8,49,7,3829279233,15773974,21403,9551,39.6700496,-110.5903568,21403,20898,19757,93,252,125,23,648,505,488,63,198,46,14,132,3,1,0,9,1,0,9,2,9,1,15,2,0,0,21403,2659,18744,18436,18007,84,186,122,20,17,308,299,8,1,0,0,15681,15411,14605,58,175,99,11,463,270,261,8,1,0,0,15681,1697,13984,13815,13507,53,132,98,10,15,169,163,6,0,0,0,9551,7978,1573
Daggett County,UT,50,4,8,49,9,1805167690,61461652,1059,1141,40.890099,-109.5057855,1059,1048,1016,4,8,4,1,15,11,11,3,1,3,0,2,0,0,0,0,0,0,1,1,0,0,0,0,0,0,1059,33,1026,1018,1000,4,7,4,1,2,8,8,0,0,0,0,816,809,782,4,6,3,1,13,7,7,0,0,0,0,816,25,791,787,772,4,5,3,1,2,4,4,0,0,0,0,1141,426,715
Davis County,UT,50,4,8,49,11,773832198,868122919,306479,97570,41.0370451,-112.2021234,306479,298234,275956,3702,1424,5416,1813,9923,8245,7637,1301,1123,2319,598,1540,55,95,36,108,26,25,83,133,131,64,566,39,2,1,306479,25753,280726,274912,263049,3435,1090,5245,1753,340,5814,5403,390,19,1,1,201140,198014,182909,2377,1042,4150,1142,6394,3126,2948,165,10,2,1,201140,15207,185933,183743,175294,2258,819,4062,1122,188,2190,2068,113,7,1,1,97570,93545,4025
Duchesne County,UT,50,4,8,49,13,8394008306,38788291,18607,9493,40.2896487,-110.4298302,18607,18069,16589,44,842,52,51,491,538,520,29,286,26,23,131,5,0,0,0,3,0,17,0,0,0,17,1,0,0,18607,1117,17490,17121,16211,31,771,45,45,18,369,359,9,1,0,0,12298,12068,11090,27,529,45,33,344,230,224,6,0,0,0,12298,682,11616,11441,10853,16,496,38,28,10,175,171,4,0,0,0,9493,6003,3490
Emery County,UT,50,4,8,49,15,11557340590,24591482,10976,4489,39.009028,-110.7211105,10976,10881,10309,26,78,38,9,421,95,91,12,43,15,5,14,0,0,0,0,0,0,1,0,1,0,3,1,0,0,10976,654,10322,10250,10108,25,67,38,9,3,72,68,3,1,0,0,7488,7442,7122,12,47,26,3,232,46,43,2,1,0,0,7488,354,7134,7097,7012,11,42,26,3,3,37,34,2,1,0,0,4489,3732,757
Garfield County,UT,50,4,8,49,17,13403502531,85795383,5172,3726,37.8316224,-111.4508858,5172,5128,4869,22,85,61,10,81,44,43,8,17,5,5,2,1,0,0,1,0,1,0,3,0,0,1,0,0,0,5172,234,4938,4901,4740,13,75,61,10,2,37,36,1,0,0,0,3793,3763,3562,15,63,56,5,62,30,29,1,0,0,0,3793,159,3634,3609,3481,10,55,56,5,2,25,24,1,0,0,0,3726,1930,1796
Grand County,UT,50,4,8,49,19,9509252821,31439319,9225,4816,38.9743261,-109.5734502,9225,9041,8207,29,381,77,3,344,184,175,27,61,25,8,38,3,0,0,0,3,1,8,1,0,0,9,0,0,0,9225,881,8344,8225,7759,27,351,77,3,8,119,111,8,0,0,0,7107,7011,6463,17,231,54,1,245,96,94,2,0,0,0,7107,559,6548,6483,6189,16,217,54,1,6,65,63,2,0,0,0,4816,3889,927
Iron County,UT,50,4,8,49,21,8538363871,11393799,46163,19667,37.8827271,-113.2900593,46163,45084,41848,227,1019,349,139,1502,1079,1011,121,284,204,108,232,6,2,3,5,2,3,18,7,13,3,52,12,4,0,46163,3563,42600,41856,40226,204,907,333,137,49,744,686,43,11,4,0,32219,31687,29592,158,635,283,94,925,532,499,26,5,2,0,32219,2095,30124,29753,28632,142,584,272,93,30,371,343,22,4,2,0,19667,15022,4645
Juab County,UT,50,4,8,49,23,8785958124,36571957,10246,3502,39.7108265,-112.7942622,10246,10096,9831,25,90,22,15,113,150,139,12,65,8,17,30,2,0,0,0,1,0,1,0,0,3,11,0,0,0,10246,379,9867,9769,9631,21,75,22,15,5,98,94,4,0,0,0,6409,6349,6190,10,64,13,7,65,60,57,3,0,0,0,6409,206,6203,6161,6079,6,54,13,7,2,42,41,1,0,0,0,3502,3093,409
Kane County,UT,50,4,8,49,25,10334644139,306367710,7125,5815,37.2751183,-111.8154127,7125,7030,6816,16,104,31,1,62,95,90,12,38,10,2,21,1,1,0,0,0,0,0,3,0,2,5,0,0,0,7125,263,6862,6792,6639,15,103,31,1,3,70,65,5,0,0,0,5396,5337,5183,10,69,30,1,44,59,58,1,0,0,0,5396,161,5235,5191,5080,9,68,30,1,3,44,43,1,0,0,0,5815,2900,2915
Millard County,UT,50,4,8,49,27,17022500900,661655253,12503,4939,39.0945404,-113.5250141,12503,12310,10950,12,125,76,15,1132,193,189,19,56,23,5,74,0,0,2,1,0,3,0,0,6,0,4,0,0,0,12503,1603,10900,10797,10589,10,100,76,15,7,103,100,3,0,0,0,8442,8371,7588,3,85,53,9,633,71,70,1,0,0,0,8442,874,7568,7527,7391,1,70,53,9,3,41,40,1,0,0,0,4939,4201,738
Morgan County,UT,50,4,8,49,29,1577810469,4427355,9469,3006,41.0910273,-111.5778846,9469,9378,9234,16,18,34,10,66,91,84,19,20,16,2,23,3,0,0,0,0,0,0,1,0,0,7,0,0,0,9469,226,9243,9175,9098,15,14,33,10,5,68,62,6,0,0,0,6120,6076,6002,6,9,22,3,34,44,43,1,0,0,0,6120,119,6001,5966,5924,6,7,21,3,5,35,34,1,0,0,0,3006,2820,186
Piute County,UT,50,4,8,49,31,1962668913,20528115,1556,898,38.3358805,-112.1293755,1556,1535,1474,2,5,6,2,46,21,21,6,9,0,0,5,1,0,0,0,0,0,0,0,0,0,0,0,0,0,1556,109,1447,1434,1419,2,5,6,2,0,13,13,0,0,0,0,1088,1081,1049,0,3,4,1,24,7,7,0,0,0,0,1088,59,1029,1025,1017,0,3,4,1,0,4,4,0,0,0,0,898,576,322
Rich County,UT,50,4,8,49,33,2664514120,149136058,2264,2834,41.6275976,-111.2402269,2264,2236,2196,0,16,7,1,16,28,28,6,8,1,0,13,0,0,0,0,0,0,0,0,0,0,0,0,0,0,2264,96,2168,2152,2131,0,16,2,1,2,16,16,0,0,0,0,1560,1551,1526,0,10,4,1,10,9,9,0,0,0,0,1560,51,1509,1504,1489,0,10,2,1,2,5,5,0,0,0,0,2834,805,2029
Salt Lake County,UT,50,4,8,49,35,1922501205,168569885,1029655,364031,40.667882,-111.9242439,1029655,997361,836074,16404,9157,33987,15781,85958,32294,30215,4267,4159,6701,2833,8649,299,224,185,510,139,142,604,619,548,336,1918,133,27,1,1029655,176015,853640,833929,761885,14622,6565,33454,15443,1960,19711,18354,1250,88,19,0,729874,715132,609475,10303,6274,25999,9568,53513,14742,13923,743,59,16,1,729874,107234,622640,613914,563720,9232,4694,25664,9410,1194,8726,8161,514,40,11,0,364031,342622,21409
San Juan County,UT,50,4,8,49,37,20253675635,293096059,14746,5734,37.6230637,-109.7893204,14746,14407,6759,25,7431,37,5,150,339,333,6,190,6,8,49,27,1,0,1,9,9,21,4,1,1,6,0,0,0,14746,649,14097,13845,6474,21,7308,35,5,2,252,248,4,0,0,0,9729,9609,4646,15,4806,27,2,113,120,119,1,0,0,0,9729,346,9383,9294,4490,12,4763,26,2,1,89,88,1,0,0,0,5734,4505,1229
Sanpete County,UT,50,4,8,49,39,4118475669,32075864,27822,10379,39.3805876,-111.570451,27822,27333,25158,229,305,150,138,1353,489,462,44,136,53,43,101,1,1,1,8,2,2,15,44,10,1,27,0,0,0,27822,2619,25203,24867,24109,209,241,145,132,31,336,316,20,0,0,0,19481,19241,17707,171,228,119,107,909,240,226,14,0,0,0,19481,1582,17899,17728,17138,156,188,115,105,26,171,159,12,0,0,0,10379,7952,2427
Sevier County,UT,50,4,8,49,41,4948372346,20259931,20802,8449,38.7468245,-111.8119299,20802,20483,19734,39,230,67,36,377,319,298,36,100,41,22,81,3,0,1,0,1,2,9,2,0,0,16,5,0,0,20802,932,19870,19651,19325,34,197,58,36,1,219,207,12,0,0,0,14202,14066,13607,19,156,37,18,229,136,129,6,1,0,0,14202,499,13703,13607,13400,16,140,33,18,0,96,93,3,0,0,0,8449,7094,1355
Summit County,UT,50,4,8,49,43,4847710464,26571027,36324,26545,40.8720603,-110.9684862,36324,35727,32890,154,122,446,38,2077,597,566,51,97,200,26,148,4,2,1,9,2,0,3,5,11,7,24,2,5,0,36324,4190,32134,31742,31012,110,89,440,31,60,392,365,21,2,4,0,26254,25952,24047,97,86,343,27,1352,302,287,11,1,3,0,26254,2668,23586,23406,22871,63,66,341,24,41,180,166,10,1,3,0,26545,12990,13555
Tooele County,UT,50,4,8,49,45,17978017875,892840669,58218,19455,40.4676916,-113.1240153,58218,56599,52804,406,563,374,220,2232,1619,1521,200,383,240,96,440,3,14,3,25,3,4,45,23,26,16,92,3,3,0,58218,6661,51557,50618,49174,372,464,357,212,39,939,873,66,0,0,0,37200,36605,34156,211,395,274,129,1440,595,565,26,1,3,0,37200,3846,33354,33006,32045,198,342,269,125,27,348,329,19,0,0,0,19455,17971,1484
Uintah County,UT,50,4,8,49,47,11602350635,56186719,32588,11972,40.1258872,-109.5177482,32588,31830,28232,121,2509,166,74,728,758,733,54,348,102,35,132,8,2,1,4,4,12,11,4,11,5,24,1,0,0,32588,2330,30258,29710,26999,96,2375,159,71,10,548,532,15,1,0,0,21731,21388,19016,71,1645,121,42,493,343,338,5,0,0,0,21731,1376,20355,20094,18293,60,1574,116,41,10,261,257,4,0,0,0,11972,10563,1409
Utah County,UT,50,4,8,49,49,5188922666,364307082,516564,148350,40.120409,-111.6686673,516564,502528,461775,2799,3074,7032,3905,23943,14036,12718,1452,2133,3153,2129,2787,65,52,28,106,49,39,106,367,146,106,1204,106,8,0,516564,55793,460771,450863,434708,2421,2374,6912,3817,631,9908,8929,905,68,6,0,334587,328645,302424,1539,1989,5347,2434,14912,5942,5414,485,36,7,0,334587,32868,301719,297562,286604,1318,1566,5270,2401,403,4157,3728,399,24,6,0,148350,140602,7748
Wasatch County,UT,50,4,8,49,51,3044533262,78953594,23530,10577,40.3348838,-111.1615683,23530,23204,21275,79,127,181,29,1513,326,309,42,91,73,19,67,1,0,0,0,2,2,2,2,4,4,17,0,0,0,23530,3184,20346,20125,19818,49,52,168,24,14,221,208,13,0,0,0,15550,15381,14241,39,84,132,18,867,169,160,9,0,0,0,15550,1822,13728,13615,13411,19,39,124,14,8,113,104,9,0,0,0,10577,7287,3290
Washington County,UT,50,4,8,49,53,6284236933,9307859,138115,57734,37.2625308,-113.4878003,138115,134946,123914,790,1869,982,1078,6313,3169,2875,391,651,465,384,677,29,7,19,36,8,19,60,82,19,28,286,7,1,0,138115,13486,124629,122443,118282,632,1460,954,1022,93,2186,1973,206,6,1,0,96429,95137,88189,485,1118,782,676,3887,1292,1190,99,2,1,0,96429,7836,88593,87710,84944,384,909,759,648,66,883,804,77,1,1,0,57734,46334,11400
Wayne County,UT,50,4,8,49,55,6373122094,15054792,2778,1591,38.2612288,-110.9903225,2778,2732,2634,2,13,19,4,60,46,43,4,14,14,3,7,0,0,0,0,0,0,1,0,0,0,3,0,0,0,2778,116,2662,2629,2596,2,8,19,4,0,33,30,3,0,0,0,1940,1925,1862,1,11,16,1,34,15,12,3,0,0,0,1940,64,1876,1864,1840,1,6,16,1,0,12,9,3,0,0,0,1591,1059,532
Weber County,UT,50,4,8,49,57,1492050864,215752373,231236,86187,41.2703552,-111.8758787,231236,224344,197101,3136,1902,2911,614,18680,6892,6389,1086,1299,1407,307,1658,77,43,35,120,25,16,106,68,116,26,470,31,2,0,231236,38711,192525,188294,180638,2748,1271,2784,584,269,4231,3919,287,23,2,0,161925,158766,141218,2175,1338,2319,368,11348,3159,2954,191,13,1,0,161925,22938,138987,136993,131310,1983,955,2244,349,152,1994,1848,137,8,1,0,86187,78748,7439
Addison County,VT,50,1,1,50,1,1984773428,107309272,36821,16760,44.0312479,-73.1415807,36821,36189,35078,283,88,532,6,202,632,587,113,252,165,8,28,8,2,1,3,1,0,4,0,2,0,41,4,0,0,36821,685,36136,35568,34660,269,75,524,5,35,568,536,29,3,0,0,29319,28882,27982,203,77,449,3,168,437,413,20,4,0,0,29319,544,28775,28381,27653,194,64,441,2,27,394,377,14,3,0,0,16760,14084,2676
Bennington County,VT,50,1,1,50,3,1748190656,6931622,37125,20922,43.0353251,-73.1114599,37125,36658,35858,308,94,269,16,113,467,449,126,181,97,3,34,0,3,0,0,0,0,3,1,1,0,18,0,0,0,37125,525,36600,36176,35517,291,71,264,13,20,424,409,15,0,0,0,29522,29275,28690,217,75,202,11,80,247,241,6,0,0,0,29522,346,29176,28943,28459,207,59,197,9,12,233,227,6,0,0,0,20922,15470,5452
Caledonia County,VT,50,1,1,50,5,1680549138,22462605,31227,15942,44.4687907,-72.1121676,31227,30787,30138,167,138,251,1,92,440,423,84,253,56,5,14,4,2,1,3,0,0,1,0,0,0,16,0,1,0,31227,331,30896,30477,29909,150,127,251,1,39,419,405,14,0,0,0,24434,24156,23718,103,114,159,1,61,278,266,11,0,1,0,24434,233,24201,23933,23558,89,105,159,1,21,268,259,9,0,0,0,15942,12553,3389
Chittenden County,VT,50,1,1,50,7,1389731195,214245176,156545,65722,44.4606755,-73.0705246,156545,153537,144752,3319,414,4399,48,605,3008,2826,782,765,889,32,163,48,27,11,20,8,1,7,17,52,4,164,17,1,0,156545,2856,153689,150973,142848,3172,372,4368,41,172,2716,2564,138,13,1,0,125232,123564,117358,2081,325,3295,40,465,1668,1576,83,8,1,0,125232,2054,123178,121659,115957,1981,301,3272,34,114,1519,1440,73,5,1,0,65722,61827,3895
Essex County,VT,50,1,1,50,9,1718710619,30291452,6306,5019,44.7240209,-71.7327362,6306,6223,6138,18,36,22,0,9,83,78,4,59,11,0,3,0,0,0,0,0,0,1,0,0,0,5,0,0,0,6306,59,6247,6169,6094,16,36,22,0,1,78,74,4,0,0,0,5109,5048,4981,13,31,17,0,6,61,57,4,0,0,0,5109,39,5070,5012,4952,11,31,17,0,1,58,55,3,0,0,0,5019,2818,2201
Franklin County,VT,50,1,1,50,11,1641291023,150933050,47746,21588,44.8589643,-72.9094023,47746,46731,45648,213,500,231,14,125,1015,1003,146,687,81,16,43,10,6,1,7,3,0,1,0,2,0,11,1,0,0,47746,571,47175,46223,45290,200,487,223,11,12,952,943,8,1,0,0,35939,35341,34586,126,370,163,14,82,598,591,7,0,0,0,35939,343,35596,35025,34362,119,364,160,11,9,571,567,4,0,0,0,21588,18513,3075
Grand Isle County,VT,50,1,1,50,13,211890629,292297787,6970,5048,44.8017876,-73.3007577,6970,6775,6641,25,66,21,4,18,195,188,15,148,11,3,6,0,0,0,0,0,1,4,0,0,0,7,0,0,0,6970,80,6890,6715,6600,23,64,21,4,3,175,170,5,0,0,0,5553,5428,5328,15,52,14,4,15,125,122,3,0,0,0,5553,53,5500,5381,5296,14,50,14,4,3,119,117,2,0,0,0,5048,2902,2146
Lamoille County,VT,50,1,1,50,15,1188278167,12661498,24475,12969,44.6035041,-72.6383555,24475,24111,23656,149,94,125,4,83,364,341,69,186,44,7,26,2,0,1,0,2,0,0,1,2,1,21,2,0,0,24475,322,24153,23814,23427,142,88,124,3,30,339,319,18,2,0,0,19008,18796,18477,101,74,84,4,56,212,199,11,2,0,0,19008,212,18796,18594,18326,94,68,83,3,20,202,192,8,2,0,0,12969,10014,2955
Orange County,VT,50,1,1,50,17,1779407245,13552112,28936,14845,44.0033924,-72.3696871,28936,28497,28077,110,85,140,3,82,439,409,77,238,51,11,22,1,3,0,0,1,0,1,2,0,2,27,3,0,0,28936,282,28654,28248,27898,107,78,137,3,25,406,378,26,2,0,0,22887,22636,22344,67,68,101,3,53,251,240,10,1,0,0,22887,171,22716,22480,22226,66,65,100,3,20,236,225,10,1,0,0,14845,11887,2958
Orleans County,VT,50,1,1,50,19,1795556430,72249285,27231,16162,44.8284417,-72.25163,27231,26786,26310,162,123,93,9,89,445,418,82,231,57,7,22,6,1,0,2,2,0,3,2,3,0,22,5,0,0,27231,305,26926,26523,26139,152,116,90,9,17,403,385,17,1,0,0,21435,21166,20822,97,105,73,5,64,269,254,14,1,0,0,21435,200,21235,20985,20707,90,100,71,5,12,250,237,12,1,0,0,16162,11320,4842
Rutland County,VT,50,1,1,50,21,2408224790,38744350,61642,33768,43.5808439,-73.0381964,61642,60843,59829,334,150,370,10,150,799,764,222,323,132,18,43,8,2,3,4,0,0,1,3,5,0,30,4,1,0,61642,681,60961,60227,59369,315,135,370,9,29,734,705,26,2,1,0,49760,49268,48508,235,118,288,8,111,492,474,17,1,0,0,49760,457,49303,48846,48201,223,109,288,8,17,457,441,15,1,0,0,33768,25984,7784
Washington County,VT,50,1,1,50,23,1779926134,21213229,59534,29941,44.2749532,-72.6094749,59534,58482,57192,441,151,502,11,185,1052,969,246,420,200,7,55,12,4,1,7,4,2,1,1,8,1,78,2,3,0,59534,995,58539,57572,56473,411,126,495,11,56,967,894,70,1,2,0,47214,46588,45672,291,118,363,10,134,626,578,43,2,3,0,47214,713,46501,45920,45141,271,103,358,10,37,581,539,39,1,2,0,29941,25027,4914
Windham County,VT,50,1,1,50,25,2033930747,33055836,44513,29735,42.9991426,-72.7163348,44513,43642,42412,421,114,463,21,211,871,802,220,362,123,14,49,4,2,0,9,0,3,4,5,6,1,67,1,1,0,44513,820,43693,42934,41906,384,107,460,18,59,759,711,46,1,1,0,35675,35196,34310,294,91,346,19,136,479,446,32,0,1,0,35675,521,35154,34722,33968,272,87,344,16,35,432,409,22,0,1,0,29735,19290,10445
Windsor County,VT,50,1,1,50,27,2510570288,19288908,56670,34118,43.5881434,-72.5915145,56670,55727,54563,327,154,529,13,141,943,886,167,430,195,17,41,13,1,2,8,3,0,6,1,1,1,52,5,0,0,56670,696,55974,55122,54093,311,141,526,12,39,852,807,40,5,0,0,45421,44876,44068,218,120,374,11,85,545,509,33,3,0,0,45421,442,44979,44477,43753,209,113,372,11,19,502,473,26,3,0,0,34118,24753,9365
Accomack County,VA,50,3,5,51,1,1164189289,2228794013,33164,21002,37.7659435,-75.7578073,33164,32625,21662,9303,135,183,40,1302,539,506,158,170,38,12,61,30,12,3,15,0,0,0,5,0,2,33,0,0,0,33164,2850,30314,29871,20266,9253,97,177,34,44,443,416,27,0,0,0,26239,25954,17770,7096,106,135,31,816,285,266,19,0,0,0,26239,1740,24499,24256,16927,7069,83,133,27,17,243,226,17,0,0,0,21002,13798,7204
Albemarle County,VA,50,3,5,51,3,1866599905,14035672,98970,42122,38.0241841,-78.5535056,98970,96592,79738,9600,252,4625,52,2325,2378,2175,779,306,653,26,191,59,50,1,52,9,0,8,13,23,5,180,20,2,1,98970,5417,93553,91579,77130,9487,150,4597,42,173,1974,1814,148,10,1,1,77685,76462,63511,7415,181,3741,33,1581,1223,1110,99,11,2,1,77685,3693,73992,72996,61686,7332,113,3723,27,115,996,907,82,5,1,1,42122,38157,3965
Alleghany County,VA,50,3,5,51,5,1153727336,8535515,16250,8074,37.7879048,-80.008669,16250,16030,15145,761,29,37,11,47,220,216,124,52,13,2,11,12,0,0,1,0,0,0,0,0,1,4,0,0,0,16250,176,16074,15870,15040,751,25,37,11,6,204,200,4,0,0,0,12800,12703,12032,584,24,26,9,28,97,94,3,0,0,0,12800,110,12690,12600,11964,579,20,26,9,2,90,87,3,0,0,0,8074,6891,1183
Amelia County,VA,50,3,5,51,7,920142596,8424838,12690,5359,37.3361313,-77.9732178,12690,12511,9332,2932,56,27,4,160,179,165,57,58,13,0,10,11,0,0,8,1,0,2,3,1,1,14,0,0,0,12690,290,12400,12234,9233,2925,39,27,0,10,166,152,14,0,0,0,9868,9784,7294,2314,48,17,1,110,84,78,6,0,0,0,9868,193,9675,9597,7230,2309,35,17,0,6,78,72,6,0,0,0,5359,4821,538
Amherst County,VA,50,3,5,51,9,1227484444,12730183,32353,13976,37.6303621,-79.1478477,32353,31665,24829,6148,298,154,7,229,688,619,295,150,58,5,38,49,9,1,4,2,0,4,1,3,0,65,4,0,0,32353,625,31728,31095,24491,6104,296,153,7,44,633,568,62,3,0,0,25413,25086,19749,4832,237,121,5,142,327,281,42,4,0,0,25413,423,24990,24692,19515,4797,235,120,5,20,298,255,40,3,0,0,13976,12560,1416
Appomattox County,VA,50,3,5,51,11,863744566,3204517,14973,6921,37.3707253,-78.8109404,14973,14724,11597,3007,32,35,4,49,249,237,150,36,16,0,9,19,1,0,3,0,0,3,0,0,0,12,0,0,0,14973,167,14806,14571,11483,2998,28,35,4,23,235,223,12,0,0,0,11648,11556,9235,2234,30,26,4,27,92,85,7,0,0,0,11648,109,11539,11455,9163,2230,26,26,4,6,84,77,7,0,0,0,6921,6033,888
Arlington County,VA,50,3,5,51,13,67273573,244125,207627,105404,38.8783374,-77.1007034,207627,199850,148970,17632,971,19931,171,12175,7777,7256,976,643,2912,98,1450,152,180,14,161,41,7,229,93,259,41,479,39,3,0,207627,31382,176245,170949,132961,17088,394,19762,133,611,5296,4953,311,30,2,0,175001,169884,128150,14494,785,17050,139,9266,5117,4765,318,32,2,0,175001,24100,150901,147558,115717,14085,342,16920,112,382,3343,3113,205,24,1,0,105404,98050,7354
Augusta County,VA,50,3,5,51,15,2504515631,9987990,73750,31194,38.1678073,-79.1466816,73750,72839,68848,2930,160,368,15,518,911,873,351,240,127,15,94,12,2,0,14,5,0,0,0,8,5,36,2,0,0,73750,1525,72225,71451,68011,2881,141,365,13,40,774,741,31,2,0,0,57995,57567,54325,2514,115,276,12,325,428,410,16,2,0,0,57995,908,57087,56708,53813,2490,109,273,11,12,379,361,16,2,0,0,31194,28516,2678
Bath County,VA,50,3,5,51,17,1370512659,14049862,4731,3270,38.0689876,-79.732898,4731,4693,4432,222,5,7,0,27,38,38,14,11,6,0,1,0,2,2,0,0,0,1,0,1,0,0,0,0,0,4731,101,4630,4593,4363,213,5,7,0,5,37,37,0,0,0,0,3927,3901,3686,192,5,7,0,11,26,26,0,0,0,0,3927,64,3863,3838,3640,186,5,7,0,0,25,25,0,0,0,0,3270,2162,1108
Bedford County,VA,50,3,5,51,19,1950314965,42043879,68676,31937,37.3124079,-79.5279466,68676,67885,62775,3942,181,707,14,266,791,742,261,221,148,10,65,12,7,1,4,0,5,4,1,1,2,47,2,0,0,68676,1090,67586,66877,62035,3909,172,700,14,47,709,666,41,2,0,0,53371,52999,49106,3133,140,439,11,170,372,343,29,0,0,0,53371,662,52709,52367,48649,3113,135,435,11,24,342,316,26,0,0,0,31937,27465,4472
Bland County,VA,50,3,5,51,21,926503435,2598063,6824,3265,37.1306124,-81.1258532,6824,6775,6517,228,1,18,1,10,49,47,18,25,1,0,3,0,0,0,0,0,0,0,0,0,0,2,0,0,0,6824,39,6785,6742,6494,228,1,18,1,0,43,42,1,0,0,0,5604,5575,5339,214,0,15,1,6,29,28,1,0,0,0,5604,31,5573,5548,5318,214,0,15,1,0,25,25,0,0,0,0,3265,2566,699
Botetourt County,VA,50,3,5,51,23,1401706839,12195597,33148,14562,37.553193,-79.8053176,33148,32802,31469,1005,87,175,3,63,346,328,111,123,64,2,16,3,0,0,2,0,0,0,4,0,3,17,1,0,0,33148,356,32792,32460,31212,987,76,174,2,9,332,318,14,0,0,0,25714,25550,24526,786,61,132,2,43,164,154,9,1,0,0,25714,224,25490,25333,24362,778,55,131,2,5,157,150,7,0,0,0,14562,13126,1436
Brunswick County,VA,50,3,5,51,25,1466381601,8317961,17434,8166,36.7645309,-77.8609162,17434,17270,7048,9992,39,49,7,135,164,142,73,25,7,0,3,24,2,0,8,0,0,0,0,0,0,20,2,0,0,17434,298,17136,16982,6943,9944,35,47,4,9,154,137,16,1,0,0,14067,13982,5935,7867,32,42,5,101,85,69,15,1,0,0,14067,200,13867,13787,5872,7837,29,40,4,5,80,67,13,0,0,0,8166,6366,1800
Buchanan County,VA,50,3,5,51,27,1302149008,2798065,24098,11576,37.2681198,-82.0381508,24098,23985,23271,616,19,53,2,24,113,103,23,55,12,3,5,1,0,0,4,0,0,0,0,0,0,10,0,0,0,24098,95,24003,23896,23205,614,18,53,2,4,107,97,10,0,0,0,19585,19506,18899,532,15,50,2,8,79,74,5,0,0,0,19585,58,19527,19450,18850,531,15,50,2,2,77,72,5,0,0,0,11576,9968,1608
Buckingham County,VA,50,3,5,51,29,1501304577,10098910,17146,7244,37.573928,-78.5291687,17146,16870,10644,6014,44,63,2,103,276,262,161,47,6,3,11,9,4,4,4,1,0,11,0,1,0,14,0,0,0,17146,288,16858,16598,10494,5979,44,63,1,17,260,249,11,0,0,0,13849,13737,8638,4938,40,48,2,71,112,108,4,0,0,0,13849,200,13649,13544,8533,4914,40,48,1,8,105,101,4,0,0,0,7244,5965,1279
Campbell County,VA,50,3,5,51,31,1305008854,8962147,54842,24769,37.210151,-79.0954285,54842,53915,45024,7767,143,546,16,419,927,860,416,203,78,8,58,55,6,1,12,0,0,2,2,16,3,63,4,0,0,54842,918,53924,53084,44595,7737,142,543,11,56,840,783,53,4,0,0,42798,42388,35545,6039,112,391,15,286,410,375,33,2,0,0,42798,639,42159,41788,35244,6019,111,388,10,16,371,340,29,2,0,0,24769,22441,2328
Caroline County,VA,50,3,5,51,33,1366252458,24233022,28545,11729,38.0303193,-77.3523482,28545,27710,18649,8375,213,178,22,273,835,715,324,154,74,7,58,52,20,2,9,0,0,1,5,9,0,108,12,0,0,28545,959,27586,26868,18145,8297,189,170,18,49,718,612,94,12,0,0,21701,21324,14349,6474,155,151,11,184,377,311,58,8,0,0,21701,607,21094,20769,14026,6431,139,144,10,19,325,263,54,8,0,0,11729,10456,1273
Carroll County,VA,50,3,5,51,35,1229441060,7648352,30042,16569,36.7324256,-80.728043,30042,29856,29168,178,66,53,5,386,186,181,65,60,23,2,26,0,0,0,3,0,0,0,0,1,1,5,0,0,0,30042,776,29266,29113,28820,177,49,51,5,11,153,151,2,0,0,0,23824,23721,23268,134,49,32,5,233,103,101,2,0,0,0,23824,456,23368,23280,23069,133,39,31,5,3,88,87,1,0,0,0,16569,12831,3738
Charles City County,VA,50,3,5,51,36,473494077,55490534,7256,3229,37.3610475,-77.0541709,7256,7065,2970,3513,512,25,5,40,191,154,44,50,8,1,5,34,1,1,5,2,3,0,0,0,0,35,2,0,0,7256,88,7168,6992,2939,3511,495,24,5,18,176,147,27,2,0,0,5955,5835,2477,2890,415,22,2,29,120,96,23,1,0,0,5955,68,5887,5778,2453,2889,400,21,2,13,109,91,17,1,0,0,3229,2955,274
Charlotte County,VA,50,3,5,51,37,1230945745,5827738,12586,6273,37.0140909,-78.661424,12586,12414,8467,3751,35,26,0,135,172,164,62,60,10,0,9,12,4,0,7,0,0,0,0,0,0,7,1,0,0,12586,240,12346,12193,8383,3739,31,26,0,14,153,145,7,1,0,0,9685,9601,6665,2801,24,20,0,91,84,80,3,1,0,0,9685,154,9531,9452,6615,2792,21,20,0,4,79,75,3,1,0,0,6273,5109,1164
Chesterfield County,VA,50,3,5,51,41,1096334108,35372995,316236,122555,37.3784338,-77.5858474,316236,307873,215954,69412,1210,10294,201,10802,8363,7600,2601,977,1548,79,890,457,279,55,306,36,6,85,70,179,32,697,50,12,4,316236,22864,293372,286804,206792,68196,849,10219,142,606,6568,5992,530,34,8,4,233721,229987,164550,49613,895,7701,142,7086,3734,3382,327,15,8,2,233721,14572,219149,216281,158705,48906,640,7652,108,270,2868,2597,251,11,7,2,122555,115680,6875
Clarke County,VA,50,3,5,51,43,456297605,5658686,14034,6235,39.1159309,-77.9920039,14034,13762,12662,746,41,126,7,180,272,250,86,67,50,11,20,5,3,0,1,2,0,0,2,3,0,21,1,0,0,14034,490,13544,13305,12387,742,35,121,5,15,239,220,18,1,0,0,10813,10695,9839,613,30,97,7,109,118,109,8,1,0,0,10813,296,10517,10411,9670,609,26,94,5,7,106,98,7,1,0,0,6235,5509,726
Craig County,VA,50,3,5,51,45,853489575,2798854,5190,2809,37.4731287,-80.231734,5190,5153,5122,5,12,8,0,6,37,34,5,8,14,3,2,0,0,0,0,0,0,0,2,0,0,1,0,0,2,5190,36,5154,5123,5103,5,6,8,0,1,31,28,1,0,0,2,4079,4060,4038,2,10,7,0,3,19,16,1,0,0,2,4079,21,4058,4043,4027,2,6,7,0,1,15,12,1,0,0,2,2809,2183,626
Culpeper County,VA,50,3,5,51,47,982210871,8572037,46689,17657,38.4859303,-77.9564758,46689,45395,35058,7368,193,607,38,2131,1294,1205,573,161,163,10,169,30,18,10,46,1,0,1,2,15,6,80,2,2,5,46689,4157,42532,41528,33482,7212,129,593,12,100,1004,929,66,2,2,5,34604,34126,26622,5598,128,430,24,1324,478,436,37,1,2,2,34604,2614,31990,31653,25574,5518,96,418,10,37,337,300,32,1,2,2,17657,16231,1426
Cumberland County,VA,50,3,5,51,49,770419651,5931713,10052,4626,37.5201891,-78.2528364,10052,9858,6427,3278,40,35,0,78,194,175,83,42,16,0,6,14,0,0,12,2,0,0,0,0,0,14,5,0,0,10052,181,9871,9694,6353,3253,36,35,0,17,177,158,14,5,0,0,7765,7666,5067,2490,34,31,0,44,99,88,11,0,0,0,7765,105,7660,7569,5026,2478,30,31,0,4,91,80,11,0,0,0,4626,3980,646
Dickenson County,VA,50,3,5,51,51,856074924,8106974,15903,7579,37.137081,-82.3492083,15903,15831,15712,51,24,18,0,26,72,72,10,39,13,2,2,2,0,0,0,0,0,0,1,3,0,0,0,0,0,15903,86,15817,15750,15650,51,23,17,0,9,67,67,0,0,0,0,12580,12534,12446,35,21,15,0,17,46,46,0,0,0,0,12580,54,12526,12481,12404,35,21,14,0,7,45,45,0,0,0,0,7579,6590,989
Dinwiddie County,VA,50,3,5,51,53,1304619086,9001586,28001,11422,37.0734984,-77.6354922,28001,27593,17899,9204,92,122,8,268,408,379,158,70,53,7,40,22,6,1,14,1,0,2,4,0,1,24,5,0,0,28001,674,27327,26981,17617,9134,83,122,7,18,346,322,19,5,0,0,21622,21423,14004,7071,73,98,7,170,199,182,16,1,0,0,21622,399,21223,21047,13836,7031,66,98,6,10,176,160,15,1,0,0,11422,10504,918
Essex County,VA,50,3,5,51,57,665944393,74793611,11151,5757,37.9394802,-76.9418713,11151,10916,6370,4247,60,86,3,150,235,214,103,43,18,1,12,24,3,0,3,0,0,3,1,0,3,21,0,0,0,11151,349,10802,10610,6239,4224,46,86,2,13,192,174,18,0,0,0,8700,8599,5209,3174,52,60,3,101,101,87,14,0,0,0,8700,229,8471,8392,5124,3162,41,60,2,3,79,66,13,0,0,0,5757,4517,1240
Fairfax County,VA,50,3,5,51,59,1012604465,39567297,1081726,407998,38.8337425,-77.2761174,1081726,1037811,677990,99218,3884,189661,864,66194,43915,41307,6097,2801,18063,449,7622,667,1021,132,955,332,13,731,471,1750,203,2336,228,36,8,1081726,168482,913244,881418,590622,96078,1843,188737,779,3359,31826,30056,1601,147,22,0,819078,794734,527810,72824,2701,143825,645,46929,24344,22958,1248,110,22,6,819078,118944,700134,683455,465723,70805,1324,143238,595,1770,16679,15748,847,69,15,0,407998,391627,16371
Fauquier County,VA,50,3,5,51,61,1676885536,9779829,65203,25600,38.7441032,-77.8215847,65203,63640,55607,5321,244,836,40,1592,1563,1462,594,254,279,20,195,51,16,4,17,3,0,5,9,12,3,91,8,2,0,65203,4178,61025,59784,53410,5232,186,826,27,103,1241,1166,71,3,1,0,48758,48077,42179,4053,181,613,36,1015,681,626,49,5,1,0,48758,2562,46196,45662,40828,3996,150,605,26,57,534,488,42,3,1,0,25600,23658,1942
Floyd County,VA,50,3,5,51,63,985283867,2257557,15279,7790,36.9314381,-80.3503087,15279,15113,14660,280,20,35,1,117,166,151,43,62,33,2,5,1,3,0,1,0,1,0,0,0,0,13,2,0,0,15279,412,14867,14726,14385,270,19,35,1,16,141,128,11,2,0,0,11932,11849,11490,239,17,25,1,77,83,72,9,2,0,0,11932,264,11668,11597,11314,232,16,25,1,9,71,61,8,2,0,0,7790,6415,1375
Fluvanna County,VA,50,3,5,51,65,740750095,10731289,25691,10383,37.8306058,-78.2844452,25691,25145,20743,3938,49,147,10,258,546,494,231,99,65,6,46,11,13,1,9,3,2,0,2,4,2,47,5,0,0,25691,760,24931,24453,20318,3913,44,136,10,32,478,428,45,5,0,0,19773,19558,16121,3114,32,124,10,157,215,190,24,1,0,0,19773,462,19311,19120,15849,3103,30,115,10,13,191,168,22,1,0,0,10383,9449,934
Franklin County,VA,50,3,5,51,67,1788195297,54706602,56159,29315,36.9923498,-79.8839586,56159,55472,49699,4575,150,252,15,781,687,669,338,146,71,11,69,7,3,4,6,0,0,5,5,2,2,17,1,0,0,56159,1424,54735,54130,49072,4541,112,251,10,144,605,588,16,1,0,0,44482,44211,39719,3662,114,189,13,514,271,257,13,1,0,0,44482,863,43619,43384,39351,3637,87,188,10,111,235,221,13,1,0,0,29315,22780,6535
Frederick County,VA,50,3,5,51,69,1070949703,5207928,78305,31346,39.203637,-78.2639164,78305,76725,69934,3175,234,969,34,2379,1580,1456,617,256,208,25,204,45,18,2,18,3,0,29,12,9,10,108,9,7,0,78305,5168,73137,71931,67590,3067,182,959,30,103,1206,1117,76,6,7,0,58630,57965,53390,2222,163,729,27,1434,665,605,54,3,3,0,58630,3095,55535,55057,51971,2172,126,722,25,41,478,438,35,2,3,0,31346,28864,2482
Giles County,VA,50,3,5,51,71,921469073,12017000,17286,8319,37.3119298,-80.7171778,17286,17122,16723,261,21,55,0,62,164,156,51,72,19,0,10,0,0,0,1,0,0,0,0,3,0,8,0,0,0,17286,209,17077,16919,16580,259,19,54,0,7,158,150,8,0,0,0,13541,13456,13163,196,18,44,0,35,85,78,7,0,0,0,13541,127,13414,13332,13075,194,17,43,0,3,82,75,7,0,0,0,8319,7215,1104
Gloucester County,VA,50,3,5,51,73,564116907,181748785,36858,15852,37.4035413,-76.5235051,36858,35994,32149,3197,139,286,15,208,864,801,274,209,137,13,84,46,9,3,9,1,0,13,1,2,0,59,4,0,0,36858,935,35923,35188,31584,3152,129,282,14,27,735,688,47,0,0,0,28718,28307,25230,2561,111,224,10,171,411,381,30,0,0,0,28718,608,28110,27753,24862,2537,107,220,10,17,357,334,23,0,0,0,15852,14293,1559
Goochland County,VA,50,3,5,51,75,728861838,21988018,21717,8618,37.7241655,-77.9142734,21717,21453,16820,4180,54,225,4,170,264,241,75,55,51,5,19,20,3,0,4,3,0,0,5,1,0,20,3,0,0,21717,455,21262,21032,16583,4151,50,219,4,25,230,211,16,3,0,0,17317,17183,13344,3508,43,180,2,106,134,125,8,1,0,0,17317,293,17024,16903,13176,3491,41,176,2,17,121,112,8,1,0,0,8618,7998,620
Grayson County,VA,50,3,5,51,77,1145227587,9790865,15533,9156,36.6563026,-81.2253365,15533,15396,14802,320,31,16,3,224,137,135,50,58,6,0,15,3,0,0,3,0,0,0,0,0,0,2,0,0,0,15533,416,15117,14996,14627,317,30,15,0,7,121,119,2,0,0,0,12583,12513,12072,246,27,13,3,152,70,68,2,0,0,0,12583,260,12323,12261,11977,244,26,12,0,2,62,60,2,0,0,0,9156,6846,2310
Greene County,VA,50,3,5,51,79,404675804,1706935,18403,7509,38.2979805,-78.4701629,18403,17994,16123,1167,43,258,3,400,409,396,186,68,66,5,43,5,2,2,11,0,0,0,4,4,0,8,4,1,0,18403,781,17622,17278,15785,1160,38,247,2,46,344,336,3,4,1,0,13812,13670,12359,849,34,197,3,228,142,138,2,2,0,0,13812,459,13353,13228,12148,845,31,190,2,12,125,122,1,2,0,0,7509,6780,729
Greensville County,VA,50,3,5,51,81,764632769,4093693,12243,4090,36.6802247,-77.5602607,12243,12140,4718,7321,24,35,1,41,103,96,38,12,7,0,8,8,3,1,10,0,0,1,7,1,0,7,0,0,0,12243,173,12070,11991,4628,7294,23,35,1,10,79,77,2,0,0,0,10237,10183,4065,6046,18,27,1,26,54,51,3,0,0,0,10237,121,10116,10073,3995,6027,18,27,1,5,43,41,2,0,0,0,4090,3566,524
Halifax County,VA,50,3,5,51,83,2118193284,30547676,36241,18004,36.766461,-78.9396142,36241,35846,22011,13293,103,133,6,300,395,353,167,57,30,2,32,39,7,1,14,0,0,1,1,2,0,42,0,0,0,36241,587,35654,35298,21804,13224,97,132,4,37,356,316,40,0,0,0,28258,28082,17609,10107,88,105,5,168,176,149,27,0,0,0,28258,349,27909,27747,17484,10061,84,104,3,11,162,137,25,0,0,0,18004,15085,2919
Hanover County,VA,50,3,5,51,85,1213502928,13648770,99863,38360,37.7601655,-77.4909916,99863,98363,86550,9304,368,1351,39,751,1500,1405,430,355,336,13,94,67,30,5,25,9,0,6,4,22,9,89,5,1,0,99863,2116,97747,96412,85391,9202,319,1333,31,136,1335,1258,72,4,1,0,74865,74187,65371,7056,264,989,27,480,678,630,43,4,1,0,74865,1352,73513,72908,64615,6999,233,977,25,59,605,564,37,3,1,0,38360,36589,1771
Henrico County,VA,50,3,5,51,87,605271846,29034990,306935,132778,37.4375205,-77.300333,306935,299736,181719,90669,1012,20052,127,6157,7199,6546,2116,702,1413,52,698,518,260,41,356,56,2,43,33,241,15,606,41,5,1,306935,15001,291934,285952,174799,89449,844,19956,112,792,5982,5442,506,30,3,1,232563,228985,143707,65633,749,14616,88,4192,3578,3218,334,23,2,1,232563,9954,222609,219663,139018,64918,637,14553,78,459,2946,2635,292,17,1,1,132778,124601,8177
Henry County,VA,50,3,5,51,89,990240760,5299482,54151,26268,36.6205931,-79.9805844,54151,53309,39487,11841,97,237,4,1643,842,794,443,158,45,4,81,29,15,1,15,0,0,0,0,1,2,40,8,0,0,54151,2545,51606,50882,38737,11786,78,236,2,43,724,677,39,8,0,0,43043,42686,32122,9352,74,171,4,963,357,325,30,2,0,0,43043,1485,41558,41254,31690,9320,59,170,2,13,304,273,29,2,0,0,26268,23151,3117
Highland County,VA,50,3,5,51,91,1075249079,1805636,2321,1837,38.3566717,-79.5679583,2321,2316,2289,6,5,4,0,12,5,5,0,4,0,0,0,0,0,0,1,0,0,0,0,0,0,0,0,0,0,2321,18,2303,2298,2284,6,4,4,0,0,5,5,0,0,0,0,1975,1971,1950,4,5,4,0,8,4,4,0,0,0,0,1975,13,1962,1958,1946,4,4,4,0,0,4,4,0,0,0,0,1837,1081,756
Isle of Wight County,VA,50,3,5,51,93,817432028,122288802,35270,14633,36.9014184,-76.7075688,35270,34643,25318,8712,126,281,15,191,627,565,170,141,140,5,32,38,14,4,18,1,0,0,1,1,0,54,4,4,0,35270,658,34612,34071,24969,8656,104,275,13,54,541,489,49,3,0,0,27239,26948,19906,6595,100,219,12,116,291,259,29,2,1,0,27239,390,26849,26591,19692,6569,83,217,10,20,258,229,27,2,0,0,14633,13718,915
James City County,VA,50,3,5,51,95,368909132,95320887,67009,29797,37.3244273,-76.7783194,67009,65279,53792,8805,197,1506,55,924,1730,1555,476,221,434,23,155,110,43,11,42,5,0,5,5,25,0,155,11,9,0,67009,3024,63985,62553,52049,8662,173,1488,54,127,1432,1295,129,1,7,0,52624,51837,43169,6678,151,1187,39,613,787,701,77,5,4,0,52624,1966,50658,49996,42014,6586,136,1175,38,47,662,594,65,0,3,0,29797,26860,2937
King and Queen County,VA,50,3,5,51,97,816203901,28872700,6945,3414,37.7209945,-76.8910903,6945,6821,4663,1975,111,17,0,55,124,113,50,29,15,1,6,10,2,0,0,0,0,0,0,0,0,11,0,0,0,6945,184,6761,6650,4547,1970,109,17,0,7,111,103,8,0,0,0,5503,5440,3725,1579,90,13,0,33,63,58,5,0,0,0,5503,106,5397,5337,3658,1576,88,13,0,2,60,55,5,0,0,0,3414,2882,532
King George County,VA,50,3,5,51,99,465255721,21034751,23584,9477,38.2771787,-77.1627015,23584,22895,18089,4214,122,274,12,184,689,630,232,124,133,9,47,21,33,5,14,1,0,5,3,3,0,53,4,2,0,23584,790,22794,22200,17603,4177,101,268,10,41,594,542,46,4,2,0,17044,16754,13318,3020,83,208,11,114,290,259,26,3,2,0,17044,468,16576,16332,13033,3002,67,205,9,16,244,215,24,3,2,0,9477,8376,1101
King William County,VA,50,3,5,51,101,709504582,30285503,15935,6522,37.7082604,-77.0910539,15935,15567,12297,2819,231,118,3,99,368,307,105,113,37,4,9,29,1,1,1,1,0,0,0,5,1,58,2,1,0,15935,324,15611,15269,12107,2806,223,118,3,12,342,292,47,2,1,0,12000,11837,9284,2224,179,78,3,69,163,139,22,1,1,0,12000,203,11797,11643,9171,2213,171,78,3,7,154,133,19,1,1,0,6522,5979,543
Lancaster County,VA,50,3,5,51,103,345115848,254201621,11391,7402,37.7038307,-76.4131985,11391,11285,7989,3184,21,65,0,26,106,102,58,26,9,0,3,4,1,1,0,0,0,0,0,0,0,4,0,0,0,11391,118,11273,11177,7925,3166,16,65,0,5,96,92,4,0,0,0,9560,9516,7031,2397,20,48,0,20,44,40,4,0,0,0,9560,82,9478,9438,6984,2388,15,48,0,3,40,36,4,0,0,0,7402,5265,2137
Lee County,VA,50,3,5,51,105,1127987182,4897841,25587,11745,36.7021617,-83.1303336,25587,25353,24092,947,103,56,8,147,234,226,38,88,23,11,28,5,9,1,15,0,2,2,1,2,1,7,1,0,0,25587,406,25181,24983,23893,909,96,55,8,22,198,192,5,1,0,0,20410,20231,19039,916,89,53,8,126,179,171,7,1,0,0,20410,343,20067,19918,18880,878,85,52,8,15,149,143,5,1,0,0,11745,10159,1586
Loudoun County,VA,50,3,5,51,107,1335297272,14445102,312311,109442,39.0811303,-77.6388572,312311,299736,214471,22710,914,46033,184,15424,12575,11749,2325,756,4976,126,1818,204,287,26,210,112,1,134,105,622,47,750,61,15,0,312311,38576,273735,264045,194845,21934,520,45795,143,808,9690,9080,561,46,3,0,216877,211160,152020,16237,578,31669,148,10508,5717,5356,319,30,12,0,216877,25467,191410,187206,139097,15770,338,31532,117,352,4204,3925,250,26,3,0,109442,104583,4859
Louisa County,VA,50,3,5,51,109,1285411656,37739413,33153,16319,37.9716808,-77.9591779,33153,32390,25996,5870,123,160,16,225,763,707,391,137,54,12,49,33,12,4,11,3,0,0,1,0,0,52,3,1,0,33153,762,32391,31714,25562,5832,106,158,15,41,677,625,49,2,1,0,25815,25519,20510,4635,93,126,16,139,296,264,29,2,1,0,25815,464,25351,25090,20247,4612,80,124,15,12,261,231,27,2,1,0,16319,12944,3375
Lunenburg County,VA,50,3,5,51,111,1118054299,1795027,12914,5935,36.9457567,-78.242313,12914,12699,7856,4487,37,25,7,287,215,203,86,52,15,5,10,16,5,0,14,0,0,0,0,0,0,11,1,0,0,12914,470,12444,12255,7730,4451,37,25,3,9,189,179,9,1,0,0,10420,10317,6368,3708,25,22,6,188,103,94,8,1,0,0,10420,317,10103,10015,6272,3688,25,22,2,6,88,80,7,1,0,0,5935,4957,978
Madison County,VA,50,3,5,51,113,830565702,3085790,13308,5932,38.4120586,-78.2769613,13308,13010,11543,1302,23,74,4,64,298,276,140,79,23,8,15,4,5,0,1,0,0,1,0,0,0,22,0,0,0,13308,236,13072,12796,11394,1292,22,74,4,10,276,255,21,0,0,0,10338,10217,9036,1050,23,60,4,44,121,112,9,0,0,0,10338,138,10200,10085,8947,1048,22,60,4,4,115,106,9,0,0,0,5932,5083,849
Mathews County,VA,50,3,5,51,115,222555448,430023616,8978,5669,37.4253479,-76.2688077,8978,8805,7898,823,21,31,2,30,173,159,45,64,19,5,7,12,2,0,0,1,0,1,0,0,3,14,0,0,0,8978,104,8874,8708,7835,822,18,30,2,1,166,154,12,0,0,0,7344,7242,6516,668,18,25,2,13,102,96,6,0,0,0,7344,65,7279,7181,6472,667,15,24,2,1,98,92,6,0,0,0,5669,3858,1811
Mecklenburg County,VA,50,3,5,51,117,1619998831,139194241,32727,18591,36.6872563,-78.3689592,32727,32248,19619,12050,75,218,11,275,479,447,214,92,26,1,22,38,16,4,22,2,0,1,3,5,1,31,1,0,0,32727,806,31921,31491,19215,11958,73,213,10,22,430,399,30,1,0,0,26351,26124,16295,9412,58,160,8,191,227,209,17,1,0,0,26351,573,25778,25580,15999,9353,57,156,7,8,198,181,16,1,0,0,18591,13495,5096
Middlesex County,VA,50,3,5,51,119,337492226,208378288,10959,7133,37.6068281,-76.5279582,10959,10792,8680,1978,36,37,3,58,167,161,72,52,8,2,9,12,3,0,1,1,1,0,0,0,0,6,0,0,0,10959,166,10793,10638,8604,1956,35,37,1,5,155,149,6,0,0,0,9198,9110,7355,1653,28,33,2,39,88,83,5,0,0,0,9198,110,9088,9006,7304,1637,27,33,1,4,82,77,5,0,0,0,7133,4708,2425
Montgomery County,VA,50,3,5,51,121,1002361193,5830296,94392,38569,37.1748845,-80.387314,94392,92421,82643,3716,204,5112,30,716,1971,1858,486,296,719,38,133,28,43,2,18,8,1,12,22,45,7,98,11,4,0,94392,2536,91856,90103,81091,3631,154,5089,21,117,1753,1660,82,9,2,0,79277,77901,69597,3026,162,4534,29,553,1376,1297,67,10,2,0,79277,2001,77276,76035,68342,2961,129,4511,21,71,1241,1175,56,8,2,0,38569,35767,2802
Nelson County,VA,50,3,5,51,125,1219510167,8934492,15020,9931,37.790016,-78.8793935,15020,14768,12509,1967,48,68,4,172,252,234,105,64,13,6,23,8,2,1,7,2,0,1,1,1,0,14,4,0,0,15020,459,14561,14360,12283,1941,43,66,4,23,201,188,13,0,0,0,12128,12014,10219,1583,35,49,3,125,114,105,8,1,0,0,12128,288,11840,11746,10075,1573,32,47,3,16,94,86,8,0,0,0,9931,6396,3535
New Kent County,VA,50,3,5,51,127,543196546,35592371,18429,7295,37.4989741,-76.9933392,18429,17998,15057,2484,194,162,3,98,431,380,73,157,79,2,19,27,4,1,11,2,1,0,4,0,0,47,1,3,0,18429,390,18039,17645,14804,2474,185,159,2,21,394,350,40,1,3,0,14328,14117,11766,1996,152,129,2,72,211,182,28,0,1,0,14328,231,14097,13895,11615,1988,147,127,2,16,202,175,26,0,1,0,7295,6813,482
Northampton County,VA,50,3,5,51,131,548073024,1511612271,12389,7301,37.3026286,-75.9238683,12389,12212,7168,4528,27,83,13,393,177,168,75,35,15,1,23,8,1,5,4,0,0,0,0,0,1,9,0,0,0,12389,874,11515,11370,6755,4491,26,81,2,15,145,137,8,0,0,0,9953,9870,5967,3550,24,62,13,254,83,77,6,0,0,0,9953,560,9393,9324,5706,3529,23,62,2,2,69,63,6,0,0,0,7301,5323,1978
Northumberland County,VA,50,3,5,51,133,495452184,244302267,12330,8995,37.8569736,-76.3796872,12330,12180,8801,3123,21,37,2,196,150,129,52,43,1,3,10,15,1,0,3,0,0,0,0,0,1,21,0,0,0,12330,382,11948,11809,8638,3106,20,36,2,7,139,119,20,0,0,0,10309,10221,7658,2377,19,30,2,135,88,70,18,0,0,0,10309,253,10056,9973,7555,2365,18,29,2,4,83,66,17,0,0,0,8995,5540,3455
Nottoway County,VA,50,3,5,51,135,814271729,4291758,15853,6650,37.1436955,-78.0521623,15853,15648,8968,6227,59,50,5,339,205,175,56,47,13,1,31,10,4,4,6,0,0,3,0,0,0,29,0,1,0,15853,609,15244,15089,8799,6179,42,50,3,16,155,132,22,0,1,0,12590,12489,7167,4998,45,38,4,237,101,82,18,0,1,0,12590,416,12174,12100,7053,4967,32,38,3,7,74,59,14,0,1,0,6650,5706,944
Orange County,VA,50,3,5,51,137,882624058,6426574,33481,14616,38.2504394,-78.0099795,33481,32662,27584,4256,94,246,20,462,819,765,342,153,123,8,57,32,16,4,24,0,0,0,2,1,3,51,2,1,0,33481,1139,32342,31623,27033,4206,80,240,15,49,719,667,49,2,1,0,25819,25459,21637,3235,77,194,16,300,360,334,24,1,1,0,25819,709,25110,24786,21290,3205,66,192,13,20,324,299,23,1,1,0,14616,12895,1721
Page County,VA,50,3,5,51,139,805112691,8338367,24042,11600,38.6237508,-78.4904708,24042,23769,23063,466,42,71,7,120,273,255,79,70,38,5,37,7,0,0,3,5,1,2,1,7,0,18,0,0,0,24042,373,23669,23448,22871,456,37,71,7,6,221,204,17,0,0,0,18849,18718,18173,367,37,59,6,76,131,123,8,0,0,0,18849,224,18625,18517,18056,360,32,59,6,4,108,101,7,0,0,0,11600,9746,1854
Patrick County,VA,50,3,5,51,141,1251212174,7165464,18490,10083,36.6673274,-80.2861409,18490,18280,16847,1085,52,42,0,254,210,203,97,50,16,4,14,2,0,0,6,0,0,7,0,6,1,7,0,0,0,18490,444,18046,17865,16680,1085,50,42,0,8,181,176,5,0,0,0,14924,14837,13745,853,46,31,0,162,87,82,5,0,0,0,14924,268,14656,14583,13649,853,44,31,0,6,73,68,5,0,0,0,10083,8081,2002
Pittsylvania County,VA,50,3,5,51,143,2509545576,23916652,63506,31307,36.8217206,-79.3985019,63506,62811,47918,14018,151,181,18,525,695,643,263,171,60,5,63,43,16,1,12,1,0,2,3,3,0,52,0,0,0,63506,1332,62174,61572,47250,13963,124,176,17,42,602,563,39,0,0,0,50021,49727,38019,11095,115,141,10,347,294,267,27,0,0,0,50021,849,49172,48920,37607,11053,100,136,10,14,252,228,24,0,0,0,31307,26183,5124
Powhatan County,VA,50,3,5,51,145,673969480,5505282,28046,10043,37.5494041,-77.9128553,28046,27710,23515,3822,77,132,10,154,336,298,120,78,36,5,29,20,0,2,4,0,0,0,3,1,0,29,5,4,0,28046,502,27544,27261,23231,3798,75,131,10,16,283,252,22,5,4,0,21569,21416,17958,3205,61,97,8,87,153,134,16,1,2,0,21569,323,21246,21113,17754,3190,59,96,8,6,133,115,15,1,2,0,10043,9494,549
Prince Edward County,VA,50,3,5,51,147,906392425,10040456,23368,9149,37.2248813,-78.4329574,23368,23003,14796,7756,69,205,16,161,365,330,180,61,27,1,19,27,4,1,4,2,0,1,3,0,0,34,1,0,0,23368,525,22843,22523,14544,7668,60,203,15,33,320,291,28,1,0,0,19311,19130,12811,5961,62,160,14,122,181,160,20,1,0,0,19311,398,18913,18759,12608,5904,55,159,13,20,154,136,17,1,0,0,9149,7916,1233
Prince George County,VA,50,3,5,51,149,686749234,43215046,35725,12056,37.1873255,-77.2209931,35725,34707,21845,11429,207,543,106,577,1018,914,332,121,134,10,67,72,36,18,88,5,1,5,16,9,0,89,11,4,0,35725,2058,33667,32837,20822,11150,184,520,100,61,830,748,71,9,2,0,27673,27199,17216,8878,171,455,61,418,474,436,34,4,0,0,27673,1410,26263,25859,16476,8685,158,442,58,40,404,374,27,3,0,0,12056,11451,605
Prince William County,VA,50,3,5,51,153,871276091,31269436,402002,137115,38.7023317,-77.4788873,402002,381502,232401,81196,2392,30317,525,34671,20500,18811,4992,1587,4865,213,3615,633,719,83,767,73,3,592,180,387,102,1543,133,12,1,402002,81460,320542,306759,195656,78492,984,29986,414,1227,13783,12596,1097,87,3,0,285827,276045,172099,56815,1584,22227,395,22925,9782,9047,684,45,5,1,285827,52354,233473,227287,148353,55290,735,22022,332,555,6186,5677,475,32,2,0,137115,130785,6330
Pulaski County,VA,50,3,5,51,155,828427584,25216023,34872,17235,37.0633853,-80.7134439,34872,34373,32250,1757,64,179,7,116,499,465,246,127,47,2,26,8,3,0,4,1,0,0,0,1,0,29,4,1,0,34872,432,34440,33988,31972,1744,61,179,7,25,452,431,21,0,0,0,28071,27849,26182,1394,53,144,7,69,222,207,12,3,0,0,28071,273,27798,27600,25998,1391,50,144,7,10,198,188,10,0,0,0,17235,14821,2414
Rappahannock County,VA,50,3,5,51,157,689525028,2068623,7373,3839,38.6845215,-78.1688241,7373,7252,6834,321,18,39,3,37,121,104,45,33,9,0,12,4,1,0,0,0,0,0,0,0,0,17,0,0,0,7373,228,7145,7037,6653,318,15,39,3,9,108,91,17,0,0,0,5908,5847,5510,266,15,33,2,21,61,52,9,0,0,0,5908,143,5765,5711,5394,265,14,33,2,3,54,45,9,0,0,0,3839,3072,767
Richmond County,VA,50,3,5,51,159,495962821,64400119,9254,3850,37.9428935,-76.7305609,9254,9115,6001,2804,34,40,2,234,139,129,59,18,20,1,7,16,0,4,3,0,0,1,0,0,0,9,1,0,0,9254,510,8744,8617,5755,2793,24,39,2,4,127,121,5,1,0,0,7663,7605,5002,2400,25,31,2,145,58,51,6,1,0,0,7663,358,7305,7251,4810,2390,17,31,2,1,54,49,4,1,0,0,3850,3159,691
Roanoke County,VA,50,3,5,51,161,648838102,1887387,92376,40016,37.3310768,-80.1901101,92376,90948,83140,4643,137,2466,27,535,1428,1342,540,278,279,27,85,33,18,8,14,4,0,2,16,36,2,76,8,2,0,92376,1951,90425,89157,81886,4580,121,2455,26,89,1268,1199,64,5,0,0,72263,71620,65915,3480,111,1743,26,345,643,604,35,4,0,0,72263,1221,71042,70487,65139,3447,97,1738,25,41,555,525,28,2,0,0,40016,37608,2408
Rockbridge County,VA,50,3,5,51,163,1547668571,8841414,22307,11152,37.8145174,-79.4477537,22307,21990,21097,594,106,104,3,86,317,300,85,138,30,14,10,12,0,0,6,0,1,3,0,1,0,17,0,0,0,22307,296,22011,21720,20915,585,99,103,3,15,291,275,16,0,0,0,18043,17872,17180,473,76,81,3,59,171,161,10,0,0,0,18043,184,17859,17701,17069,465,74,80,3,10,158,148,10,0,0,0,11152,9555,1597
Rockingham County,VA,50,3,5,51,165,2199121564,11060921,76314,33660,38.5112574,-78.876307,76314,75233,71182,1273,209,460,10,2099,1081,1010,362,246,140,5,180,10,8,0,15,1,0,17,7,14,5,68,2,1,0,76314,4076,72238,71445,69640,1216,83,454,8,44,793,751,42,0,0,0,58242,57741,55075,953,138,305,8,1262,501,458,42,1,0,0,58242,2357,55885,55512,54188,923,64,302,7,28,373,346,27,0,0,0,33660,29177,4483
Russell County,VA,50,3,5,51,167,1227192858,7593794,28897,13484,36.9334198,-82.0959342,28897,28729,28270,233,55,53,1,117,168,162,35,74,25,4,11,1,0,0,3,0,0,3,2,4,0,5,1,0,0,28897,275,28622,28472,28142,227,40,53,1,9,150,147,2,1,0,0,22992,22880,22522,196,39,47,1,75,112,106,5,1,0,0,22992,170,22822,22721,22445,193,32,47,1,3,101,98,2,1,0,0,13484,11943,1541
Scott County,VA,50,3,5,51,169,1387017232,8052092,23177,11916,36.7127783,-82.6136268,23177,23026,22700,135,52,36,12,91,151,143,28,72,18,4,17,2,0,0,0,2,0,0,0,0,0,6,2,0,0,23177,234,22943,22806,22585,135,48,35,0,3,137,131,4,2,0,0,18701,18606,18369,105,42,26,3,61,95,91,4,0,0,0,18701,136,18565,18475,18306,105,38,25,0,1,90,87,3,0,0,0,11916,9775,2141
Shenandoah County,VA,50,3,5,51,171,1317722983,8801811,41993,20876,38.856204,-78.5739867,41993,41314,39070,734,101,217,7,1185,679,644,228,195,65,7,100,5,0,5,10,0,0,17,0,8,4,32,3,0,0,41993,2577,39416,38900,37886,699,71,210,6,28,516,493,20,3,0,0,32764,32450,30900,543,80,175,6,746,314,298,16,0,0,0,32764,1558,31206,30974,30209,519,59,169,5,13,232,224,8,0,0,0,20876,17076,3800
Smyth County,VA,50,3,5,51,173,1167897823,3526059,32208,15427,36.8423183,-81.5397861,32208,31901,30847,640,42,82,3,287,307,282,95,114,20,0,31,7,3,1,4,3,0,2,1,1,0,24,1,0,0,32208,527,31681,31416,30642,630,41,82,3,18,265,242,22,1,0,0,25491,25328,24529,523,36,67,3,170,163,149,13,1,0,0,25491,327,25164,25020,24388,519,35,67,3,8,144,130,13,1,0,0,15427,13319,2108
Southampton County,VA,50,3,5,51,175,1551777074,8248296,18570,7473,36.7201725,-77.1038556,18570,18309,11215,6916,62,46,6,64,261,236,91,53,15,1,24,30,10,2,9,1,0,0,0,0,0,24,1,0,0,18570,203,18367,18147,11138,6893,52,46,5,13,220,195,24,1,0,0,14652,14539,8870,5549,45,36,3,36,113,102,10,1,0,0,14652,115,14537,14433,8820,5533,39,36,2,3,104,93,10,1,0,0,7473,6719,754
Spotsylvania County,VA,50,3,5,51,177,1039870690,33047780,122397,45185,38.1823112,-77.6562804,122397,118339,92452,18671,397,2825,143,3851,4058,3737,1432,506,758,72,410,153,114,11,156,10,8,19,19,53,16,288,29,4,0,122397,9278,113119,109873,88077,18298,323,2768,135,272,3246,2981,238,26,1,0,88354,86659,68559,13149,292,2087,104,2468,1695,1543,140,10,2,0,88354,5741,82613,81268,65833,12943,239,2052,98,103,1345,1218,118,8,1,0,45185,41942,3243
Stafford County,VA,50,3,5,51,179,696591933,28419416,128961,43978,38.4189333,-77.4590432,128961,123844,93483,21881,576,3620,164,4120,5117,4620,1543,591,1079,62,558,172,189,34,191,21,1,26,33,99,21,476,20,1,0,128961,11875,117086,113134,87434,21259,454,3545,149,293,3952,3581,353,17,1,0,91764,89625,68649,15146,432,2709,109,2580,2139,1941,186,11,1,0,91764,7253,84511,82882,64860,14785,355,2662,102,118,1629,1475,143,10,1,0,43978,41769,2209
Surry County,VA,50,3,5,51,181,722475771,81216951,7058,3444,37.1197611,-76.8801717,7058,6940,3618,3254,21,24,2,21,118,98,35,27,9,0,8,9,0,1,9,0,0,0,0,0,0,20,0,0,0,7058,86,6972,6873,3583,3240,21,23,2,4,99,88,11,0,0,0,5571,5504,2917,2534,18,19,2,14,67,53,14,0,0,0,5571,62,5509,5456,2889,2527,18,18,2,2,53,47,6,0,0,0,3444,2826,618
Sussex County,VA,50,3,5,51,183,1269664203,6755314,12087,4696,36.9266454,-77.2597319,12087,11995,4747,7023,23,48,0,154,92,87,39,19,10,0,2,6,3,6,1,0,0,1,0,0,0,4,0,0,1,12087,268,11819,11733,4663,6996,19,46,0,9,86,81,4,0,0,1,10059,10014,3973,5868,18,38,0,117,45,41,3,0,0,1,10059,189,9870,9826,3915,5853,17,36,0,5,44,40,3,0,0,1,4696,3994,702
Tazewell County,VA,50,3,5,51,185,1343805085,2914823,45078,20826,37.1253949,-81.5629237,45078,44651,42868,1333,57,289,6,98,427,405,172,138,40,8,20,9,6,0,5,3,0,0,0,4,0,17,5,0,0,45078,296,44782,44391,42692,1330,54,286,6,23,391,378,13,0,0,0,35903,35695,34222,1132,45,228,4,64,208,192,11,5,0,0,35903,211,35692,35500,34088,1132,42,225,4,9,192,185,7,0,0,0,20826,18449,2377
Warren County,VA,50,3,5,51,187,552872306,8483552,37575,16034,38.9081874,-78.2071314,37575,36756,34144,1736,130,360,10,376,819,760,294,221,129,8,52,6,8,8,10,1,0,9,2,8,4,54,5,0,0,37575,1318,36257,35549,33345,1709,103,350,7,35,708,654,50,4,0,0,28495,28125,26200,1328,93,264,6,234,370,347,21,2,0,0,28495,807,27688,27366,25695,1315,79,258,6,13,322,300,20,2,0,0,16034,14085,1949
Washington County,VA,50,3,5,51,191,1452917904,12999399,54876,25601,36.7478126,-81.9502907,54876,54492,53249,690,99,203,16,235,384,373,124,138,47,8,38,6,2,1,7,0,0,0,1,1,0,8,3,0,0,54876,724,54152,53803,52798,686,90,202,6,21,349,338,8,3,0,0,44122,43883,42920,561,74,146,8,174,239,230,7,2,0,0,44122,492,43630,43407,42622,557,69,145,3,11,223,214,7,2,0,0,25601,22843,2758
Westmoreland County,VA,50,3,5,51,193,594077407,61102580,17454,10618,38.1091912,-76.8041695,17454,17064,11501,4891,73,99,5,495,390,353,152,95,37,5,19,19,7,3,10,0,0,0,2,3,1,36,0,0,1,17454,1002,16452,16114,11087,4855,64,91,3,14,338,302,35,0,0,1,13961,13769,9607,3715,67,76,4,300,192,175,17,0,0,0,13961,639,13322,13163,9338,3693,58,70,2,2,159,143,16,0,0,0,10618,7310,3308
Wise County,VA,50,3,5,51,195,1044253435,5284512,41452,17940,36.9745607,-82.6215601,41452,41067,38561,2137,53,141,2,173,385,371,155,124,41,0,29,8,2,1,6,1,0,0,3,1,0,13,1,0,0,41452,471,40981,40633,38301,2118,51,141,2,20,348,336,11,1,0,0,32846,32635,30324,2014,49,113,2,133,211,202,8,1,0,0,32846,330,32516,32322,30152,2000,47,113,2,8,194,186,7,1,0,0,17940,15968,1972
Wythe County,VA,50,3,5,51,197,1196118581,7311859,29235,14079,36.9014709,-81.084209,29235,28891,27790,818,41,128,4,110,344,327,164,94,29,1,19,9,0,2,4,2,0,0,0,2,1,14,3,0,0,29235,280,28955,28637,27649,809,39,124,3,13,318,301,14,3,0,0,23125,22970,22155,617,33,95,4,66,155,148,6,1,0,0,23125,176,22949,22802,22058,614,31,92,3,4,147,140,6,1,0,0,14079,12472,1607
York County,VA,50,3,5,51,199,271379438,285360315,65464,26849,37.2209139,-76.395533,65464,63221,50031,8751,251,3205,99,884,2243,2012,549,238,698,30,138,95,80,12,47,8,1,9,33,73,1,220,9,2,0,65464,2892,62572,60691,48470,8599,225,3169,92,136,1881,1689,184,6,2,0,48188,47224,37655,6439,169,2340,69,552,964,859,99,5,1,0,48188,1690,46498,45660,36677,6369,147,2325,63,79,838,743,90,4,1,0,26849,24006,2843
Alexandria city,VA,50,3,5,51,510,38919733,1140371,139966,72376,38.8183429,-77.0820263,139966,134741,85186,30491,589,8432,141,9902,5225,4819,1012,372,1423,48,1021,175,166,41,199,25,0,102,60,160,15,372,28,4,2,139966,22524,117442,113928,74878,29778,327,8351,109,485,3514,3246,248,20,0,0,115996,112447,73180,24185,483,7219,124,7256,3549,3272,251,22,2,2,115996,16867,99129,96817,65310,23669,275,7163,95,305,2312,2131,164,17,0,0,72376,68082,4294
Bedford city,VA,50,3,5,51,515,17814175,61318,6222,2920,37.3381555,-79.5207054,6222,6103,4755,1256,13,41,1,37,119,110,74,14,5,2,5,8,0,0,1,1,0,0,0,0,0,9,0,0,0,6222,134,6088,5976,4671,1245,7,41,1,11,112,103,9,0,0,0,4944,4900,3886,956,10,33,1,14,44,39,5,0,0,0,4944,89,4855,4817,3830,947,6,33,1,0,38,33,5,0,0,0,2920,2627,293
Bristol city,VA,50,3,5,51,520,33703512,363160,17835,8831,36.6169541,-82.1575641,17835,17493,16214,1009,52,122,4,92,342,308,178,63,25,2,19,13,3,0,2,0,1,2,0,0,0,32,2,0,0,17835,221,17614,17297,16099,1000,49,121,4,24,317,283,32,2,0,0,14128,13992,13055,739,39,92,4,63,136,116,19,1,0,0,14128,143,13985,13859,12979,734,37,91,4,14,126,106,19,1,0,0,8831,7879,952
Buena Vista city,VA,50,3,5,51,530,17362236,223855,6650,2936,37.7316634,-79.3563746,6650,6539,6050,347,73,29,12,28,111,107,35,40,14,3,3,4,2,1,2,0,0,0,0,0,3,2,1,1,0,6650,103,6547,6439,5982,345,71,29,12,0,108,105,2,0,1,0,5226,5162,4795,255,52,23,11,26,64,60,2,1,1,0,5226,87,5139,5077,4740,253,50,23,11,0,62,59,2,0,1,0,2936,2603,333
Charlottesville city,VA,50,3,5,51,540,26517362,52974,43475,19189,38.0376579,-78.4853806,43475,42166,30031,8437,116,2771,17,794,1309,1213,394,132,457,6,84,49,26,10,10,14,0,0,14,16,1,85,10,1,0,43475,2223,41252,40096,28827,8344,65,2758,13,89,1156,1072,76,7,1,0,37001,36149,26582,6332,87,2557,14,577,852,788,55,8,1,0,37001,1712,35289,34544,25615,6271,51,2544,11,52,745,691,48,5,1,0,19189,17778,1411
Chesapeake city,VA,50,3,5,51,550,882669156,26052854,222209,83196,36.6793761,-76.3017884,222209,215432,139012,66237,871,6383,169,2760,6777,6121,1800,817,1819,142,399,390,306,36,229,26,2,12,37,92,14,613,35,7,1,222209,9706,212503,206877,134251,65204,720,6289,147,266,5626,5145,458,20,3,0,164688,161726,106003,48073,665,4872,130,1983,2962,2667,280,10,5,0,164688,6077,158611,156112,102969,47497,565,4815,116,150,2499,2268,223,5,3,0,83196,79574,3622
Colonial Heights city,VA,50,3,5,51,570,19476234,757309,17411,7831,37.2616846,-77.3968043,17411,17021,14326,1783,68,578,8,258,390,360,125,42,94,13,29,9,19,4,9,1,0,0,2,7,6,29,1,0,0,17411,674,16737,16407,14020,1732,63,570,8,14,330,306,23,1,0,0,13523,13344,11465,1200,52,461,8,158,179,165,13,1,0,0,13523,412,13111,12958,11266,1172,51,455,8,6,153,141,11,1,0,0,7831,7275,556
Covington city,VA,50,3,5,51,580,14163340,522061,5961,3067,37.7781426,-79.986039,5961,5845,5014,746,18,34,0,33,116,112,63,16,9,2,1,10,3,1,7,0,0,0,0,0,0,4,0,0,0,5961,92,5869,5755,4955,741,18,33,0,8,114,111,3,0,0,0,4694,4648,3987,597,12,30,0,22,46,44,2,0,0,0,4694,61,4633,4587,3947,594,12,29,0,5,46,44,2,0,0,0,3067,2632,435
Danville city,VA,50,3,5,51,590,111198695,2627087,43055,22438,36.5833337,-79.4080707,43055,42479,20531,20795,75,403,11,664,576,510,227,92,42,2,59,39,13,1,15,0,1,11,4,4,0,63,3,0,0,43055,1245,41810,41336,20107,20725,66,394,11,33,474,411,61,2,0,0,33793,33528,17626,15132,65,298,8,399,265,228,36,1,0,0,33793,768,33025,32801,17340,15092,57,293,8,11,224,189,34,1,0,0,22438,18831,3607
Emporia city,VA,50,3,5,51,595,17854907,191799,5927,2565,36.696182,-77.5359753,5927,5836,1937,3706,19,43,4,127,91,83,41,3,2,1,6,3,5,1,15,0,0,3,0,3,0,7,1,0,0,5927,262,5665,5595,1848,3685,8,43,4,7,70,62,7,1,0,0,4400,4363,1597,2631,11,34,4,86,37,34,2,1,0,0,4400,178,4222,4195,1533,2619,5,34,4,0,27,24,2,1,0,0,2565,2316,249
Fairfax city,VA,50,3,5,51,600,16159465,95054,22565,8680,38.8531833,-77.2990252,22565,21657,15706,1071,111,3432,14,1323,908,841,120,86,334,4,187,16,16,10,6,5,0,13,10,30,4,59,8,0,0,22565,3556,19009,18403,13849,1030,62,3403,11,48,606,572,34,0,0,0,17973,17426,12813,825,77,2724,13,974,547,512,33,2,0,0,17973,2595,15378,15036,11439,793,48,2710,10,36,342,323,19,0,0,0,8680,8347,333
Falls Church city,VA,50,3,5,51,610,5176813,6,12332,5489,38.8837873,-77.1746385,12332,11843,9853,532,33,1162,4,259,489,441,62,32,283,4,29,4,4,0,3,3,0,7,3,7,0,42,6,0,0,12332,1109,11223,10813,9093,523,23,1150,4,20,410,375,29,6,0,0,9285,9088,7546,394,20,929,4,195,197,175,19,3,0,0,9285,771,8514,8352,7009,389,16,923,4,11,162,146,13,3,0,0,5489,5101,388
Franklin city,VA,50,3,5,51,620,21252884,369830,8582,3901,36.6840142,-76.9413956,8582,8417,3380,4884,28,64,2,59,165,136,61,17,8,2,15,22,7,0,2,2,0,0,0,0,0,29,0,0,0,8582,141,8441,8300,3333,4867,27,63,2,8,141,115,26,0,0,0,6536,6476,2818,3544,24,52,1,37,60,50,10,0,0,0,6536,80,6456,6403,2789,3536,23,51,1,3,53,46,7,0,0,0,3901,3530,371
Fredericksburg city,VA,50,3,5,51,630,27039905,182486,24286,10467,38.2992718,-77.4866583,24286,23337,15596,5498,100,689,17,1437,949,859,340,89,174,5,86,58,42,5,29,1,0,5,9,12,4,76,14,0,0,24286,2607,21679,20935,14760,5367,58,670,16,64,744,684,50,10,0,0,19507,19022,13436,3922,71,552,15,1026,485,440,34,11,0,0,19507,1763,17744,17349,12844,3859,48,539,15,44,395,362,25,8,0,0,10467,9505,962
Galax city,VA,50,3,5,51,640,21340428,103782,7042,3252,36.6656397,-80.9143083,7042,6898,6044,439,7,37,8,363,144,128,57,19,4,1,17,1,0,0,9,4,0,12,0,0,4,14,0,2,0,7042,989,6053,5962,5501,407,7,37,3,7,91,80,9,0,2,0,5498,5439,4881,304,4,27,4,219,59,53,4,0,2,0,5498,553,4945,4906,4575,294,4,27,2,4,39,33,4,0,2,0,3252,2922,330
Hampton city,VA,50,3,5,51,650,133160054,219853142,137436,59566,37.0480303,-76.2971486,137436,132312,58642,68104,594,2992,154,1826,5124,4478,1589,473,695,46,222,621,345,77,269,12,2,25,40,46,16,592,49,3,2,137436,6241,131195,127007,56283,66878,498,2950,132,266,4188,3699,452,35,0,2,106162,103463,48015,51097,468,2438,120,1325,2699,2355,319,22,1,2,106162,4127,102035,99765,46382,50324,397,2409,109,144,2270,1995,255,18,0,2,59566,55031,4535
Harrisonburg city,VA,50,3,5,51,660,45112613,149955,48914,17444,38.4360126,-78.8741973,48914,47420,38371,3112,127,1718,62,4030,1494,1410,416,115,408,11,290,21,10,5,64,0,1,22,8,26,13,79,5,0,0,48914,7665,41249,40240,35391,2911,67,1705,54,112,1009,960,46,3,0,0,41566,40659,33909,2388,101,1505,60,2696,907,857,46,4,0,0,41566,5066,36500,35878,31946,2253,58,1496,54,71,622,590,29,3,0,0,17444,15988,1456
Hopewell city,VA,50,3,5,51,670,26620504,1357034,22591,10121,37.2910098,-77.2989443,22591,21871,12515,8367,87,181,24,697,720,657,309,74,90,6,58,35,12,5,50,1,0,1,8,1,7,59,4,0,0,22591,1480,21111,20533,12005,8216,78,174,23,37,578,532,43,3,0,0,16918,16612,10152,5709,66,165,20,500,306,279,26,1,0,0,16918,972,15946,15698,9820,5621,59,159,20,19,248,227,20,1,0,0,10121,9129,992
Lexington city,VA,50,3,5,51,678,6466940,68429,7042,2546,37.7823316,-79.4443196,7042,6914,6003,680,8,155,4,64,128,117,37,20,40,0,3,3,6,0,2,0,1,0,4,0,1,10,1,0,0,7042,271,6771,6652,5807,668,8,153,4,12,119,108,10,1,0,0,6328,6227,5416,598,7,142,4,60,101,92,8,1,0,0,6328,216,6112,6020,5267,590,7,140,4,12,92,83,8,1,0,0,2546,2237,309
Lynchburg city,VA,50,3,5,51,680,127239697,1344996,75568,31992,37.3990161,-79.1954582,75568,73906,48674,22140,237,1868,37,950,1662,1474,732,180,160,12,139,128,30,6,38,5,0,16,9,17,2,169,16,3,0,75568,2300,73268,71821,47574,21984,200,1852,27,184,1447,1285,150,10,2,0,60794,59993,41464,16139,203,1440,30,717,801,715,76,7,3,0,60794,1703,59091,58413,40635,16033,181,1429,24,111,678,601,70,5,2,0,31992,28476,3516
Manassas city,VA,50,3,5,51,683,25590863,148539,37821,13123,38.7475611,-77.484727,37821,36192,23336,5188,229,1884,52,5503,1629,1506,492,92,216,11,439,55,35,7,72,8,0,41,7,28,3,104,19,0,0,37821,11876,25945,25025,17994,4905,99,1861,41,125,920,830,78,12,0,0,27074,26255,17556,3664,134,1433,40,3428,819,766,50,3,0,0,27074,7356,19718,19293,14250,3489,64,1420,33,37,425,385,37,3,0,0,13123,12527,596
Manassas Park city,VA,50,3,5,51,685,6562394,2623,14273,4904,38.768991,-77.4486805,14273,13498,7985,1852,56,1281,20,2304,775,726,167,38,149,3,252,10,20,1,28,2,0,25,1,19,11,46,3,0,0,14273,4645,9628,9211,6070,1784,31,1261,17,48,417,387,28,2,0,0,10214,9792,5940,1344,42,955,13,1498,422,395,27,0,0,0,10214,3003,7211,6997,4685,1307,23,944,12,26,214,197,17,0,0,0,4904,4507,397
Martinsville city,VA,50,3,5,51,690,28376620,133615,13821,7205,36.6835269,-79.8636475,13821,13554,6903,6213,27,129,1,281,267,244,138,17,11,4,38,14,4,3,12,1,0,0,0,2,0,19,3,1,0,13821,552,13269,13053,6707,6191,18,127,0,10,216,202,11,2,1,0,10866,10749,5838,4634,18,98,1,160,117,106,8,2,1,0,10866,308,10558,10463,5726,4625,13,96,0,3,95,84,8,2,1,0,7205,6084,1121
Newport News city,VA,50,3,5,51,700,177967764,131476125,180719,76198,37.0759784,-76.5217187,180719,173004,88518,73514,851,4956,315,4850,7715,6765,2458,599,1255,75,545,680,457,68,409,25,5,21,58,85,25,878,69,3,0,180719,13590,167129,161012,83153,71727,682,4858,284,308,6117,5414,661,40,2,0,136806,133007,72247,52294,659,4056,239,3512,3799,3353,416,28,2,0,136806,9026,127780,124758,68550,51285,545,3997,213,168,3022,2677,327,17,1,0,76198,70664,5534
Norfolk city,VA,50,3,5,51,710,140171293,109376999,242803,95018,36.9230149,-76.2446413,242803,233978,114304,104672,1200,7999,396,5407,8825,7784,2574,986,1559,105,538,626,463,96,469,46,11,37,97,145,32,935,90,16,0,242803,16144,226659,219541,107463,102452,935,7861,359,471,7118,6332,721,57,8,0,192191,187208,97168,77714,1011,6797,329,4189,4983,4436,472,63,12,0,192191,11893,180298,176226,91953,76221,804,6691,300,257,4072,3639,387,39,7,0,95018,86485,8533
Norton city,VA,50,3,5,51,720,19375334,89169,3958,1945,36.9315489,-82.625996,3958,3863,3510,250,5,56,0,42,95,94,55,17,11,0,2,3,1,0,5,0,0,0,0,0,0,1,0,0,0,3958,68,3890,3795,3478,250,5,56,0,6,95,94,1,0,0,0,3094,3063,2805,183,5,44,0,26,31,30,1,0,0,0,3094,48,3046,3015,2783,183,5,44,0,0,31,30,1,0,0,0,1945,1750,195
Petersburg city,VA,50,3,5,51,730,59393052,637650,32420,16326,37.2047302,-77.3923681,32420,31843,5217,25646,97,267,19,597,577,506,232,32,44,2,22,87,21,12,43,3,0,0,3,1,4,71,0,0,0,32420,1216,31204,30714,4902,25419,87,263,12,31,490,431,59,0,0,0,25713,25365,4678,19955,84,218,12,418,348,299,49,0,0,0,25713,840,24873,24573,4449,19802,76,216,8,22,300,261,39,0,0,0,16326,13634,2692
Poquoson city,VA,50,3,5,51,735,39669842,163451700,12150,4726,37.1283599,-76.3035337,12150,11975,11557,78,38,260,3,39,175,165,18,36,68,6,23,9,0,0,2,0,0,1,0,1,1,10,0,0,0,12150,221,11929,11778,11398,78,34,259,3,6,151,149,2,0,0,0,9181,9084,8780,62,31,184,2,25,97,91,6,0,0,0,9181,148,9033,8947,8671,62,28,183,2,1,86,84,2,0,0,0,4726,4525,201
Portsmouth city,VA,50,3,5,51,740,87159966,33876240,95535,40806,36.8594298,-76.3562686,95535,93047,39701,50878,421,1019,112,916,2488,2236,862,346,326,46,65,290,116,33,104,4,0,9,12,15,8,228,18,6,0,95535,2919,92616,90448,38526,50327,379,994,104,118,2168,1956,196,11,5,0,72869,71626,32657,36989,325,865,81,709,1243,1103,128,8,4,0,72869,1956,70913,69816,31857,36675,296,843,73,72,1097,973,113,7,4,0,40806,37324,3482
Radford city,VA,50,3,5,51,750,25567146,867994,16408,6427,37.120036,-80.5570481,16408,16002,14273,1279,33,256,5,156,406,373,190,49,62,8,25,14,12,3,6,0,0,1,2,1,0,33,0,0,0,16408,385,16023,15646,14075,1262,30,251,5,23,377,344,33,0,0,0,14263,14002,12552,1058,33,221,5,133,261,240,21,0,0,0,14263,333,13930,13688,12373,1050,30,216,5,14,242,221,21,0,0,0,6427,5990,437
Richmond city,VA,50,3,5,51,760,154894705,6880315,204214,98349,37.531399,-77.4760085,204214,199574,83288,103342,705,4750,158,7331,4640,4142,1281,359,825,35,426,510,208,30,259,18,3,39,29,85,35,452,44,2,0,204214,12803,191411,187730,79813,102264,514,4679,93,367,3681,3274,370,35,2,0,166205,162927,74440,77894,586,4477,122,5408,3278,2927,315,35,1,0,166205,9518,156687,154052,71686,77186,446,4421,81,232,2635,2347,259,28,1,0,98349,87151,11198
Roanoke city,VA,50,3,5,51,770,110234185,884101,97032,47453,37.2778301,-79.9584716,97032,94290,62343,27612,279,1704,53,2299,2742,2559,1375,287,274,19,218,160,45,16,104,13,0,15,2,28,3,174,8,1,0,97032,5345,91687,89407,60042,27256,198,1676,36,199,2280,2148,124,8,0,0,75906,74726,51730,19908,215,1288,35,1550,1180,1078,97,4,1,0,75906,3551,72355,71396,50157,19698,162,1272,26,81,959,873,82,4,0,0,47453,42712,4741
Salem city,VA,50,3,5,51,775,37390584,263478,24802,10832,37.2853329,-80.0552407,24802,24428,21872,1763,62,402,6,323,374,357,183,72,40,0,35,1,5,2,11,0,0,0,1,7,0,17,0,0,0,24802,601,24201,23875,21653,1732,55,398,6,31,326,312,14,0,0,0,19868,19704,17878,1248,49,298,5,226,164,155,9,0,0,0,19868,407,19461,19315,17727,1228,46,296,5,13,146,139,7,0,0,0,10832,10045,787
Staunton city,VA,50,3,5,51,790,51735515,155196,23746,11738,38.1580558,-79.0615011,23746,23188,19874,2885,48,185,7,189,558,509,306,62,59,4,35,20,6,5,9,0,1,0,1,1,0,48,1,0,0,23746,513,23233,22730,19584,2859,41,182,3,61,503,463,39,1,0,0,19131,18898,16432,2178,41,147,5,95,233,209,23,1,0,0,19131,352,18779,18572,16223,2157,36,144,2,10,207,185,21,1,0,0,11738,10480,1258
Suffolk city,VA,50,3,5,51,800,1036429624,74908984,84585,33035,36.6971573,-76.6347808,84585,82637,44197,36120,268,1350,54,648,1948,1759,647,220,368,19,100,151,111,9,91,2,1,5,12,18,5,171,18,0,0,84585,2415,82170,80520,43034,35771,232,1324,50,109,1650,1491,146,13,0,0,62448,61626,34226,25730,191,1015,33,431,822,728,83,11,0,0,62448,1481,60967,60247,33449,25555,167,1001,31,44,720,637,75,8,0,0,33035,30868,2167
Virginia Beach city,VA,50,3,5,51,810,644948896,643150238,437994,177879,36.7793219,-76.0240202,437994,420338,296670,85935,1685,26769,657,8622,17656,15905,4723,1749,4823,261,1328,740,763,82,632,95,6,48,266,351,38,1598,139,13,1,437994,28987,409007,394806,282470,83210,1349,26312,602,863,14201,12907,1189,95,10,0,332745,324608,233719,61765,1308,21246,495,6075,8137,7330,735,60,11,1,332745,18765,313980,307355,224188,60212,1053,20978,460,464,6625,5993,578,45,9,0,177879,165089,12790
Waynesboro city,VA,50,3,5,51,820,38950817,419089,21006,9717,38.0671571,-78.9014197,21006,20325,17274,2229,58,154,5,605,681,639,353,93,55,11,69,31,9,1,13,0,1,1,1,1,0,39,0,3,0,21006,1337,19669,19118,16704,2176,50,154,5,29,551,516,34,0,1,0,16110,15854,13704,1626,45,125,4,350,256,228,25,0,3,0,16110,780,15330,15115,13350,1593,39,125,4,4,215,191,23,0,1,0,9717,8903,814
Williamsburg city,VA,50,3,5,51,830,23366983,417860,14068,5176,37.269293,-76.7067172,14068,13579,10407,1968,38,808,5,353,489,456,143,35,162,6,60,17,11,2,10,0,0,2,2,4,2,32,1,0,0,14068,941,13127,12734,9952,1918,35,802,4,23,393,365,27,1,0,0,12664,12298,9629,1599,30,765,5,270,366,342,23,1,0,0,12664,768,11896,11609,9232,1569,27,760,4,17,287,265,21,1,0,0,5176,4571,605
Winchester city,VA,50,3,5,51,840,23912611,54101,26203,11872,39.1738688,-78.1763562,26203,25403,19532,2864,93,611,4,2299,800,765,377,76,91,4,130,14,9,7,13,2,2,10,5,18,7,32,3,0,0,26203,4041,22162,21564,18085,2783,37,599,3,57,598,570,25,3,0,0,20382,20032,15925,2123,67,471,4,1442,350,332,17,1,0,0,20382,2536,17846,17600,15005,2076,35,461,3,20,246,231,14,1,0,0,11872,10607,1265
Adams County,WA,50,4,9,53,1,4985668796,12623299,18728,6242,47.0048395,-118.5333078,18728,18196,11703,109,356,125,4,5899,532,506,22,68,34,21,288,1,5,0,13,1,0,21,3,28,1,22,4,0,0,18728,11099,7629,7505,7262,47,76,99,3,18,124,115,9,0,0,0,12216,11929,8148,49,217,87,3,3425,287,273,12,2,0,0,12216,6319,5897,5828,5676,16,52,72,2,10,69,62,7,0,0,0,6242,5720,522
Asotin County,WA,50,4,9,53,3,1647784012,11475136,21623,9872,46.1818612,-117.2277813,21623,21102,20392,92,302,117,36,163,521,478,70,232,61,29,56,13,0,0,2,1,0,1,9,1,3,42,0,1,0,21623,643,20980,20549,20026,89,272,114,36,12,431,403,27,0,1,0,16919,16668,16188,52,208,91,25,104,251,236,14,0,1,0,16919,367,16552,16333,15968,51,193,88,25,8,219,209,9,0,1,0,9872,9236,636
Benton County,WA,50,4,9,53,5,4403961281,154412831,175177,68618,46.228072,-119.5168636,175177,168955,144418,2221,1574,4691,253,15798,6222,5851,947,1334,1157,134,1882,21,33,3,108,28,7,41,50,89,17,335,24,7,5,175177,32696,142481,138850,130437,2031,1280,4621,221,260,3631,3394,213,14,5,5,127513,124532,108774,1472,1120,3574,166,9426,2981,2837,127,9,5,3,127513,18650,108863,106971,100826,1380,934,3532,151,148,1892,1792,86,6,5,3,68618,65304,3314
Chelan County,WA,50,4,9,53,7,7564124657,189992686,72453,35465,47.8598915,-120.6185425,72453,70463,57484,236,700,588,100,11355,1990,1880,158,573,260,74,669,7,4,0,18,3,1,47,19,31,16,99,11,0,0,72453,18713,53740,52628,51202,177,514,570,89,76,1112,1045,59,8,0,0,54390,53297,45265,158,509,440,74,6851,1093,1039,51,3,0,0,54390,11082,43308,42662,41592,118,411,426,65,50,646,611,33,2,0,0,35465,27827,7638
Clallam County,WA,50,4,9,53,9,4502251295,2414668004,71404,35582,48.1130086,-123.9306111,71404,68688,62092,596,3630,1007,94,1269,2716,2526,210,1403,428,86,180,32,7,2,5,35,6,48,67,12,5,170,19,1,0,71404,3627,67777,65477,60400,558,3326,993,86,114,2300,2145,140,15,0,0,58415,56927,52163,498,2512,845,76,833,1488,1400,78,9,1,0,58415,2173,56242,54918,51073,469,2383,835,72,86,1324,1247,68,9,0,0,35582,31329,4253
Clark County,WA,50,4,9,53,11,1629112686,70523141,425363,167413,45.7716737,-122.4859027,425363,408144,363397,8426,3624,17504,2708,12485,17219,15652,3183,4139,4247,761,1861,225,187,49,135,79,44,48,392,217,85,1415,125,27,0,425363,32166,393197,379292,347793,8025,2970,17276,2589,639,13905,12697,1104,80,24,0,312788,304879,273989,5775,2631,13056,1756,7672,7909,7266,574,53,16,0,312788,18594,294194,287588,264766,5578,2209,12924,1702,409,6606,6092,464,37,13,0,167413,158099,9314
Columbia County,WA,50,4,9,53,13,2249738808,12566851,4078,2136,46.2928505,-117.9116345,4078,3969,3791,12,58,23,14,71,109,104,7,42,18,4,29,0,0,0,1,0,0,3,0,0,0,4,1,0,0,4078,254,3824,3754,3649,12,47,23,14,9,70,68,1,1,0,0,3255,3196,3060,9,43,19,12,53,59,57,1,1,0,0,3255,154,3101,3060,2977,9,35,19,12,8,41,40,0,1,0,0,2136,1762,374
Cowlitz County,WA,50,4,9,53,15,2952910628,67563094,102410,43450,46.1859234,-122.6586822,102410,98588,91069,642,1570,1500,232,3575,3822,3547,426,1610,551,143,609,20,10,3,18,22,6,47,36,27,19,259,13,3,0,102410,7975,94435,91503,87825,572,1361,1472,209,64,2932,2732,188,11,1,0,77689,75691,70717,425,1137,1171,154,2087,1998,1886,103,8,1,0,77689,4328,73361,71676,68947,388,1010,1148,144,39,1685,1599,78,7,1,0,43450,40244,3206
Douglas County,WA,50,4,9,53,17,4711872269,76122749,38431,16004,47.7358661,-119.6958798,38431,37420,30573,128,405,283,52,5979,1011,963,87,293,176,37,289,9,6,0,7,6,0,12,6,25,10,47,1,0,0,38431,11013,27418,26820,26070,85,293,269,51,52,598,572,25,1,0,0,27960,27465,23347,91,270,216,33,3508,495,477,18,0,0,0,27960,6327,21633,21318,20768,62,210,210,32,36,315,303,12,0,0,0,16004,13894,2110
Ferry County,WA,50,4,9,53,19,5706154501,140280530,7551,4403,48.4372459,-118.5170739,7551,7192,5758,26,1259,52,8,89,359,342,27,253,24,3,5,1,1,0,0,8,2,9,1,8,0,15,1,1,0,7551,254,7297,6963,5662,18,1215,52,8,8,334,320,13,1,0,0,6053,5822,4808,17,891,35,8,63,231,219,11,0,1,0,6053,168,5885,5669,4743,14,862,35,8,7,216,206,10,0,0,0,4403,3190,1213
Franklin County,WA,50,4,9,53,21,3217208258,60193369,78163,24423,46.5345799,-118.9069436,78163,75696,47270,1473,531,1434,107,24881,2467,2288,317,353,321,55,994,18,8,6,71,7,0,31,30,39,38,167,9,3,0,78163,40004,38159,37072,33804,1339,357,1384,92,96,1087,1011,69,7,0,0,51449,50307,33264,1118,404,1068,82,14371,1142,1087,52,2,1,0,51449,22789,28660,28091,25605,1041,280,1041,74,50,569,534,33,2,0,0,24423,23245,1178
Garfield County,WA,50,4,9,53,23,1840669150,19490282,2266,1233,46.4294742,-117.5367145,2266,2222,2125,0,6,39,0,52,44,36,3,11,8,7,7,0,0,0,0,0,0,0,0,0,0,8,0,0,0,2266,91,2175,2149,2102,0,5,38,0,4,26,23,3,0,0,0,1812,1788,1725,0,5,29,0,29,24,21,3,0,0,0,1812,50,1762,1749,1713,0,4,28,0,4,13,13,0,0,0,0,1233,989,244
Grant County,WA,50,4,9,53,25,6939907170,289575234,89120,35083,47.2136328,-119.467788,89120,86019,64906,990,1088,810,71,18154,3101,2939,323,771,336,41,1244,23,15,2,48,17,0,52,15,40,12,135,15,12,0,89120,34163,54957,53487,51066,710,779,783,54,95,1470,1391,67,6,6,0,61895,60339,47496,683,765,654,48,10693,1556,1497,52,2,5,0,61895,19650,42245,41452,39633,518,567,635,37,62,793,764,24,2,3,0,35083,30041,5042
Grays Harbor County,WA,50,4,9,53,27,4926225833,834957671,72797,35166,47.1427856,-123.8270425,72797,69984,61825,803,3325,1032,182,2817,2813,2612,246,1311,411,68,352,26,10,5,7,49,21,63,20,19,4,187,14,0,0,72797,6272,66525,64293,59282,762,3005,995,177,72,2232,2087,134,11,0,0,57073,55518,49834,650,2316,838,145,1735,1555,1459,89,7,0,0,57073,3593,53480,52167,48365,625,2175,807,140,55,1313,1234,73,6,0,0,35166,28579,6587
Island County,WA,50,4,9,53,29,539879663,800115268,78506,40234,48.1584361,-122.6705032,78506,74996,67611,1716,658,3440,390,1181,3510,3161,544,805,1115,120,225,46,102,17,24,23,8,11,77,36,8,318,27,4,0,78506,4295,74211,71268,65209,1641,561,3377,370,110,2943,2686,232,22,3,0,62212,60500,54926,1208,507,2770,274,815,1712,1577,123,10,2,0,62212,2675,59537,58050,53372,1173,434,2734,264,73,1487,1378,101,7,1,0,40234,32746,7488
Jefferson County,WA,50,4,9,53,31,4671561779,982751274,29872,17767,47.8026411,-123.5218104,29872,28852,27198,246,681,464,63,200,1020,953,90,501,203,27,64,12,5,0,4,7,10,7,16,5,2,63,2,2,0,29872,848,29024,28129,26681,237,628,460,62,61,895,841,52,2,0,0,25426,24763,23527,185,483,399,40,129,663,630,30,1,2,0,25426,541,24885,24285,23175,180,454,396,39,41,600,574,25,1,0,0,17767,14049,3718
King County,WA,50,4,9,53,33,5479291809,495471264,1931249,851261,47.4935537,-121.8323748,1931249,1834450,1325845,119801,16147,282075,14486,76096,96799,86587,15567,13359,33351,2562,8207,2172,2575,514,1297,989,174,468,2646,2317,389,9172,933,107,0,1931249,172378,1758871,1679342,1251300,116326,12931,280029,14068,4688,79529,71441,7363,665,60,0,1517747,1466179,1083921,86901,12201,222327,9905,50924,51568,46624,4471,403,70,0,1517747,113079,1404668,1361922,1033516,84750,10126,220884,9656,2990,42746,38701,3703,299,43,0,851261,789232,62029
Kitsap County,WA,50,4,9,53,35,1022893152,442829766,251133,107367,47.6396874,-122.6496358,251133,236684,207369,6650,4040,12396,2310,3919,14449,12896,2127,3261,4400,714,898,159,241,105,82,196,66,45,403,143,56,1413,117,16,7,251133,15686,235447,223280,198745,6329,3524,12082,2177,423,12167,10962,1103,81,16,5,194637,187550,165138,5111,2884,9982,1656,2779,7087,6455,574,45,8,5,194637,9892,184745,178626,159544,4892,2566,9779,1574,271,6119,5616,462,30,8,3,107367,97220,10147
Kittitas County,WA,50,4,9,53,37,5949903934,92370342,40915,21900,47.1244443,-120.6767136,40915,39669,36544,364,394,810,57,1500,1246,1171,144,429,334,48,151,9,11,1,5,6,4,9,9,10,1,69,6,0,0,40915,3121,37794,36809,35214,339,353,795,56,52,985,931,48,6,0,0,33431,32576,30198,310,309,702,42,1015,855,809,44,2,0,0,33431,2041,31390,30680,29337,288,284,688,41,42,710,672,36,2,0,0,21900,16595,5305
Klickitat County,WA,50,4,9,53,39,4846679228,85063380,20318,9786,45.8695091,-120.7801171,20318,19648,17824,50,481,127,19,1147,670,633,38,302,110,17,126,3,4,0,9,3,2,8,5,2,4,32,4,1,0,20318,2171,18147,17652,17022,42,434,122,17,15,495,468,23,3,1,0,15835,15463,14260,27,353,101,14,708,372,352,15,4,1,0,15835,1260,14575,14272,13801,26,320,99,13,13,303,289,10,3,1,0,9786,8327,1459
Lewis County,WA,50,4,9,53,41,6223229463,86636927,75455,34050,46.5800714,-122.3774443,75455,73018,67712,405,1073,664,117,3047,2437,2322,283,1092,374,111,368,12,6,1,9,10,9,21,11,4,11,111,4,0,0,75455,6527,68928,67022,64881,370,952,643,103,73,1906,1824,80,2,0,0,57995,56739,53205,269,808,512,85,1860,1256,1195,59,2,0,0,57995,3596,54399,53331,51708,251,736,499,81,56,1068,1018,49,1,0,0,34050,29743,4307
Lincoln County,WA,50,4,9,53,43,5984151955,74744197,10570,5776,47.5827176,-118.4176675,10570,10334,10038,28,173,41,5,49,236,226,18,127,40,2,25,7,1,1,0,0,3,0,1,1,0,10,0,0,0,10570,239,10331,10129,9891,25,162,41,5,5,202,192,10,0,0,0,8174,8037,7826,13,124,36,5,33,137,130,7,0,0,0,8174,151,8023,7900,7727,10,118,36,5,4,123,116,7,0,0,0,5776,4422,1354
Mason County,WA,50,4,9,53,45,2484878730,237245899,60699,32518,47.3541257,-123.1738498,60699,58186,52281,659,2239,731,227,2049,2513,2342,241,1105,404,116,275,30,9,4,19,15,10,47,56,6,5,160,11,0,0,60699,4844,55855,53809,50349,609,1864,692,214,81,2046,1923,117,6,0,0,48325,46923,42763,549,1571,614,171,1255,1402,1338,59,5,0,0,48325,2871,45454,44252,41553,521,1361,593,161,63,1202,1155,44,3,0,0,32518,23832,8686
Okanogan County,WA,50,4,9,53,47,13643999206,121250186,41120,22245,48.5509709,-119.6910346,41120,39664,30399,159,4675,237,31,4163,1456,1368,100,738,100,14,290,21,8,2,7,21,2,33,2,11,19,85,1,2,0,41120,7227,33893,32906,28092,131,4391,223,27,42,987,935,50,0,2,0,31453,30677,24674,104,3184,177,19,2519,776,745,28,1,2,0,31453,4170,27283,26688,23355,85,3036,164,17,31,595,573,20,0,2,0,22245,16519,5726
Pacific County,WA,50,4,9,53,49,2415572451,752977439,20920,15547,46.5565866,-123.7824193,20920,20216,18286,79,483,427,15,926,704,654,39,414,93,4,70,2,5,0,1,6,0,3,11,6,0,46,4,0,0,20920,1677,19243,18644,17699,67,427,424,14,13,599,556,40,3,0,0,17172,16757,15452,43,349,331,12,570,415,391,22,2,0,0,17172,983,16189,15823,15122,37,312,329,11,12,366,345,20,1,0,0,15547,9499,6048
Pend Oreille County,WA,50,4,9,53,51,3625955333,65405307,13001,7936,48.5438774,-117.2321828,13001,12627,11907,52,488,73,16,91,374,341,28,207,47,10,19,14,0,2,4,4,0,6,0,0,0,29,4,0,0,13001,391,12610,12306,11677,50,466,73,16,24,304,285,15,4,0,0,10193,9976,9505,32,310,60,10,59,217,203,12,2,0,0,10193,235,9958,9768,9362,31,296,60,10,9,190,180,8,2,0,0,7936,5479,2457
Pierce County,WA,50,4,9,53,53,4324005310,354658008,795225,325375,47.0407155,-122.144709,795225,740878,590040,53998,10879,47501,10588,27872,54347,47721,12321,9022,13154,1904,3915,1352,1918,440,648,381,123,270,1469,579,225,5972,593,59,2,795225,72849,722376,677879,559160,51436,9143,46520,10205,1415,44497,39374,4688,397,36,2,597098,571410,461987,39386,7763,37628,7046,17600,25688,23269,2203,183,31,2,597098,43161,553937,532242,442853,37969,6711,37024,6826,859,21695,19714,1821,138,20,2,325375,299918,25457
San Juan County,WA,50,4,9,53,55,450437066,1158109609,15769,13313,48.5088615,-123.1006162,15769,15370,14597,54,111,181,15,412,399,384,27,191,96,8,46,1,0,0,2,2,0,0,4,7,0,15,0,0,0,15769,857,14912,14589,14228,49,84,179,14,35,323,313,10,0,0,0,13276,13031,12482,32,86,146,14,271,245,237,8,0,0,0,13276,561,12715,12507,12223,31,66,145,13,29,208,202,6,0,0,0,13313,7613,5700
Skagit County,WA,50,4,9,53,57,4483794950,489329871,116901,51473,48.4930662,-121.8162777,116901,113162,97448,774,2516,2080,226,10118,3739,3499,437,1190,637,87,779,55,23,5,43,28,8,88,53,44,22,224,8,5,3,116901,19709,97192,94736,89694,640,2038,2025,180,159,2456,2286,158,7,2,3,89164,87198,77267,529,1666,1646,148,5942,1966,1871,86,5,3,1,89164,11292,77872,76501,72786,448,1421,1615,127,104,1371,1300,63,5,2,1,51473,45557,5916
Skamania County,WA,50,4,9,53,59,4288183445,72852866,11066,5628,46.0247815,-121.9532269,11066,10737,10265,46,173,96,11,146,329,304,24,179,48,14,30,3,1,0,0,3,0,0,2,0,0,24,0,1,0,11066,553,10513,10226,9918,44,150,96,11,7,287,269,17,0,1,0,8608,8420,8087,23,128,81,10,91,188,178,9,0,1,0,8608,308,8300,8131,7895,22,116,81,10,7,169,161,7,0,1,0,5628,4522,1106
Snohomish County,WA,50,4,9,53,61,5406013264,282371494,713335,286659,48.054913,-121.7664118,713335,680613,559011,18168,9793,63385,3135,27121,32722,29641,5126,6714,10025,1056,3193,393,568,79,297,292,74,191,930,582,121,2808,235,37,1,713335,64249,649086,622546,529814,17299,8451,62760,3002,1220,26540,24220,2149,144,27,0,539168,523358,435340,13072,6904,48455,2206,17381,15810,14524,1180,84,21,1,539168,38974,500194,487047,417383,12577,6151,48049,2130,757,13147,12135,940,55,17,0,286659,268325,18334
Spokane County,WA,50,4,9,53,63,4568198649,43802705,471221,201434,47.6203793,-117.4043916,471221,453365,420275,8056,7295,9957,1902,5880,17856,16274,3710,5383,3833,518,1429,354,165,69,96,125,46,97,250,152,47,1440,118,24,0,471221,21260,449961,435047,408629,7714,6478,9799,1817,610,14914,13690,1135,77,12,0,361719,352819,328839,5867,5140,7784,1202,3987,8900,8252,591,43,14,0,361719,13080,348639,340981,321445,5664,4662,7671,1153,386,7658,7124,495,32,7,0,201434,187167,14267
Stevens County,WA,50,4,9,53,65,6417380728,163131299,43531,21156,48.3906475,-117.8548968,43531,42075,38923,145,2413,237,68,289,1456,1365,103,871,178,63,83,12,2,0,3,17,1,12,5,13,2,69,22,0,0,43531,1185,42346,41050,38261,145,2275,234,62,73,1296,1219,59,18,0,0,33036,32241,30097,96,1634,193,42,179,795,757,31,7,0,0,33036,668,32368,31638,29704,96,1563,190,38,47,730,697,28,5,0,0,21156,17316,3840
Thurston County,WA,50,4,9,53,67,1869871525,133491584,252264,108182,46.9325978,-122.8294407,252264,238769,207856,6752,3515,13037,1961,5648,13495,12102,2352,3173,3532,504,1212,163,228,60,77,73,58,74,366,182,48,1257,125,11,0,252264,17787,234477,223554,199019,6420,3009,12820,1869,417,10923,9902,945,71,5,0,194142,187515,164858,4881,2553,10108,1365,3750,6627,6091,486,42,8,0,194142,10760,183382,177823,159298,4698,2237,9990,1314,286,5559,5136,389,31,3,0,108182,100650,7532
Wahkiakum County,WA,50,4,9,53,69,682138841,61658244,3978,2067,46.2946377,-123.4244583,3978,3855,3738,10,52,23,6,26,123,104,4,73,12,1,7,3,0,0,0,0,0,4,0,0,0,17,2,0,0,3978,108,3870,3766,3678,8,48,22,6,4,104,91,11,2,0,0,3244,3170,3088,4,33,20,4,21,74,67,7,0,0,0,3244,60,3184,3115,3055,3,30,19,4,4,69,62,7,0,0,0,2067,1737,330
Walla Walla County,WA,50,4,9,53,71,3289618915,74827643,58781,23451,46.2546061,-118.4803741,58781,56953,49654,1079,603,758,167,4692,1828,1707,221,460,334,73,466,16,4,6,17,5,1,22,44,25,13,110,9,2,0,58781,11593,47188,46006,43604,1004,452,733,159,54,1182,1097,77,6,2,0,45541,44525,39439,943,453,641,134,2915,1016,956,51,7,2,0,45541,7001,38540,37823,35784,894,359,619,128,39,717,671,39,5,2,0,23451,21719,1732
Whatcom County,WA,50,4,9,53,73,5456733620,1027224451,201140,90665,48.8426531,-121.8364325,201140,193587,171816,1929,5683,7090,492,6577,7553,6863,1031,2015,2034,198,803,114,70,15,42,186,27,67,121,114,26,643,39,8,0,201140,15756,185384,179346,164675,1789,5070,6988,459,365,6038,5508,498,27,5,0,158935,154611,138888,1421,3993,5699,368,4242,4324,3978,325,14,7,0,158935,9645,149290,145656,134436,1339,3636,5632,351,262,3634,3339,280,11,4,0,90665,80370,10295
Whitman County,WA,50,4,9,53,75,5592015929,47940249,44776,19323,46.9033216,-117.5229619,44776,43146,37866,748,308,3472,103,649,1630,1488,198,402,619,47,116,14,29,5,4,2,3,7,26,11,5,124,13,5,0,44776,2040,42736,41343,36760,721,272,3449,99,42,1393,1281,98,11,3,0,38035,36845,32293,612,239,3063,96,542,1190,1077,99,9,5,0,38035,1579,36456,35402,31423,586,216,3048,93,36,1054,963,80,8,3,0,19323,17468,1855
Yakima County,WA,50,4,9,53,77,11125023321,41131437,243231,85474,46.4565581,-120.7401446,243231,234122,155056,2320,10568,2560,204,63414,9109,8522,825,2363,889,136,3226,95,29,11,128,123,18,348,54,214,63,548,29,10,0,243231,109470,133761,129671,116024,1743,9072,2359,142,331,4090,3815,260,10,5,0,169193,164561,116218,1643,6820,1952,158,37770,4632,4398,213,13,8,0,169193,63528,105665,103332,93795,1337,6038,1829,119,214,2333,2208,116,6,3,0,85474,80592,4882
Barbour County,WV,50,3,5,54,1,883338809,4639186,16589,7849,39.1397543,-79.9969144,16589,16345,16059,124,96,34,3,29,244,215,80,98,14,2,7,9,0,0,2,0,0,0,1,2,0,28,1,0,0,16589,96,16493,16259,16005,120,91,34,3,6,234,207,26,1,0,0,12987,12829,12611,93,71,30,3,21,158,134,23,1,0,0,12987,67,12920,12770,12573,92,68,30,3,4,150,128,21,1,0,0,7849,6548,1301
Berkeley County,WV,50,3,5,54,3,831754462,1074157,104169,44762,39.4578544,-78.0323378,104169,101423,91500,7432,286,878,38,1289,2746,2574,1378,426,337,28,216,64,28,10,57,2,4,4,7,13,0,159,11,2,0,104169,3961,100208,97846,89379,7234,242,860,29,102,2362,2218,140,3,1,0,77953,76969,69824,5400,231,692,30,792,984,911,69,2,2,0,77953,2270,75683,74844,68613,5285,199,679,22,46,839,777,61,0,1,0,44762,39855,4907
Boone County,WV,50,3,5,54,5,1298991045,4282300,24629,11070,38.0228383,-81.7133139,24629,24491,24271,122,35,21,1,41,138,138,57,58,7,4,6,1,0,0,1,4,0,0,0,0,0,0,0,0,0,24629,97,24532,24402,24220,122,33,21,1,5,130,130,0,0,0,0,19004,18927,18759,95,28,15,1,29,77,77,0,0,0,0,19004,66,18938,18865,18725,95,26,15,1,3,73,73,0,0,0,0,11070,9928,1142
Braxton County,WV,50,3,5,54,7,1322996847,14144309,14523,7415,38.6993021,-80.731649,14523,14395,14259,59,42,25,3,7,128,121,40,54,15,4,6,0,0,0,1,1,0,0,0,0,0,7,0,0,0,14523,67,14456,14335,14206,59,38,24,3,5,121,114,7,0,0,0,11514,11439,11324,50,35,21,3,6,75,68,7,0,0,0,11514,42,11472,11402,11294,50,31,20,3,4,70,63,7,0,0,0,7415,6000,1415
Brooke County,WV,50,3,5,54,9,231038789,8720599,24069,10967,40.2726454,-80.5786912,24069,23795,23358,281,21,95,3,37,274,259,130,76,37,3,4,7,0,0,1,0,0,0,1,0,0,15,0,0,0,24069,163,23906,23647,23241,273,19,95,3,16,259,250,9,0,0,0,19492,19350,19001,227,20,78,2,22,142,131,11,0,0,0,19492,118,19374,19243,18919,220,18,78,2,6,131,123,8,0,0,0,10967,10020,947
Cabell County,WV,50,3,5,54,11,727832268,18127980,96319,46169,38.41958,-82.2433916,96319,94418,88194,4784,220,940,25,255,1901,1817,945,439,237,30,56,55,12,3,12,6,4,3,4,11,0,76,8,0,0,96319,1046,95273,93475,87520,4717,209,931,21,77,1798,1722,70,6,0,0,77411,76527,71685,3688,177,791,20,166,884,831,48,5,0,0,77411,711,76700,75859,71198,3655,167,784,18,37,841,792,45,4,0,0,46169,41223,4946
Calhoun County,WV,50,3,5,54,13,723252287,3704590,7627,3963,38.8441591,-81.1154775,7627,7571,7504,16,21,12,3,15,56,53,13,32,4,3,1,0,0,0,0,0,0,0,0,0,0,3,0,0,0,7627,57,7570,7517,7465,15,21,12,3,1,53,52,1,0,0,0,6113,6073,6027,9,18,10,1,8,40,37,3,0,0,0,6113,36,6077,6040,6001,9,18,10,1,1,37,36,1,0,0,0,3963,3268,695
Clay County,WV,50,3,5,54,15,885522451,4957435,9386,4572,38.4598259,-81.0818663,9386,9310,9271,6,19,7,2,5,76,76,14,48,8,4,2,0,0,0,0,0,0,0,0,0,0,0,0,0,0,9386,33,9353,9280,9243,6,19,7,2,3,73,73,0,0,0,0,7167,7119,7090,3,15,7,2,2,48,48,0,0,0,0,7167,19,7148,7102,7074,3,15,7,2,1,46,46,0,0,0,0,4572,3728,844
Doddridge County,WV,50,3,5,54,17,828070906,1958441,8202,3946,39.2634818,-80.701147,8202,8110,7955,111,24,14,1,5,92,86,16,56,7,0,5,1,0,0,0,1,0,0,0,0,0,6,0,0,0,8202,39,8163,8077,7926,111,24,14,1,1,86,80,6,0,0,0,6526,6462,6329,95,22,12,1,3,64,58,6,0,0,0,6526,26,6500,6440,6310,95,22,12,1,0,60,54,6,0,0,0,3946,3099,847
Fayette County,WV,50,3,5,54,19,1713406009,17606569,46039,21618,38.0309328,-81.0860508,46039,45420,43026,2122,92,91,5,84,619,597,290,199,25,22,34,10,1,3,10,0,0,0,1,2,0,15,7,0,0,46039,402,45637,45064,42763,2097,91,89,5,19,573,560,8,5,0,0,36583,36273,34291,1771,79,73,5,54,310,301,6,3,0,0,36583,286,36297,36010,34095,1752,78,71,5,9,287,281,5,1,0,0,21618,18813,2805
Gilmer County,WV,50,3,5,54,21,876717515,4082546,8693,3448,38.9158652,-80.8494093,8693,8546,7173,1073,42,36,11,211,147,138,23,64,10,2,9,8,3,1,13,0,0,4,0,1,0,9,0,0,0,8693,493,8200,8078,6952,1048,28,34,11,5,122,116,6,0,0,0,7436,7315,5964,1063,39,31,8,210,121,112,9,0,0,0,7436,458,6978,6878,5772,1038,26,29,8,5,100,94,6,0,0,0,3448,2753,695
Grant County,WV,50,3,5,54,23,1236391168,7545463,11937,6366,39.1059882,-79.195064,11937,11835,11657,80,18,19,3,58,102,100,37,32,5,2,21,1,0,0,2,0,0,0,0,0,0,2,0,0,0,11937,120,11817,11731,11618,72,17,18,2,4,86,84,2,0,0,0,9380,9328,9187,65,16,16,2,42,52,51,1,0,0,0,9380,73,9307,9259,9163,60,15,15,2,4,48,47,1,0,0,0,6366,4941,1425
Greenbrier County,WV,50,3,5,54,25,2640671499,12796750,35480,18980,37.9244182,-80.4505904,35480,34946,33565,981,112,142,8,138,534,492,235,161,38,0,28,17,1,2,4,2,0,0,2,2,0,41,1,0,0,35480,422,35058,34561,33330,973,88,142,8,20,497,463,33,1,0,0,28364,28094,26978,813,101,114,8,80,270,245,24,1,0,0,28364,270,28094,27839,26825,809,78,114,8,5,255,233,21,1,0,0,18980,15443,3537
Hampshire County,WV,50,3,5,54,27,1658236572,11343541,23964,13688,39.3121395,-78.6119886,23964,23697,23301,240,50,51,15,40,267,248,88,83,37,6,26,2,0,0,5,1,0,0,0,0,0,17,1,1,0,23964,242,23722,23490,23146,225,49,50,15,5,232,218,12,1,1,0,18578,18440,18132,184,43,45,6,30,138,127,9,1,1,0,18578,146,18432,18304,18033,174,42,44,6,5,128,118,8,1,1,0,13688,9595,4093
Hancock County,WV,50,3,5,54,29,213957204,13879374,30676,14541,40.5169313,-80.5700565,30676,30274,29365,712,39,87,8,63,402,380,207,93,41,7,14,10,0,5,2,0,0,0,0,1,0,18,4,0,0,30676,314,30362,29989,29143,708,33,80,7,18,373,359,10,4,0,0,24515,24333,23627,554,35,71,7,39,182,170,10,2,0,0,24515,199,24316,24147,23482,553,33,65,6,8,169,159,8,2,0,0,14541,13297,1244
Hardy County,WV,50,3,5,54,31,1508182025,5624848,14025,8078,39.0108182,-78.8436412,14025,13890,13161,354,24,142,1,208,135,131,50,45,11,3,16,0,1,0,4,0,0,0,0,0,1,4,0,0,0,14025,478,13547,13439,12936,327,24,142,0,10,108,105,3,0,0,0,11016,10938,10357,292,21,124,1,143,78,75,3,0,0,0,11016,307,10709,10649,10224,276,21,124,0,4,60,57,3,0,0,0,8078,5818,2260
Harrison County,WV,50,3,5,54,33,1077454759,1320333,69099,31431,39.2791993,-80.3864869,69099,68030,66306,1121,136,327,16,124,1069,1021,413,362,116,25,78,8,2,1,2,2,0,6,1,5,0,48,0,0,0,69099,883,68216,67232,65629,1111,127,320,15,30,984,944,40,0,0,0,53927,53396,52111,841,108,242,16,78,531,506,25,0,0,0,53927,615,53312,52826,51625,835,103,236,15,12,486,465,21,0,0,0,31431,28533,2898
Jackson County,WV,50,3,5,54,35,1202654983,18858918,29211,13305,38.8342339,-81.6777168,29211,28953,28673,85,48,79,9,59,258,254,87,116,26,8,7,2,2,0,0,2,2,0,0,2,0,4,0,0,0,29211,185,29026,28775,28563,78,41,79,9,5,251,247,4,0,0,0,22622,22485,22308,46,36,56,6,33,137,135,2,0,0,0,22622,121,22501,22367,22227,45,32,56,6,1,134,132,2,0,0,0,13305,11931,1374
Jefferson County,WV,50,3,5,54,37,542951079,5274680,53498,22037,39.3073985,-77.86322,53498,52129,46876,3524,132,618,33,946,1369,1250,546,260,208,24,110,31,18,4,14,3,0,1,7,19,5,107,12,0,0,53498,2489,51009,49838,45565,3445,115,605,30,78,1171,1070,91,10,0,0,40794,40231,36288,2725,112,474,26,606,563,512,48,3,0,0,40794,1551,39243,38757,35447,2678,101,468,25,38,486,440,43,3,0,0,22037,19931,2106
Kanawha County,WV,50,3,5,54,39,2335100448,24173038,193063,92618,38.3280607,-81.5235223,193063,189128,172036,14115,410,2000,41,526,3935,3680,1997,867,428,38,85,128,37,5,52,8,0,2,8,22,3,246,7,2,0,193063,1812,191251,187533,170969,13950,388,1982,37,207,3718,3501,209,6,2,0,153329,151589,138818,10528,331,1558,35,319,1740,1604,130,4,2,0,153329,1200,152129,150491,138069,10431,315,1547,32,97,1638,1520,113,3,2,0,92618,84201,8417
Lewis County,WV,50,3,5,54,41,996874721,12305530,16372,7958,38.9888444,-80.4955177,16372,16209,16029,74,33,55,1,17,163,158,42,78,20,0,15,0,0,0,1,2,0,0,0,0,0,5,0,0,0,16372,104,16268,16120,15964,65,32,51,1,7,148,143,5,0,0,0,12975,12872,12742,49,27,44,1,9,103,99,4,0,0,0,12975,71,12904,12811,12695,44,26,43,1,2,93,89,4,0,0,0,7958,6863,1095
Lincoln County,WV,50,3,5,54,43,1131924510,4024203,21720,9887,38.1716505,-82.0775472,21720,21579,21504,18,21,24,0,12,141,136,31,79,17,0,9,0,0,0,0,0,0,0,0,0,0,5,0,0,0,21720,96,21624,21496,21433,18,18,24,0,3,128,128,0,0,0,0,16790,16703,16650,10,21,15,0,7,87,84,3,0,0,0,16790,62,16728,16647,16602,10,18,15,0,2,81,81,0,0,0,0,9887,8783,1104
Logan County,WV,50,3,5,54,45,1175173524,4866223,36743,16743,37.8305905,-81.940853,36743,36451,35475,788,33,101,0,54,292,285,114,117,25,4,14,7,1,0,1,1,0,0,1,0,0,5,1,1,0,36743,258,36485,36211,35285,780,30,101,0,15,274,269,3,1,1,0,29249,29093,28325,625,27,84,0,32,156,151,4,0,1,0,29249,178,29071,28921,28187,620,25,84,0,5,150,147,2,0,1,0,16743,14907,1836
McDowell County,WV,50,3,5,54,47,1381643483,3736644,22113,11322,37.3826627,-81.6582048,22113,21877,19710,2107,34,15,0,11,236,213,108,77,6,4,9,6,0,2,0,0,0,0,0,1,0,19,1,3,0,22113,91,22022,21791,19637,2098,34,15,0,7,231,210,17,1,3,0,17699,17570,15822,1702,31,9,0,6,129,116,9,1,3,0,17699,68,17631,17504,15766,1695,31,9,0,3,127,114,9,1,3,0,11322,9176,2146
Marion County,WV,50,3,5,54,49,799620921,7207890,56418,26463,39.5058387,-80.2434018,56418,55599,53226,1858,107,282,6,120,819,776,404,203,77,6,40,21,9,2,2,3,0,3,3,3,0,43,0,0,0,56418,514,55904,55142,52874,1838,101,281,5,43,762,723,39,0,0,0,45213,44799,43034,1379,87,224,5,70,414,385,29,0,0,0,45213,370,44843,44459,42769,1363,83,223,5,16,384,359,25,0,0,0,26463,23786,2677
Marshall County,WV,50,3,5,54,51,791062651,17412491,33107,15918,39.8547174,-80.671378,33107,32822,32429,177,47,119,2,48,285,276,101,98,34,7,29,2,0,0,0,1,3,0,1,0,0,9,0,0,0,33107,265,32842,32589,32243,175,43,117,2,9,253,246,7,0,0,0,26215,26073,25781,125,37,97,2,31,142,135,7,0,0,0,26215,187,26028,25899,25639,125,34,95,2,4,129,123,6,0,0,0,15918,13869,2049
Mason County,WV,50,3,5,54,53,1115632960,36174753,27324,13006,38.7592882,-82.0241715,27324,27048,26704,171,41,90,12,30,276,268,101,115,20,7,20,1,1,2,0,0,1,0,0,0,0,7,1,0,0,27324,119,27205,26939,26618,171,39,89,12,10,266,258,7,1,0,0,21392,21241,20976,132,39,64,9,21,151,143,7,1,0,0,21392,65,21327,21179,20932,132,37,63,9,6,148,140,7,1,0,0,13006,11149,1857
Mercer County,WV,50,3,5,54,55,1085187156,4482333,62264,30115,37.4034477,-81.106456,62264,61375,57009,3791,141,325,2,107,889,859,476,235,68,9,33,20,2,3,3,4,0,1,0,4,1,27,3,0,0,62264,480,61784,60949,56711,3740,135,323,2,38,835,812,23,0,0,0,49472,49069,45860,2751,111,286,1,60,403,386,16,1,0,0,49472,322,49150,48775,45645,2721,108,284,1,16,375,360,15,0,0,0,30115,26603,3512
Mineral County,WV,50,3,5,54,57,849075073,3595249,28212,13039,39.4056259,-78.9565812,28212,27864,26890,782,41,110,1,40,348,331,205,74,25,4,7,8,3,0,3,0,0,0,0,2,0,12,5,0,0,28212,202,28010,27672,26742,769,34,110,1,16,338,321,12,5,0,0,22341,22187,21403,644,39,75,1,25,154,143,8,3,0,0,22341,127,22214,22065,21309,635,33,75,1,12,149,138,8,3,0,0,13039,11550,1489
Mingo County,WV,50,3,5,54,59,1095846454,2224025,26839,12699,37.7211509,-82.1589931,26839,26591,26048,473,18,43,1,8,248,240,126,79,17,2,9,1,0,0,2,1,0,0,0,1,2,7,1,0,0,26839,119,26720,26481,25944,471,18,43,0,5,239,231,7,1,0,0,20923,20792,20369,368,16,34,1,4,131,125,5,1,0,0,20923,81,20842,20715,20296,367,16,34,0,2,127,121,5,1,0,0,12699,11125,1574
Monongalia County,WV,50,3,5,54,61,932556578,15068012,96189,43238,39.6336448,-80.0590736,96189,94485,87488,3496,145,2941,48,367,1704,1623,699,304,396,22,81,30,17,1,12,6,0,2,21,29,3,71,8,2,0,96189,1692,94497,92930,86298,3436,132,2929,42,93,1567,1508,54,4,1,0,80937,79959,74178,2905,120,2430,37,289,978,922,51,3,2,0,80937,1340,79597,78708,73230,2857,110,2418,33,60,889,844,41,3,1,0,43238,39777,3461
Monroe County,WV,50,3,5,54,63,1224422242,2298838,13502,7601,37.5503532,-80.5478911,13502,13320,13162,91,27,15,3,22,182,163,40,98,14,3,5,3,0,0,0,0,0,0,0,0,0,6,11,2,0,13502,83,13419,13253,13110,89,26,15,3,10,166,158,6,0,2,0,10664,10554,10435,69,23,8,3,16,110,101,3,4,2,0,10664,54,10610,10505,10397,67,22,8,3,8,105,100,3,0,2,0,7601,5655,1946
Morgan County,WV,50,3,5,54,65,593295447,1401528,17541,9753,39.5548351,-78.2573143,17541,17306,17063,97,55,50,4,37,235,211,52,109,27,3,11,8,0,0,0,0,0,0,1,0,0,24,0,0,0,17541,183,17358,17152,16949,96,43,50,4,10,206,191,15,0,0,0,13941,13797,13610,75,43,42,4,23,144,135,9,0,0,0,13941,117,13824,13697,13534,75,37,42,4,5,127,121,6,0,0,0,9753,7303,2450
Nicholas County,WV,50,3,5,54,67,1675266140,19638976,26233,13064,38.2914157,-80.797516,26233,25997,25805,43,53,69,7,20,236,233,39,168,15,5,5,0,0,0,0,0,0,1,0,0,0,2,1,0,0,26233,146,26087,25858,25688,42,51,69,6,2,229,226,2,1,0,0,20683,20544,20419,20,49,43,3,10,139,139,0,0,0,0,20683,86,20597,20461,20348,19,48,43,3,0,136,136,0,0,0,0,13064,10938,2126
Ohio County,WV,50,3,5,54,69,274072974,8297885,44443,21172,40.0989316,-80.6207278,44443,43581,41416,1636,62,370,8,89,862,818,489,174,78,7,27,21,8,1,0,0,1,1,8,3,0,41,2,1,0,44443,362,44081,43252,41163,1614,56,365,5,49,829,788,39,2,0,0,35978,35624,34036,1194,48,286,3,57,354,338,15,0,1,0,35978,254,35724,35389,33857,1182,42,284,2,22,335,321,14,0,0,0,21172,18914,2258
Pendleton County,WV,50,3,5,54,71,1802759588,5437242,7695,5132,38.6868364,-79.333707,7695,7604,7402,150,18,20,1,13,91,91,36,32,10,6,3,1,3,0,0,0,0,0,0,0,0,0,0,0,0,7695,71,7624,7538,7353,149,15,20,1,0,86,86,0,0,0,0,6232,6182,6029,114,13,14,1,11,50,50,0,0,0,0,6232,42,6190,6142,6002,113,12,14,1,0,48,48,0,0,0,0,5132,3285,1847
Pleasants County,WV,50,3,5,54,73,336966345,11509296,7605,3390,39.3681331,-81.1611724,7605,7532,7401,100,12,8,0,11,73,69,12,49,4,0,3,0,0,0,0,0,0,1,0,0,0,4,0,0,0,7605,61,7544,7477,7354,96,11,8,0,8,67,63,4,0,0,0,6054,6007,5890,93,10,5,0,9,47,46,1,0,0,0,6054,32,6022,5978,5865,91,10,5,0,7,44,43,1,0,0,0,3390,2861,529
Pocahontas County,WV,50,3,5,54,75,2435323587,3978348,8719,8847,38.3325126,-80.0120922,8719,8631,8528,60,19,4,1,19,88,84,11,54,10,4,1,3,0,0,0,0,0,0,1,0,0,4,0,0,0,8719,68,8651,8564,8480,58,17,4,1,4,87,83,4,0,0,0,7159,7095,7006,55,16,4,1,13,64,64,0,0,0,0,7159,58,7101,7038,6964,54,14,4,1,1,63,63,0,0,0,0,8847,3758,5089
Preston County,WV,50,3,5,54,77,1680396095,6692224,33520,15097,39.4690296,-79.6688649,33520,33259,32724,361,63,48,10,53,261,238,64,125,18,11,12,3,1,0,0,1,0,2,0,0,1,23,0,0,0,33520,229,33291,33049,32557,360,61,48,10,13,242,223,19,0,0,0,26968,26799,26316,343,49,38,9,44,169,158,11,0,0,0,26968,185,26783,26618,26173,343,48,38,9,7,165,155,10,0,0,0,15097,12895,2202
Putnam County,WV,50,3,5,54,79,895279233,12250003,55486,23438,38.5105128,-81.906109,55486,54882,53684,490,121,410,24,153,604,577,227,195,91,14,34,5,1,1,3,3,0,0,1,2,0,22,5,0,0,55486,484,55002,54440,53377,478,115,409,24,37,562,541,17,4,0,0,42362,42092,41299,328,91,276,19,79,270,255,11,4,0,0,42362,289,42073,41818,41110,320,86,276,19,7,255,242,10,3,0,0,23438,21981,1457
Raleigh County,WV,50,3,5,54,81,1567850996,10350469,78859,35931,37.7624696,-81.2646711,78859,77491,69800,6468,194,718,23,288,1368,1297,531,419,138,19,68,57,12,1,14,3,1,1,10,23,0,60,10,1,0,78859,996,77863,76615,69246,6390,180,715,23,61,1248,1200,45,3,0,0,62479,61786,55611,5174,169,616,13,203,693,651,33,8,1,0,62479,729,61750,61122,55201,5121,157,613,13,17,628,601,25,2,0,0,35931,31831,4100
Randolph County,WV,50,3,5,54,83,2692760964,687610,29405,14189,38.7810865,-79.8677827,29405,29165,28614,344,66,100,0,41,240,230,67,95,37,8,12,0,1,0,1,3,0,0,0,5,1,10,0,0,0,29405,192,29213,28993,28474,343,63,99,0,14,220,215,5,0,0,0,23699,23559,23079,310,59,82,0,29,140,137,3,0,0,0,23699,124,23575,23445,22987,309,57,81,0,11,130,128,2,0,0,0,14189,11695,2494
Ritchie County,WV,50,3,5,54,85,1170650137,4423276,10449,5843,39.1771117,-81.0663167,10449,10370,10308,20,14,10,0,18,79,77,14,51,4,0,8,0,0,0,0,0,0,0,0,0,0,1,1,0,0,10449,55,10394,10323,10275,20,11,10,0,7,71,69,1,1,0,0,8241,8195,8156,16,8,6,0,9,46,44,1,1,0,0,8241,31,8210,8165,8133,16,7,6,0,3,45,43,1,1,0,0,5843,4367,1476
Roane County,WV,50,3,5,54,87,1252421705,404680,14926,7351,38.7430334,-81.354502,14926,14799,14682,19,25,40,3,30,127,120,27,56,22,3,5,4,0,0,0,0,0,0,0,3,0,5,1,1,0,14926,103,14823,14699,14613,19,25,38,1,3,124,117,5,1,1,0,11689,11614,11535,11,22,29,1,16,75,71,3,0,1,0,11689,63,11626,11554,11489,11,22,29,1,2,72,68,3,0,1,0,7351,6195,1156
Summers County,WV,50,3,5,54,89,933586742,18821425,13927,7680,37.6560029,-80.8563149,13927,13741,12957,664,40,31,0,49,186,175,68,68,19,2,5,7,2,0,0,0,1,0,0,0,3,11,0,0,0,13927,189,13738,13560,12837,645,38,28,0,12,178,167,11,0,0,0,11404,11268,10561,610,36,26,0,35,136,127,9,0,0,0,11404,158,11246,11117,10463,593,34,24,0,3,129,120,9,0,0,0,7680,5572,2108
Taylor County,WV,50,3,5,54,91,447474960,7532811,16895,7541,39.3290724,-80.0456287,16895,16724,16481,125,39,60,0,19,171,164,60,59,22,1,19,1,2,0,0,0,0,0,0,0,0,7,0,0,0,16895,143,16752,16602,16377,125,37,60,0,3,150,144,6,0,0,0,13381,13291,13086,108,33,49,0,15,90,84,6,0,0,0,13381,93,13288,13208,13017,108,31,49,0,3,80,75,5,0,0,0,7541,6778,763
Tucker County,WV,50,3,5,54,93,1085004058,5528958,7141,5346,39.1111751,-79.5599678,7141,7095,7051,11,16,8,1,8,46,42,10,19,2,3,4,0,0,0,0,4,0,0,0,0,0,4,0,0,0,7141,41,7100,7058,7024,11,11,8,1,3,42,38,4,0,0,0,5771,5745,5714,6,13,6,1,5,26,22,4,0,0,0,5771,26,5745,5721,5696,6,10,6,1,2,24,20,4,0,0,0,5346,3057,2289
Tyler County,WV,50,3,5,54,95,663797222,11403019,9208,5000,39.4659809,-80.8794934,9208,9159,9112,14,18,12,0,3,49,48,9,26,11,0,1,0,0,0,0,0,0,0,0,1,0,1,0,0,0,9208,49,9159,9113,9071,13,16,12,0,1,46,45,1,0,0,0,7283,7250,7224,2,13,10,0,1,33,33,0,0,0,0,7283,27,7256,7223,7199,2,12,10,0,0,33,33,0,0,0,0,5000,3858,1142
Upshur County,WV,50,3,5,54,97,918506909,302706,24254,11099,38.9025365,-80.2313352,24254,24016,23675,158,54,86,1,42,238,232,70,103,28,12,14,2,0,1,2,0,0,0,0,0,0,5,1,0,0,24254,250,24004,23783,23494,145,51,85,1,7,221,219,2,0,0,0,19250,19100,18828,131,43,76,1,21,150,147,2,1,0,0,19250,167,19083,18945,18705,122,40,75,1,2,138,137,1,0,0,0,11099,9619,1480
Wayne County,WV,50,3,5,54,99,1310486007,15878801,42481,19227,38.1455311,-82.4196977,42481,42161,41870,74,109,72,5,31,320,296,78,145,44,8,12,2,0,0,2,0,0,1,0,1,3,20,4,0,0,42481,218,42263,41968,41706,74,106,72,4,6,295,279,12,4,0,0,32959,32779,32563,51,89,53,3,20,180,168,8,4,0,0,32959,128,32831,32660,32464,51,86,53,3,3,171,161,6,4,0,0,19227,17347,1880
Webster County,WV,50,3,5,54,101,1433476012,7149523,9154,5428,38.4929846,-80.4302617,9154,9059,9027,14,6,5,1,6,95,93,19,59,9,0,5,0,0,0,0,0,0,0,0,1,0,2,0,0,0,9154,48,9106,9016,8989,14,6,5,1,1,90,88,2,0,0,0,7180,7117,7096,8,6,5,0,2,63,61,2,0,0,0,7180,22,7158,7096,7077,8,6,5,0,0,62,60,2,0,0,0,5428,3792,1636
Wetzel County,WV,50,3,5,54,103,927378346,8460754,16583,8173,39.5965743,-80.6343936,16583,16476,16371,24,14,40,1,26,107,106,28,51,11,5,6,0,5,0,0,0,0,0,0,0,0,1,0,0,0,16583,83,16500,16399,16319,24,12,40,1,3,101,100,1,0,0,0,13119,13051,12980,14,7,28,1,21,68,68,0,0,0,0,13119,63,13056,12991,12940,14,5,28,1,3,65,65,0,0,0,0,8173,6968,1205
Wirt County,WV,50,3,5,54,105,602195193,5845667,5717,3231,39.0200337,-81.3829749,5717,5664,5631,9,12,11,1,0,53,53,15,33,5,0,0,0,0,0,0,0,0,0,0,0,0,0,0,0,0,5717,26,5691,5642,5610,9,12,10,1,0,49,49,0,0,0,0,4516,4483,4459,7,8,8,1,0,33,33,0,0,0,0,4516,17,4499,4467,4444,7,8,7,1,0,32,32,0,0,0,0,3231,2391,840
Wood County,WV,50,3,5,54,107,948607826,27212735,86956,40215,39.2116786,-81.5159276,86956,85667,83846,958,187,471,30,175,1289,1194,515,373,141,35,74,22,7,4,8,2,0,3,5,4,1,83,8,4,0,86956,744,86212,85042,83352,940,184,468,28,70,1170,1095,66,5,4,0,67965,67346,66005,685,157,362,24,113,619,573,40,2,4,0,67965,473,67492,66923,65673,671,155,361,22,41,569,531,32,2,4,0,40215,36571,3644
Wyoming County,WV,50,3,5,54,109,1293577717,6126687,23796,10958,37.6037173,-81.5488841,23796,23547,23356,117,35,25,2,12,249,244,68,139,10,3,19,3,1,0,0,0,0,0,1,0,0,5,0,0,0,23796,105,23691,23451,23270,116,33,25,2,5,240,235,5,0,0,0,18682,18529,18382,92,26,17,2,10,153,151,2,0,0,0,18682,74,18608,18461,18324,91,24,17,2,3,147,145,2,0,0,0,10958,9687,1271
Adams County,WI,50,2,3,55,1,1672214172,111125910,20875,17436,43.9737629,-89.7672232,20875,20599,19409,633,205,82,4,266,276,262,45,96,29,3,59,7,4,1,8,1,2,3,1,1,2,14,0,0,0,20875,783,20092,19892,19013,611,179,80,4,5,200,189,11,0,0,0,17454,17286,16217,603,167,72,3,224,168,159,9,0,0,0,17454,588,16866,16740,15935,583,148,70,3,1,126,120,6,0,0,0,17436,8666,8770
Ashland County,WI,50,2,3,55,3,2706628242,3230607930,16157,9656,46.5462905,-90.6651539,16157,15620,13662,48,1791,59,4,56,537,524,25,402,29,0,15,30,1,0,1,3,0,13,4,1,0,13,0,0,0,16157,302,15855,15363,13534,47,1713,58,4,7,492,484,8,0,0,0,12413,12115,10791,30,1210,36,4,44,298,295,3,0,0,0,12413,167,12246,11961,10718,29,1169,35,4,6,285,283,2,0,0,0,9656,6736,2920
Barron County,WI,50,2,3,55,5,2234411472,70065655,45870,23614,45.4371917,-91.8528921,45870,45351,44076,407,406,223,3,236,519,502,108,198,84,8,58,19,0,6,7,2,0,6,0,4,2,16,1,0,0,45870,862,45008,44577,43567,397,380,220,3,10,431,415,15,1,0,0,35720,35481,34611,280,292,145,3,150,239,232,7,0,0,0,35720,494,35226,35025,34325,273,278,143,3,3,201,194,7,0,0,0,23614,19173,4441
Bayfield County,WI,50,2,3,55,7,3827647135,1460263062,15014,12999,46.6341992,-91.1772815,15014,14583,13024,46,1435,48,1,29,431,416,17,333,22,8,15,9,1,1,6,1,0,2,0,1,0,15,0,0,0,15014,158,14856,14448,12955,44,1393,48,1,7,408,398,10,0,0,0,12161,11920,10854,21,989,31,1,24,241,237,4,0,0,0,12161,91,12070,11840,10812,20,969,31,1,7,230,227,3,0,0,0,12999,6686,6313
Brown County,WI,50,2,3,55,9,1371938244,222741055,248007,104371,44.4739612,-87.9959258,248007,242604,214415,5491,6715,6724,104,9155,5403,5054,1458,1674,639,76,689,210,36,4,37,43,6,76,30,48,28,323,26,0,0,248007,17985,230022,225876,207702,5286,5968,6657,88,175,4146,3899,236,11,0,0,186184,184139,166179,3554,4517,4291,72,5526,2045,1944,93,8,0,0,186184,10066,176118,174525,162483,3449,4207,4253,60,73,1593,1520,68,5,0,0,104371,98383,5988
Buffalo County,WI,50,2,3,55,11,1739526593,98314066,13587,6664,44.3897593,-91.7587135,13587,13478,13253,37,38,28,0,122,109,101,14,47,13,2,14,3,7,0,0,0,0,0,1,0,0,8,0,0,0,13587,237,13350,13260,13135,35,37,27,0,26,90,88,2,0,0,0,10566,10510,10370,17,28,21,0,74,56,52,4,0,0,0,10566,136,10430,10380,10306,15,27,20,0,12,50,49,1,0,0,0,6664,5708,956
Burnett County,WI,50,2,3,55,13,2128575375,151213123,15457,15278,45.8652545,-92.3679775,15457,15084,14163,81,718,52,3,67,373,357,39,264,25,5,7,16,0,0,0,1,0,0,0,0,0,16,0,0,0,15457,194,15263,14913,14067,81,704,52,3,6,350,336,14,0,0,0,12375,12173,11552,35,517,30,3,36,202,195,7,0,0,0,12375,107,12268,12077,11496,35,508,30,3,5,191,185,6,0,0,0,15278,6807,8471
Calumet County,WI,50,2,3,55,15,824227417,204196417,48971,19695,44.0784104,-88.2121322,48971,48388,46187,246,203,1031,16,705,583,552,171,180,112,4,69,4,1,1,4,0,2,0,1,1,2,31,0,0,0,48971,1690,47281,46805,45325,236,179,1027,14,24,476,449,27,0,0,0,35733,35490,34158,143,146,624,11,408,243,232,11,0,0,0,35733,901,34832,34628,33709,138,137,621,10,13,204,195,9,0,0,0,19695,18575,1120
Chippewa County,WI,50,2,3,55,17,2611672690,85235029,62415,27185,45.0690918,-91.2835054,62415,61766,59504,982,310,774,14,182,649,610,202,223,108,1,44,6,2,2,7,4,0,3,2,4,2,38,1,0,0,62415,800,61615,61058,59028,961,272,770,11,16,557,528,28,1,0,0,47706,47417,45701,849,251,500,11,105,289,267,22,0,0,0,47706,503,47203,46958,45395,833,218,496,11,5,245,229,16,0,0,0,27185,24410,2775
Clark County,WI,50,2,3,55,19,3133407354,23235757,34690,15076,44.7335964,-90.6102007,34690,34500,33338,80,174,127,8,773,190,181,51,64,29,5,18,0,5,0,0,0,1,0,0,3,5,8,0,1,0,34690,1292,33398,33242,32865,73,163,127,7,7,156,151,4,0,1,0,24599,24517,23796,48,111,77,6,479,82,74,7,0,1,0,24599,770,23829,23761,23527,43,106,77,6,2,68,63,4,0,1,0,15076,12679,2397
Columbia County,WI,50,2,3,55,21,1982711486,78845739,56833,26137,43.4718818,-89.3304721,56833,56233,54468,717,277,301,29,441,600,577,165,193,110,19,63,4,2,1,2,6,1,0,8,0,3,18,5,0,0,56833,1444,55389,54895,53628,697,233,298,24,15,494,480,9,5,0,0,43566,43309,42013,604,198,199,18,277,257,250,5,2,0,0,43566,865,42701,42487,41505,589,173,197,16,7,214,209,3,2,0,0,26137,22735,3402
Crawford County,WI,50,2,3,55,23,1478001974,73945297,16644,8802,43.24991,-90.9512302,16644,16517,16080,296,39,63,3,36,127,117,25,54,11,9,7,2,0,0,0,0,0,0,6,1,2,10,0,0,0,16644,150,16494,16384,15991,288,36,63,3,3,110,104,6,0,0,0,12920,12855,12503,247,34,43,3,25,65,61,4,0,0,0,12920,96,12824,12764,12441,243,31,43,3,3,60,57,3,0,0,0,8802,6812,1990
Dane County,WI,50,2,3,55,25,3100835926,106205344,488073,216022,43.0674684,-89.4178523,488073,475973,413631,25347,1730,23035,166,12064,12100,11218,4590,1418,2843,120,1134,278,149,18,184,81,2,70,93,219,19,793,80,8,1,488073,28925,459148,449219,399488,24717,1338,22903,145,628,9929,9279,587,58,5,0,381989,376405,333498,16319,1285,17406,126,7771,5584,5177,359,40,7,1,381989,18237,363752,359290,324503,15982,1036,17314,115,340,4462,4161,272,25,4,0,216022,203750,12272
Dodge County,WI,50,2,3,55,27,2267857853,81401698,88759,37005,43.4227057,-88.7043791,88759,87882,83294,2381,385,472,41,1309,877,836,220,216,155,3,183,14,3,1,8,4,0,4,9,15,1,37,4,0,0,88759,3522,85237,84577,81325,2361,369,460,39,23,660,622,35,3,0,0,69180,68787,65128,2208,314,315,37,785,393,370,19,4,0,0,69180,2054,67126,66826,63961,2195,306,311,37,16,300,280,17,3,0,0,37005,33840,3165
Door County,WI,50,2,3,55,29,1248316135,4890602262,27785,23966,45.067808,-87.0879363,27785,27510,26839,144,162,112,4,249,275,254,56,133,22,0,26,8,0,1,2,0,0,2,1,3,0,18,0,3,0,27785,671,27114,26887,26483,139,142,112,4,7,227,208,17,0,2,0,22709,22567,22115,87,126,83,4,152,142,130,9,0,3,0,22709,401,22308,22188,21902,82,112,83,4,5,120,110,8,0,2,0,23966,12548,11418
Douglas County,WI,50,2,3,55,31,3377697851,454647037,44159,22825,46.4633156,-91.8925795,44159,42986,41166,486,868,376,8,82,1173,1106,249,647,121,13,43,17,2,0,0,8,0,2,4,0,0,58,7,2,0,44159,494,43665,42563,40854,475,838,370,7,19,1102,1042,54,6,0,0,34694,34099,32756,330,647,295,8,63,595,567,22,4,2,0,34694,284,34410,33843,32579,324,632,290,7,11,567,542,22,3,0,0,22825,18555,4270
Dunn County,WI,50,2,3,55,33,2201762202,35638625,43857,17964,44.9477408,-91.8977203,43857,43319,41545,220,168,1143,15,228,538,507,129,169,109,10,48,2,8,0,1,6,0,0,18,6,1,29,2,0,0,43857,626,43231,42761,41225,215,152,1141,15,13,470,445,24,1,0,0,34798,34537,33317,170,138,737,12,163,261,247,14,0,0,0,34798,408,34390,34159,33112,166,125,735,12,9,231,219,12,0,0,0,17964,16373,1591
Eau Claire County,WI,50,2,3,55,35,1652369085,18811805,98736,42151,44.7263547,-91.2864137,98736,97138,91946,874,471,3297,31,519,1598,1501,501,389,352,37,101,21,14,0,9,12,1,10,22,27,5,89,8,0,0,98736,1804,96932,95541,90918,837,430,3276,30,50,1391,1313,70,8,0,0,77864,77189,73800,561,363,2105,17,343,675,644,28,3,0,0,77864,1078,76786,76187,73172,545,334,2090,16,30,599,570,26,3,0,0,42151,39493,2658
Florence County,WI,50,2,3,55,37,1264419915,24160218,4423,4780,45.8496459,-88.4003217,4423,4375,4306,10,31,13,1,14,48,45,3,30,11,1,0,0,0,0,0,0,0,0,0,0,0,3,0,0,0,4423,37,4386,4341,4287,10,30,13,1,0,45,42,3,0,0,0,3649,3622,3571,7,25,12,1,6,27,27,0,0,0,0,3649,19,3630,3604,3560,7,24,12,1,0,26,26,0,0,0,0,4780,1987,2793
Fond du Lac County,WI,50,2,3,55,39,1863633125,119883005,101633,43910,43.7547219,-88.493284,101633,100319,95674,1305,471,1148,21,1700,1314,1221,431,346,191,16,175,11,4,1,13,1,0,9,16,3,4,91,2,0,0,101633,4368,97265,96236,93398,1226,422,1129,16,45,1029,963,64,2,0,0,78589,78049,74973,898,371,697,20,1090,540,509,29,2,0,0,78589,2597,75992,75564,73638,858,340,685,15,28,428,403,23,2,0,0,43910,40697,3213
Forest County,WI,50,2,3,55,41,2626421270,83551459,9304,8970,45.6668822,-88.7732251,9304,9078,7690,76,1256,13,11,32,226,220,9,176,6,9,8,6,0,0,1,2,0,0,2,1,0,6,0,0,0,9304,138,9166,8957,7646,71,1213,12,11,4,209,203,6,0,0,0,7261,7151,6251,59,801,11,9,20,110,105,5,0,0,0,7261,79,7182,7079,6222,55,781,10,9,2,103,98,5,0,0,0,8970,3836,5134
Grant County,WI,50,2,3,55,43,2970324643,94521211,51208,21581,42.8700621,-90.6953683,51208,50884,49655,588,103,312,5,221,324,313,98,101,67,6,20,4,0,1,0,1,0,0,4,9,2,9,2,0,0,51208,649,50559,50271,49296,573,89,300,4,9,288,280,8,0,0,0,40322,40145,39156,498,86,241,2,162,177,170,6,1,0,0,40322,442,39880,39721,38922,484,72,232,2,9,159,154,5,0,0,0,21581,19396,2185
Green County,WI,50,2,3,55,45,1512440867,1315724,36842,15856,42.6777275,-89.605639,36842,36497,35593,140,65,198,11,490,345,319,115,74,67,4,53,0,0,0,1,0,0,0,3,1,1,26,0,0,0,36842,1033,35809,35521,35113,137,50,197,9,15,288,269,19,0,0,0,27889,27763,27179,86,47,117,8,326,126,112,14,0,0,0,27889,616,27273,27164,26912,84,38,116,6,8,109,96,13,0,0,0,15856,14866,990
Green Lake County,WI,50,2,3,55,47,905037501,79929990,19051,10616,43.7614097,-88.9872277,19051,18927,18428,88,52,86,5,268,124,114,22,45,15,4,18,1,0,0,0,0,0,1,4,4,0,10,0,0,0,19051,743,18308,18211,17990,79,46,85,5,6,97,88,9,0,0,0,14663,14596,14290,57,44,55,4,146,67,61,6,0,0,0,14663,430,14233,14181,14027,55,40,54,4,1,52,46,6,0,0,0,10616,7919,2697
Iowa County,WI,50,2,3,55,49,1975072643,13869428,23687,10719,43.0010208,-90.1336915,23687,23486,23127,87,36,129,5,102,201,181,64,53,36,6,18,1,0,0,1,0,0,0,1,1,0,19,1,0,0,23687,336,23351,23166,22904,86,35,124,5,12,185,168,16,1,0,0,17798,17714,17486,49,27,89,4,59,84,77,7,0,0,0,17798,172,17626,17550,17377,48,26,88,4,7,76,71,5,0,0,0,10719,9547,1172
Iron County,WI,50,2,3,55,51,1963660997,416963329,5916,5999,46.32655,-90.2612985,5916,5860,5790,3,36,18,0,13,56,55,9,37,5,0,0,2,0,0,1,0,0,1,0,0,0,1,0,0,0,5916,35,5881,5826,5772,3,33,18,0,0,55,54,1,0,0,0,4935,4900,4853,2,26,11,0,8,35,34,1,0,0,0,4935,18,4917,4882,4845,2,24,11,0,0,35,34,1,0,0,0,5999,2822,3177
Jackson County,WI,50,2,3,55,53,2558182292,32520538,20449,9727,44.3248946,-90.8065413,20449,20146,18258,400,1271,53,20,144,303,286,34,162,25,20,26,3,0,0,1,3,0,2,9,1,0,17,0,0,0,20449,519,19930,19667,17987,390,1211,51,19,9,263,250,13,0,0,0,15818,15684,14326,378,831,37,18,94,134,130,4,0,0,0,15818,325,15493,15376,14148,368,801,35,17,7,117,116,1,0,0,0,9727,7843,1884
Jefferson County,WI,50,2,3,55,55,1441259924,68019815,83686,35147,43.0138065,-88.7739855,83686,82627,78632,681,257,560,18,2479,1059,1004,264,266,187,13,226,12,3,0,6,8,0,10,1,5,3,46,6,3,0,83686,5555,78131,77364,75903,628,212,551,13,57,767,725,35,4,3,0,63829,63315,60715,462,188,393,12,1545,514,494,17,2,1,0,63829,3291,60538,60165,59160,432,157,388,9,19,373,358,13,1,1,0,35147,32117,3030
Juneau County,WI,50,2,3,55,57,1986327042,96096159,26664,14669,43.9328362,-90.1139837,26664,26342,25077,557,398,115,7,188,322,310,61,124,52,1,56,4,0,0,1,2,0,7,0,1,1,11,1,0,0,26664,687,25977,25738,24706,545,361,113,4,9,239,230,8,1,0,0,20991,20835,19834,508,280,81,6,126,156,151,4,1,0,0,20991,428,20563,20442,19592,500,260,79,4,7,121,117,3,1,0,0,14669,10527,4142
Kenosha County,WI,50,2,3,55,59,704452046,1248438057,166426,69288,42.5797028,-87.4248983,166426,161644,139416,11052,814,2393,89,7880,4782,4468,1689,680,630,45,898,109,64,15,175,15,0,26,21,79,22,287,18,9,0,166426,19592,146834,143647,129892,10655,513,2343,67,177,3187,2987,187,6,7,0,123597,121692,107394,7014,568,1787,66,4863,1905,1786,102,11,6,0,123597,11357,112240,110913,101744,6846,390,1764,52,117,1327,1242,77,4,4,0,69288,62650,6638
Kewaunee County,WI,50,2,3,55,61,887118289,1921198771,20574,9304,44.5009489,-87.1618133,20574,20385,19955,69,77,60,5,219,189,170,33,89,22,3,17,2,0,0,0,0,0,0,3,0,1,16,2,1,0,20574,463,20111,19941,19724,63,75,59,5,15,170,153,14,2,1,0,15725,15636,15375,48,46,37,4,126,89,80,9,0,0,0,15725,245,15480,15395,15256,43,44,36,4,12,85,76,9,0,0,0,9304,8239,1065
La Crosse County,WI,50,2,3,55,63,1169862598,73139930,114638,48402,43.9082222,-91.1117584,114638,112784,105540,1610,493,4742,28,371,1854,1737,687,397,399,20,117,9,9,1,15,27,2,4,15,32,3,113,2,0,2,114638,1741,112897,111247,104417,1553,438,4727,27,85,1650,1564,84,2,0,0,90176,89416,84708,1036,361,3023,22,266,760,710,47,1,0,2,90176,1089,89087,88408,83999,1004,328,3012,22,43,679,643,35,1,0,0,48402,46137,2265
Lafayette County,WI,50,2,3,55,65,1640985371,2539100,16836,7230,42.6555782,-90.1302916,16836,16740,16292,39,48,58,0,303,96,93,18,41,21,0,10,0,1,0,2,0,0,0,0,0,0,3,0,0,0,16836,522,16314,16234,16102,39,36,57,0,0,80,77,3,0,0,0,12487,12442,12171,18,26,35,0,192,45,42,3,0,0,0,12487,322,12165,12126,12053,18,21,34,0,0,39,36,3,0,0,0,7230,6609,621
Langlade County,WI,50,2,3,55,67,2254946857,44657283,19977,12360,45.2592039,-89.0681897,19977,19693,19267,72,191,62,1,100,284,275,64,140,25,5,34,1,0,0,0,0,0,6,0,0,0,9,0,0,0,19977,324,19653,19418,19109,70,172,62,0,5,235,228,7,0,0,0,15762,15633,15338,45,142,43,0,65,129,126,3,0,0,0,15762,166,15596,15486,15264,44,132,43,0,3,110,107,3,0,0,0,12360,8587,3773
Lincoln County,WI,50,2,3,55,69,2276530049,72588161,28743,16784,45.3383191,-89.7420823,28743,28451,27929,157,100,124,10,131,292,275,62,109,39,11,44,3,1,0,0,1,0,1,0,4,0,17,0,0,0,28743,340,28403,28152,27763,152,89,124,10,14,251,234,17,0,0,0,22441,22306,22012,54,64,91,10,75,135,132,3,0,0,0,22441,182,22259,22139,21916,53,60,91,10,9,120,117,3,0,0,0,16784,12094,4690
Manitowoc County,WI,50,2,3,55,71,1525716187,2343921717,81442,37189,44.1051076,-87.3138281,81442,80423,76402,442,450,2050,10,1069,1019,965,203,309,189,22,158,11,0,0,9,11,0,9,6,31,7,53,1,0,0,81442,2565,78877,78105,75210,412,395,2027,10,51,772,732,40,0,0,0,63232,62837,60429,253,317,1204,8,626,395,376,19,0,0,0,63232,1366,61866,61541,59800,230,284,1192,8,27,325,308,17,0,0,0,37189,34013,3176
Marathon County,WI,50,2,3,55,73,4001488029,81139058,134063,57734,44.8980363,-89.757823,134063,132322,122446,841,634,7146,32,1223,1741,1627,439,420,398,34,154,13,22,1,10,50,1,8,20,55,2,105,9,0,0,134063,2992,131071,129590,121007,820,566,7107,25,65,1481,1402,71,8,0,0,101194,100573,94877,475,429,4028,25,739,621,573,46,2,0,0,101194,1675,99519,98993,94081,465,392,4005,22,28,526,496,28,2,0,0,57734,53176,4558
Marinette County,WI,50,2,3,55,75,3624293202,390213400,41749,30379,45.3468989,-87.991198,41749,41308,40559,108,238,218,9,176,441,423,83,193,86,17,28,4,0,0,0,1,0,5,5,1,0,18,0,0,0,41749,522,41227,40827,40260,106,216,217,8,20,400,385,15,0,0,0,33182,32940,32403,67,183,157,9,121,242,234,8,0,0,0,33182,330,32852,32632,32221,65,172,156,8,10,220,214,6,0,0,0,30379,17974,12405
Marquette County,WI,50,2,3,55,77,1180003730,22524386,15404,9896,43.8260529,-89.4090953,15404,15277,14920,77,86,68,0,126,127,122,29,46,14,1,31,0,0,1,0,0,0,0,0,0,0,4,1,0,0,15404,391,15013,14925,14697,75,81,68,0,4,88,85,2,1,0,0,12319,12259,12020,49,61,47,0,82,60,57,2,1,0,0,12319,211,12108,12060,11900,49,60,47,0,4,48,46,1,1,0,0,9896,6571,3325
Menominee County,WI,50,2,3,55,78,926201079,19038425,4232,2253,44.9913041,-88.6692512,4232,4178,451,19,3701,1,0,6,54,49,1,40,0,0,0,3,0,0,0,4,0,1,0,0,0,5,0,0,0,4232,178,4054,4005,447,19,3538,1,0,0,49,45,4,0,0,0,2853,2826,425,9,2385,1,0,6,27,26,1,0,0,0,2853,80,2773,2749,423,9,2316,1,0,0,24,24,0,0,0,0,2253,1318,935
Milwaukee County,WI,50,2,3,55,79,625228895,2455664378,947735,418053,43.0176546,-87.4815749,947735,919442,574656,253764,6808,32422,363,51429,28293,25996,10014,3208,3308,189,4680,1660,512,145,1178,122,9,229,146,472,124,2134,151,10,2,947735,126039,821696,802406,514958,248794,5212,32007,296,1139,19290,17723,1474,88,5,0,711358,698236,470561,167833,4798,22425,266,32353,13122,12081,968,64,7,2,711358,77116,634242,625301,433061,165336,3866,22195,226,617,8941,8183,716,38,4,0,418053,383591,34462
Monroe County,WI,50,2,3,55,81,2332998070,19275338,44673,19204,43.9451751,-90.6199687,44673,44055,41940,512,510,289,40,764,618,584,159,192,91,11,83,19,3,1,10,2,0,0,1,11,1,32,2,0,0,44673,1661,43012,42535,41260,475,464,281,40,15,477,458,17,2,0,0,33003,32746,31389,348,333,190,27,459,257,247,10,0,0,0,33003,881,32122,31914,31038,334,317,189,27,9,208,202,6,0,0,0,19204,17376,1828
Oconto County,WI,50,2,3,55,83,2584775696,390589546,37660,23537,44.9965754,-88.2065162,37660,37272,36418,73,467,111,5,198,388,369,55,230,35,4,31,4,0,0,1,1,0,1,2,4,1,16,0,3,0,37660,519,37141,36802,36167,68,443,110,3,11,339,328,8,0,3,0,29228,29035,28445,42,323,85,5,135,193,184,8,0,1,0,29228,297,28931,28751,28308,39,309,84,3,8,180,174,5,0,1,0,23537,15415,8122
Oneida County,WI,50,2,3,55,85,2882578692,318622517,35998,30125,45.7137913,-89.5366933,35998,35537,34787,152,323,188,5,82,461,441,67,264,58,16,28,1,0,0,0,0,0,4,2,1,0,16,0,4,0,35998,385,35613,35200,34560,150,295,188,5,2,413,396,13,0,4,0,29359,29111,28589,119,226,124,3,50,248,239,6,0,3,0,29359,215,29144,28912,28454,117,212,124,3,2,232,224,5,0,3,0,30125,16003,14122
Outagamie County,WI,50,2,3,55,87,1651177709,18299478,176695,73149,44.4182258,-88.4649883,176695,173978,161238,1736,2982,5229,65,2728,2717,2552,759,797,467,42,287,48,15,3,16,31,1,23,13,43,7,153,8,4,0,176695,6359,170336,168126,158366,1682,2719,5208,55,96,2210,2086,115,5,4,0,132271,131159,123018,1093,2051,3243,49,1705,1112,1055,50,4,3,0,132271,3663,128608,127697,121384,1060,1936,3231,43,43,911,870,36,2,3,0,73149,69648,3501
Ozaukee County,WI,50,2,3,55,89,603666538,2287271020,86395,36267,43.360715,-87.4965534,86395,85407,82010,1177,208,1509,20,483,988,911,252,193,304,18,78,12,9,2,3,4,0,2,12,20,2,74,2,1,0,86395,1956,84439,83586,80689,1144,174,1505,20,54,853,785,66,2,0,0,66023,65592,63294,840,145,1003,17,293,431,396,32,2,1,0,66023,1140,64883,64511,62520,822,130,1000,17,22,372,340,30,2,0,0,36267,34228,2039
Pepin County,WI,50,2,3,55,91,600833973,43282761,7469,3579,44.6274362,-91.8348898,7469,7426,7337,21,19,13,1,35,43,43,6,20,10,1,4,0,0,0,0,0,0,0,0,1,1,0,0,0,0,7469,72,7397,7358,7305,18,17,13,1,4,39,39,0,0,0,0,5765,5743,5676,13,16,11,1,26,22,22,0,0,0,0,5765,47,5718,5698,5658,11,14,11,1,3,20,20,0,0,0,0,3579,3051,528
Pierce County,WI,50,2,3,55,93,1485999482,46945602,41019,16132,44.7253365,-92.4262793,41019,40506,39614,232,151,301,7,201,513,488,136,168,108,9,38,0,9,1,0,3,5,3,3,3,2,25,0,0,0,41019,623,40396,39956,39264,223,141,299,5,24,440,421,19,0,0,0,31860,31634,30997,156,98,237,3,143,226,218,8,0,0,0,31860,402,31458,31261,30766,152,90,235,3,15,197,191,6,0,0,0,16132,15002,1130
Polk County,WI,50,2,3,55,95,2367150768,109933269,44205,24248,45.4680297,-92.4531541,44205,43749,42807,96,454,159,7,226,456,421,112,182,76,2,34,7,1,0,0,0,0,1,5,1,0,33,1,1,0,44205,656,43549,43162,42475,91,424,148,6,18,387,360,25,1,1,0,33705,33487,32876,60,296,105,4,146,218,202,14,1,1,0,33705,384,33321,33127,32677,56,280,97,4,13,194,179,13,1,1,0,24248,18004,6244
Portage County,WI,50,2,3,55,97,2073747839,56926153,70019,30054,44.4762457,-89.4980699,70019,69158,65981,383,265,1969,14,546,861,828,251,204,182,13,124,17,6,2,3,7,0,2,10,7,0,32,1,0,0,70019,1853,68166,67483,64897,362,222,1955,12,35,683,650,32,1,0,0,55472,55050,52953,270,196,1256,10,365,422,406,16,0,0,0,55472,1091,54381,54031,52322,256,174,1250,9,20,350,334,16,0,0,0,30054,27814,2240
Price County,WI,50,2,3,55,99,3248817969,62273299,14159,11120,45.6790724,-90.3596497,14159,14011,13750,39,54,62,64,42,148,144,19,92,20,2,6,1,3,0,0,0,0,0,0,0,1,4,0,0,0,14159,153,14006,13874,13661,34,50,58,64,7,132,130,2,0,0,0,11460,11375,11214,14,44,43,34,26,85,85,0,0,0,0,11460,84,11376,11299,11164,11,41,42,34,7,77,77,0,0,0,0,11120,6329,4791
Racine County,WI,50,2,3,55,101,861173331,1190399042,195408,82164,42.7540747,-87.414676,195408,190499,155731,21767,781,2121,53,10046,4909,4594,2060,652,408,40,922,135,38,17,190,7,1,32,23,43,26,296,16,3,0,195408,22546,172862,169589,145414,21212,614,2081,40,228,3273,3095,169,7,2,0,146898,144936,121861,14791,610,1525,41,6108,1962,1822,132,6,2,0,146898,13289,133609,132289,115625,14558,488,1502,30,86,1320,1234,81,4,1,0,82164,75651,6513
Richland County,WI,50,2,3,55,103,1518123695,8153431,18021,8868,43.3761994,-90.4356927,18021,17886,17540,82,46,95,4,119,135,133,37,48,23,1,17,5,1,0,0,0,0,0,0,1,0,2,0,0,0,18021,360,17661,17540,17315,79,44,88,4,10,121,119,2,0,0,0,13821,13758,13535,42,32,70,1,78,63,62,1,0,0,0,13821,205,13616,13558,13417,41,30,64,1,5,58,57,1,0,0,0,8868,7349,1519
Rock County,WI,50,2,3,55,105,1859980029,20625910,160331,68422,42.6699307,-89.0751194,160331,156624,140513,7978,516,1630,39,5948,3707,3513,1570,584,461,43,614,74,20,7,52,11,2,16,22,16,21,171,22,1,0,160331,12124,148207,145438,135526,7766,383,1603,35,125,2769,2647,112,9,1,0,120148,118790,108427,5270,381,1176,27,3509,1358,1289,58,11,0,0,120148,6722,113426,112428,105720,5169,292,1162,26,59,998,948,46,4,0,0,68422,62905,5517
Rusk County,WI,50,2,3,55,107,2366174321,44800571,14755,8883,45.472734,-91.1367448,14755,14612,14398,61,74,41,1,37,143,134,22,67,26,2,10,3,0,0,1,1,0,2,0,0,0,9,0,0,0,14755,173,14582,14454,14284,56,70,41,1,2,128,119,9,0,0,0,11440,11371,11233,26,50,34,1,27,69,67,2,0,0,0,11440,108,11332,11268,11158,25,49,34,1,1,64,62,2,0,0,0,8883,6232,2651
St. Croix County,WI,50,2,3,55,109,1870824361,34588261,84345,33983,45.0289589,-92.4472842,84345,83185,80914,552,313,900,23,483,1160,1080,295,287,318,7,132,9,2,3,3,0,2,6,7,7,2,79,1,0,0,84345,1692,82653,81670,79895,542,284,894,16,39,983,915,67,1,0,0,61462,61020,59587,342,219,546,21,305,442,418,24,0,0,0,61462,952,60510,60141,59021,333,209,542,14,22,369,348,21,0,0,0,33983,31799,2184
Sauk County,WI,50,2,3,55,111,2152025932,45881330,61976,29708,43.4279976,-89.943329,61976,61220,58588,357,769,337,13,1156,756,693,191,222,101,8,126,15,2,1,11,1,0,4,6,5,0,49,3,11,0,61976,2675,59301,58726,57331,330,690,332,13,30,575,531,41,3,0,0,47209,46899,45210,228,480,252,10,719,310,291,15,3,1,0,47209,1560,45649,45403,44473,210,443,248,10,19,246,229,14,3,0,0,29708,25192,4516
Sawyer County,WI,50,2,3,55,113,3256403571,240766843,16557,15975,45.8649127,-91.1471302,16557,16048,13123,77,2757,49,0,42,509,500,27,412,23,3,14,12,0,0,0,2,1,6,0,0,0,9,0,0,0,16557,268,16289,15800,13004,76,2669,49,0,2,489,480,9,0,0,0,13103,12802,10859,62,1817,29,0,35,301,299,2,0,0,0,13103,144,12959,12664,10799,61,1773,29,0,2,295,293,2,0,0,0,15975,7038,8937
Shawano County,WI,50,2,3,55,115,2313007314,42514240,41949,20720,44.7896407,-88.7558134,41949,41128,37254,143,3172,180,13,366,821,796,48,589,48,17,30,26,2,0,2,9,3,14,6,2,0,24,0,1,0,41949,905,41044,40307,36951,131,3025,180,12,8,737,724,13,0,0,0,32387,31974,29394,86,2111,132,10,241,413,407,5,0,1,0,32387,503,31884,31499,29227,80,2049,132,9,2,385,381,4,0,0,0,20720,17019,3701
Sheboygan County,WI,50,2,3,55,117,1324171349,1968280402,115507,50766,43.7460015,-87.7305455,115507,113631,103861,1684,444,5310,35,2297,1876,1786,513,369,299,11,427,17,6,1,27,22,1,15,30,41,7,89,1,0,0,115507,6329,109178,107889,100520,1605,392,5279,29,64,1289,1225,64,0,0,0,87925,87233,81235,1242,331,2991,29,1405,692,663,28,1,0,0,87925,3552,84373,83882,79347,1204,301,2974,24,32,491,469,22,0,0,0,50766,46390,4376
Taylor County,WI,50,2,3,55,119,2524917815,24721890,20689,10582,45.2116558,-90.5048529,20689,20541,20248,58,43,56,8,128,148,140,26,53,23,4,33,0,0,0,0,1,0,0,0,0,0,6,2,0,0,20689,316,20373,20268,20110,54,41,54,8,1,105,97,6,2,0,0,15600,15541,15350,27,40,39,7,78,59,53,5,1,0,0,15600,175,15425,15377,15269,25,39,37,7,0,48,42,5,1,0,0,10582,8388,2194
Trempealeau County,WI,50,2,3,55,121,1898370021,23371308,28816,12619,44.3030501,-91.3588668,28816,28568,27230,62,63,123,4,1086,248,244,42,68,20,2,95,2,0,0,1,0,0,0,2,7,5,4,0,0,0,28816,1667,27149,27007,26774,54,49,119,2,9,142,139,3,0,0,0,21831,21728,20848,38,46,87,3,706,103,102,1,0,0,0,21831,988,20843,20784,20622,36,39,84,2,1,59,59,0,0,0,0,12619,11524,1095
Vernon County,WI,50,2,3,55,123,2050180266,64301270,29773,13720,43.5998583,-90.8152256,29773,29499,29085,109,61,92,7,145,274,246,85,73,41,6,29,7,1,0,0,0,0,0,1,2,1,28,0,0,0,29773,394,29379,29142,28873,106,53,92,7,11,237,210,27,0,0,0,21895,21795,21532,65,45,61,5,87,100,93,7,0,0,0,21895,214,21681,21592,21414,64,42,61,5,6,89,82,7,0,0,0,13720,11616,2104
Vilas County,WI,50,2,3,55,125,2218594892,417610669,21430,25116,46.049848,-89.501254,21430,21170,18658,35,2370,61,1,45,260,252,30,149,33,4,27,4,0,0,0,0,0,2,1,0,2,7,1,0,0,21430,268,21162,20932,18546,31,2290,61,1,3,230,222,7,1,0,0,17621,17486,15891,24,1485,52,1,33,135,134,1,0,0,0,17621,157,17464,17337,15816,22,1443,52,1,3,127,126,1,0,0,0,25116,9658,15458
Walworth County,WI,50,2,3,55,127,1437771449,55507309,102228,51531,42.6681095,-88.5417306,102228,100715,93935,980,308,845,43,4604,1513,1421,331,340,237,15,403,6,4,1,31,1,0,12,7,28,5,89,1,2,0,102228,10578,91650,90709,88690,904,196,819,33,67,941,877,64,0,0,0,78228,77516,73125,722,215,598,29,2827,712,665,44,1,2,0,78228,6136,72092,71637,70164,683,152,583,25,30,455,420,35,0,0,0,51531,39699,11832
Washburn County,WI,50,2,3,55,129,2064513144,145566458,15911,12979,45.8924633,-91.7964225,15911,15679,15343,36,186,63,2,49,232,228,28,164,15,0,15,3,0,0,0,1,0,0,0,1,1,4,0,0,0,15911,208,15703,15490,15228,26,174,59,2,1,213,209,4,0,0,0,12679,12537,12301,24,132,43,2,35,142,140,2,0,0,0,12679,123,12556,12421,12231,18,128,41,2,1,135,133,2,0,0,0,12979,6916,6063
Washington County,WI,50,2,3,55,131,1115515204,13005075,131887,54695,43.391156,-88.2329166,131887,130370,126317,1155,401,1415,30,1052,1517,1443,486,312,320,13,213,21,11,0,13,4,0,8,13,23,6,69,2,0,3,131887,3385,128502,127282,124348,1115,345,1401,22,51,1220,1161,54,2,0,3,99510,98933,96408,684,269,923,20,629,577,546,27,2,0,2,99510,1839,97671,97204,95331,669,244,916,17,27,467,441,22,2,0,2,54695,51605,3090
Waukesha County,WI,50,2,3,55,133,1423388982,80346783,389891,160864,43.0193081,-88.3067069,389891,384836,363963,4914,1066,10721,131,4041,5055,4786,1340,889,1515,74,665,32,32,2,22,15,0,20,33,135,12,243,20,6,0,389891,16123,373768,369747,353114,4726,863,10675,117,252,4021,3826,177,13,5,0,296081,294027,280339,3026,725,7320,87,2530,2054,1930,106,13,5,0,296081,9486,286595,284948,273899,2945,626,7292,82,104,1647,1552,82,9,4,0,160864,152663,8201
Waupaca County,WI,50,2,3,55,135,1936566893,45301523,52410,25396,44.478004,-88.9670056,52410,51953,50916,154,258,194,6,425,457,441,78,201,61,6,74,0,2,0,0,2,0,5,2,10,0,16,0,0,0,52410,1307,51103,50747,50150,149,234,190,5,19,356,341,15,0,0,0,40540,40312,39635,98,185,132,6,256,228,223,5,0,0,0,40540,732,39808,39624,39216,95,173,130,5,5,184,179,5,0,0,0,25396,21387,4009
Waushara County,WI,50,2,3,55,137,1621729475,29151283,24496,14843,44.1128248,-89.239752,24496,24214,23012,454,131,94,14,509,282,261,58,109,39,0,53,0,0,0,0,0,0,2,0,0,0,14,7,0,0,24496,1329,23167,22977,22317,445,107,90,10,8,190,184,6,0,0,0,19662,19532,18634,431,108,69,11,279,130,124,4,2,0,0,19662,735,18927,18834,18231,428,97,66,9,3,93,92,1,0,0,0,14843,9949,4894
Winnebago County,WI,50,2,3,55,139,1125316243,373177955,166994,73329,44.0857068,-88.6681488,166994,164524,154445,2975,1036,3822,58,2188,2470,2332,764,558,491,24,305,30,14,7,45,17,1,24,21,29,2,128,7,3,0,166994,5784,161210,159241,151509,2856,941,3795,52,88,1969,1867,93,6,3,0,130862,129848,122894,2256,820,2484,47,1347,1014,959,50,3,2,0,130862,3275,127587,126770,121239,2199,768,2472,44,48,817,775,38,2,2,0,73329,67875,5454
Wood County,WI,50,2,3,55,141,2054162108,42280594,74749,34088,44.4614126,-90.0388252,74749,73949,71048,393,587,1319,9,593,800,765,246,217,119,9,115,6,0,0,14,3,1,7,1,25,2,33,2,0,0,74749,1680,73069,72439,70177,382,539,1304,8,29,630,611,17,2,0,0,57745,57430,55668,208,402,808,9,335,315,307,7,1,0,0,57745,921,56824,56570,55161,204,387,801,8,9,254,249,4,1,0,0,34088,31598,2490
Albany County,WY,50,4,8,56,1,11069193896,90515065,36299,17939,41.6655141,-105.7218826,36299,35328,32720,422,259,1021,21,885,971,935,144,279,243,23,196,3,1,1,7,2,0,13,9,10,4,36,0,0,0,36299,3202,33097,32454,30796,390,198,1005,17,48,643,622,21,0,0,0,30262,29650,27531,331,197,891,19,681,612,586,26,0,0,0,30262,2238,28024,27587,26192,312,152,880,15,36,437,420,17,0,0,0,17939,15691,2248
Big Horn County,WY,50,4,8,56,3,8125043730,56431663,11668,5379,44.5256543,-107.9933205,11668,11526,11009,26,100,39,2,350,142,135,10,70,12,6,30,0,0,0,3,1,0,3,0,0,0,7,0,0,0,11668,984,10684,10592,10435,25,89,37,2,4,92,88,4,0,0,0,8655,8568,8201,22,83,29,1,232,87,84,3,0,0,0,8655,588,8067,8005,7878,21,76,28,1,1,62,60,2,0,0,0,5379,4561,818
Campbell County,WY,50,4,8,56,5,12438959289,10357633,46133,18955,44.2413213,-105.5520294,46133,45165,42974,159,531,256,22,1223,968,944,118,399,138,26,215,9,2,0,2,4,1,19,6,1,4,23,1,0,0,46133,3611,42522,41873,41032,134,415,250,18,24,649,636,13,0,0,0,33151,32686,31185,120,359,215,14,793,465,454,10,1,0,0,33151,2148,31003,30674,30035,104,299,210,11,15,329,322,7,0,0,0,18955,17172,1783
Carbon County,WY,50,4,8,56,7,20454631972,171997295,15885,8576,41.7035904,-106.9331526,15885,15528,14103,116,160,109,14,1026,357,348,42,111,22,2,148,2,1,0,1,0,0,8,1,10,0,9,0,0,0,15885,2668,13217,13046,12683,109,121,103,13,17,171,164,7,0,0,0,12134,11940,10929,94,132,91,8,686,194,189,5,0,0,0,12134,1779,10355,10251,9956,89,99,89,7,11,104,100,4,0,0,0,8576,6388,2188
Converse County,WY,50,4,8,56,9,11020096419,26387174,13833,6403,42.9728389,-105.5073672,13833,13601,13160,46,106,41,7,241,232,219,31,101,26,5,41,1,0,0,6,2,0,2,1,3,0,11,2,0,0,13833,867,12966,12809,12632,43,88,41,1,4,157,148,9,0,0,0,10321,10211,9898,25,81,33,5,169,110,104,6,0,0,0,10321,533,9788,9701,9574,25,67,33,1,1,87,82,5,0,0,0,6403,5673,730
Crook County,WY,50,4,8,56,11,7392881785,28200383,7083,3595,44.5892657,-104.5672975,7083,7000,6884,14,48,11,0,43,83,82,9,50,9,1,13,0,0,0,0,0,0,0,0,0,0,1,0,0,0,7083,141,6942,6868,6794,14,46,11,0,3,74,73,1,0,0,0,5394,5349,5271,9,35,7,0,27,45,44,1,0,0,0,5394,88,5306,5266,5216,9,34,7,0,0,40,39,1,0,0,0,3595,2921,674
Fremont County,WY,50,4,8,56,13,23785968227,212130541,40123,17796,43.0553034,-108.605531,40123,38991,29813,101,8498,157,10,412,1132,1095,42,790,83,7,104,18,0,0,1,7,6,29,4,4,0,34,1,0,2,40123,2264,37859,36970,28677,86,8025,151,7,24,889,867,20,0,0,2,29911,29265,23612,66,5153,115,10,309,646,630,13,1,0,2,29911,1369,28542,28021,22895,61,4923,114,7,21,521,511,8,0,0,2,17796,15455,2341
Goshen County,WY,50,4,8,56,15,5763735931,17581153,13249,5972,42.08958,-104.3534821,13249,13086,12526,79,108,41,12,320,163,153,18,63,10,7,43,1,2,1,1,1,0,3,3,0,0,9,1,0,0,13249,1288,11961,11857,11651,70,91,32,10,3,104,99,4,1,0,0,10548,10450,10037,61,78,27,8,239,98,92,6,0,0,0,10548,860,9688,9622,9465,57,70,22,6,2,66,62,4,0,0,0,5972,5311,661
Hot Springs County,WY,50,4,8,56,17,5190573003,6008058,4812,2582,43.7208707,-108.4356515,4812,4740,4609,12,70,20,3,26,72,70,11,44,6,0,6,2,0,0,0,0,0,1,0,0,0,2,0,0,0,4812,105,4707,4647,4550,12,62,20,3,0,60,58,2,0,0,0,3848,3805,3716,7,51,14,2,15,43,41,2,0,0,0,3848,63,3785,3746,3680,7,43,14,2,0,39,37,2,0,0,0,2582,2185,397
Johnson County,WY,50,4,8,56,19,10759206119,52947847,8569,4553,44.0440477,-106.5885406,8569,8475,8267,14,92,38,0,64,94,92,10,53,7,4,13,2,0,0,1,1,0,0,0,1,0,0,0,2,0,8569,276,8293,8220,8092,14,72,36,0,6,73,71,0,0,2,0,6673,6622,6472,8,59,32,0,51,51,50,0,0,1,0,6673,172,6501,6455,6361,8,51,30,0,5,46,45,0,0,1,0,4553,3782,771
Laramie County,WY,50,4,8,56,21,6956479515,4269807,91738,40462,41.2928302,-104.660395,91738,88927,81205,2248,878,976,142,3478,2811,2628,649,676,469,56,514,41,36,4,61,16,5,41,19,33,8,166,15,1,1,91738,11978,79760,77947,74120,2063,595,935,119,115,1813,1710,97,6,0,0,69337,68005,62446,1654,651,778,105,2371,1332,1255,68,7,1,1,69337,7717,61620,60720,57800,1565,452,746,89,68,900,849,47,4,0,0,40462,37576,2886
Lincoln County,WY,50,4,8,56,23,10557126438,49925301,18106,8946,42.2287879,-110.6798417,18106,17884,17281,33,146,57,4,363,222,215,12,93,39,18,41,3,0,0,1,0,1,4,1,1,1,7,0,0,0,18106,781,17325,17158,16930,32,126,55,4,11,167,161,6,0,0,0,13002,12885,12499,13,94,46,3,230,117,114,3,0,0,0,13002,470,12532,12440,12290,12,82,45,3,8,92,89,3,0,0,0,8946,6861,2085
Natrona County,WY,50,4,8,56,25,13831446772,91460814,75450,33807,42.9736408,-106.7648769,75450,73640,70015,665,781,510,39,1630,1810,1705,423,536,201,61,340,15,12,1,28,3,3,45,13,17,7,97,7,1,0,75450,5231,70219,69002,67191,621,612,479,35,64,1217,1161,51,4,1,0,57430,56558,53911,478,588,395,32,1154,872,827,41,4,0,0,57430,3256,54174,53557,52166,451,490,379,28,43,617,586,30,1,0,0,33807,30616,3191
Niobrara County,WY,50,4,8,56,27,6801404307,4969500,2484,1338,43.062159,-104.4683727,2484,2445,2397,5,21,9,0,13,39,37,6,22,5,0,3,1,0,0,0,0,0,0,0,0,0,2,0,0,0,2484,52,2432,2396,2361,4,20,9,0,2,36,35,1,0,0,0,2014,1984,1945,4,20,7,0,8,30,28,2,0,0,0,2014,36,1978,1951,1921,3,19,7,0,1,27,26,1,0,0,0,1338,1069,269
Park County,WY,50,4,8,56,29,17979897617,65623799,28205,13562,44.4923865,-109.5935975,28205,27765,26951,56,168,166,25,399,440,416,43,191,78,17,67,6,1,2,1,1,0,5,3,1,0,24,0,0,0,28205,1365,26840,26490,26090,50,139,164,25,22,350,326,24,0,0,0,22294,22044,21436,42,123,141,19,283,250,236,14,0,0,0,22294,903,21391,21188,20879,36,102,139,19,13,203,189,14,0,0,0,13562,11885,1677
Platte County,WY,50,4,8,56,31,5398073678,69036446,8667,4667,42.1303194,-104.9608093,8667,8541,8268,28,38,32,5,170,126,123,16,44,24,2,36,0,0,0,0,0,0,1,0,0,0,1,2,0,0,8667,580,8087,8004,7908,25,29,31,5,6,83,80,1,2,0,0,6902,6824,6640,22,29,20,4,109,78,75,1,2,0,0,6902,371,6531,6477,6405,19,24,19,4,6,54,51,1,2,0,0,4667,3838,829
Sheridan County,WY,50,4,8,56,33,6537112725,7986343,29116,13939,44.7813692,-106.8812114,29116,28672,27782,107,359,192,23,209,444,423,37,207,83,14,60,9,1,2,1,0,1,4,4,0,0,18,2,1,0,29116,1013,28103,27751,27119,94,324,192,14,8,352,338,12,1,1,0,22631,22387,21719,79,244,157,21,167,244,232,9,2,1,0,22631,665,21966,21767,21300,68,220,157,14,8,199,191,6,1,1,0,13939,12360,1579
Sublette County,WY,50,4,8,56,35,12656072085,127357546,10247,5770,42.7679284,-109.9161701,10247,10106,9552,32,87,51,1,383,141,130,14,60,17,2,30,0,1,0,3,0,1,1,0,0,1,11,0,0,0,10247,712,9535,9425,9260,30,79,51,1,4,110,99,11,0,0,0,7819,7744,7338,29,66,43,1,267,75,71,4,0,0,0,7819,477,7342,7282,7148,27,59,43,1,4,60,56,4,0,0,0,5770,3906,1864
Sweetwater County,WY,50,4,8,56,37,27004896786,166887494,43806,18735,41.6603393,-108.8756762,43806,42786,38748,438,423,336,42,2799,1020,986,146,276,113,21,341,3,3,0,13,8,1,26,21,5,9,31,0,3,0,43806,6689,37117,36559,35432,415,317,324,41,30,558,540,15,0,3,0,31937,31451,28685,321,293,266,26,1860,486,471,12,0,3,0,31937,4206,27731,27454,26619,304,228,257,25,21,277,265,9,0,3,0,18735,16475,2260
Teton County,WY,50,4,8,56,39,10347983791,572265729,21294,12813,44.0493205,-110.5881023,21294,20946,18821,49,111,235,15,1715,348,325,32,83,79,7,92,2,0,0,2,0,0,15,11,2,0,23,0,0,0,21294,3191,18103,17893,17505,32,76,228,13,39,210,190,20,0,0,0,17218,16994,15456,41,90,181,13,1213,224,214,10,0,0,0,17218,2222,14996,14872,14578,29,68,177,11,9,124,115,9,0,0,0,12813,8973,3840
Uinta County,WY,50,4,8,56,41,5390449560,16341665,21118,8713,41.2847255,-110.5589468,21118,20694,19514,55,168,61,36,860,424,398,45,169,56,13,87,3,0,0,5,2,1,6,4,5,2,24,2,0,0,21118,1855,19263,18962,18696,48,123,59,34,2,301,282,17,2,0,0,14747,14526,13781,29,133,47,19,517,221,212,8,1,0,0,14747,1090,13657,13493,13303,25,100,45,18,2,164,159,4,1,0,0,8713,7668,1045
Washakie County,WY,50,4,8,56,43,5797814617,10762355,8533,3833,43.8788305,-107.669052,8533,8332,7795,22,93,48,1,373,201,191,24,73,7,5,67,0,1,0,1,0,0,5,0,2,6,10,0,0,0,8533,1162,7371,7278,7158,22,51,46,1,0,93,87,6,0,0,0,6361,6258,5895,18,64,38,1,242,103,97,6,0,0,0,6361,674,5687,5627,5531,18,41,36,1,0,60,55,5,0,0,0,3833,3492,341
Weston County,WY,50,4,8,56,45,6211020805,5001695,7208,3533,43.8462133,-104.5700202,7208,7087,6885,21,91,20,3,67,121,120,18,76,10,1,11,0,0,0,0,2,0,1,0,1,0,1,0,0,0,7208,216,6992,6889,6762,18,86,20,2,1,103,103,0,0,0,0,5635,5570,5418,17,70,16,2,47,65,64,1,0,0,0,5635,145,5490,5436,5338,15,65,16,1,1,54,54,0,0,0,0,3533,3021,512